-1.000000000000000000e+00 2.864408426298232779e+00
-9.949999999999999956e-01 2.829929639372913197e+00
-9.899999999999999911e-01 2.795607791710117862e+00
-9.849999999999999867e-01 2.761442644425606385e+00
-9.799999999999999822e-01 2.727434257938930795e+00
-9.749999999999999778e-01 2.693582691272659257e+00
-9.699999999999999734e-01 2.659887884996769980e+00
-9.649999999999999689e-01 2.626349958320552513e+00
-9.599999999999999645e-01 2.592968494069701091e+00
-9.549999999999999600e-01 2.559744088116040484e+00
-9.499999999999999556e-01 2.526676323459887907e+00
-9.449999999999999512e-01 2.493765438286991820e+00
-9.399999999999999467e-01 2.461011253899833218e+00
-9.349999999999999423e-01 2.428413770123789117e+00
-9.299999999999999378e-01 2.395973285273121700e+00
-9.249999999999999334e-01 2.363689262789612666e+00
-9.199999999999999289e-01 2.331562238707611368e+00
-9.149999999999999245e-01 2.299591975074199990e+00
-9.099999999999999201e-01 2.267778531435815648e+00
-9.049999999999999156e-01 2.236121788641376451e+00
-8.999999999999999112e-01 2.204621984469177232e+00
-8.949999999999999067e-01 2.173278821769109026e+00
-8.899999999999999023e-01 2.142092419110177115e+00
-8.849999999999998979e-01 2.111062896341955319e+00
-8.799999999999998934e-01 2.080189954742727831e+00
-8.749999999999998890e-01 2.049474011777838722e+00
-8.699999999999998845e-01 2.018914709994042322e+00
-8.649999999999998801e-01 1.988512347298147409e+00
-8.599999999999998757e-01 1.958266506515847771e+00
-8.549999999999998712e-01 1.928177723914323627e+00
-8.499999999999998668e-01 1.898245701412143438e+00
-8.449999999999998623e-01 1.868470320323886602e+00
-8.399999999999998579e-01 1.838851937578929840e+00
-8.349999999999998535e-01 1.809390136468628674e+00
-8.299999999999998490e-01 1.780085214725168674e+00
-8.249999999999998446e-01 1.750937232069609939e+00
-8.199999999999998401e-01 1.721945890478728591e+00
-8.149999999999998357e-01 1.693111189777901648e+00
-8.099999999999998312e-01 1.664433428281391292e+00
-8.049999999999998268e-01 1.635912546151722102e+00
-7.999999999999998224e-01 1.607548364633167415e+00
-7.949999999999998179e-01 1.579340883783934890e+00
-7.899999999999998135e-01 1.551290342022603630e+00
-7.849999999999998090e-01 1.523396500814179211e+00
-7.799999999999998046e-01 1.495659539089011281e+00
-7.749999999999998002e-01 1.468079337637810289e+00
-7.699999999999997957e-01 1.440655896169537931e+00
-7.649999999999997913e-01 1.413389215091647833e+00
-7.599999999999997868e-01 1.386279472985243677e+00
-7.549999999999997824e-01 1.359326491269221782e+00
-7.499999999999997780e-01 1.332530269536128520e+00
-7.449999999999997735e-01 1.305890748646980404e+00
-7.399999999999997691e-01 1.279408106950050472e+00
-7.349999999999997646e-01 1.253082285306355237e+00
-7.299999999999997602e-01 1.226913223762003957e+00
-7.249999999999997558e-01 1.200900981921641408e+00
-7.199999999999997513e-01 1.175045679343803107e+00
-7.149999999999997469e-01 1.149346838783877223e+00
-7.099999999999997424e-01 1.123805116125786929e+00
-7.049999999999997380e-01 1.098420094020603477e+00
-6.999999999999997335e-01 1.073191832189386963e+00
-6.949999999999997291e-01 1.048120270736454307e+00
-6.899999999999997247e-01 1.023205648604253559e+00
-6.849999999999997202e-01 9.984479058971015286e-01
-6.799999999999997158e-01 9.738468637428564501e-01
-6.749999999999997113e-01 9.494025816879553270e-01
-6.699999999999997069e-01 9.251151196280812394e-01
-6.649999999999997025e-01 9.009844175511357856e-01
-6.599999999999996980e-01 8.770107739460041296e-01
-6.549999999999996936e-01 8.531936519052220058e-01
-6.499999999999996891e-01 8.295335286151935827e-01
-6.449999999999996847e-01 8.060300462152195644e-01
-6.399999999999996803e-01 7.826835029613544714e-01
-6.349999999999996758e-01 7.594936602603962195e-01
-6.299999999999996714e-01 7.364605181705524695e-01
-6.249999999999996669e-01 7.135844343196918738e-01
-6.199999999999996625e-01 6.908650511381534409e-01
-6.149999999999996581e-01 6.683025472652485144e-01
-6.099999999999996536e-01 6.458967441198734116e-01
-6.049999999999996492e-01 6.236477606784870398e-01
-5.999999999999996447e-01 6.015556566621494961e-01
-5.949999999999996403e-01 5.796204321872761023e-01
-5.899999999999996358e-01 5.578419082071018886e-01
-5.849999999999996314e-01 5.362200251169820797e-01
-5.799999999999996270e-01 5.147552003822607469e-01
-5.749999999999996225e-01 4.934470763750692379e-01
-5.699999999999996181e-01 4.722958911647406888e-01
-5.649999999999996136e-01 4.513011683215705228e-01
-5.599999999999996092e-01 4.304635632056129646e-01
-5.549999999999996048e-01 4.097827183636223447e-01
-5.499999999999996003e-01 3.892585740163309049e-01
-5.449999999999995959e-01 3.688914285362084877e-01
-5.399999999999995914e-01 3.486809834925775897e-01
-5.349999999999995870e-01 3.286272986064983082e-01
-5.299999999999995826e-01 3.087304932618831765e-01
-5.249999999999995781e-01 2.889905076212567758e-01
-5.199999999999995737e-01 2.694073419174497497e-01
-5.149999999999995692e-01 2.499809363129866790e-01
-5.099999999999995648e-01 2.307114101335724365e-01
-5.049999999999995604e-01 2.115985847981033396e-01
-4.999999999999995559e-01 1.926425789919999909e-01
-4.949999999999995515e-01 1.738436315995027792e-01
-4.899999999999995470e-01 1.552013252716829550e-01
-4.849999999999995426e-01 1.367157193221469891e-01
-4.799999999999995381e-01 1.183870524605122876e-01
-4.749999999999995337e-01 1.002152651403417360e-01
-4.699999999999995293e-01 8.220011876843325016e-02
-4.649999999999995248e-01 6.434191142621836779e-02
-4.599999999999995204e-01 4.664052390440754509e-02
-4.549999999999995159e-01 2.909589659835599279e-02
-4.499999999999995115e-01 1.170808893808551049e-02
-4.449999999999995071e-01 -5.522958215387389902e-03
-4.399999999999995026e-01 -2.259712611843444491e-02
-4.349999999999994982e-01 -3.951435487537257457e-02
-4.299999999999994937e-01 -5.627488313761152411e-02
-4.249999999999994893e-01 -7.287871084694363955e-02
-4.199999999999994849e-01 -8.932553968910672548e-02
-4.149999999999994804e-01 -1.056157276412154067e-01
-4.099999999999994760e-01 -1.217490362264829207e-01
-4.049999999999994715e-01 -1.377253460609967339e-01
-3.999999999999994671e-01 -1.535450746101009178e-01
-3.949999999999994627e-01 -1.692079236177409518e-01
-3.899999999999994582e-01 -1.847137740492502678e-01
-3.849999999999994538e-01 -2.000628643232079673e-01
-3.799999999999994493e-01 -2.152554327999854911e-01
-3.749999999999994449e-01 -2.302908832585121024e-01
-3.699999999999994404e-01 -2.451696331641318727e-01
-3.649999999999994360e-01 -2.598915633657629121e-01
-3.599999999999994316e-01 -2.744567332934270132e-01
-3.549999999999994271e-01 -2.888649641913975108e-01
-3.499999999999994227e-01 -3.031163752689639557e-01
-3.449999999999994182e-01 -3.172109068050662506e-01
-3.399999999999994138e-01 -3.311487975093218017e-01
-3.349999999999994094e-01 -3.449299278814027536e-01
-3.299999999999994049e-01 -3.585538808052110005e-01
-3.249999999999994005e-01 -3.720214311993362832e-01
-3.199999999999993960e-01 -3.853320426219756234e-01
-3.149999999999993916e-01 -3.984855955728011656e-01
-3.099999999999993872e-01 -4.114823885406980741e-01
-3.049999999999993827e-01 -4.243226595367918241e-01
-2.999999999999993783e-01 -4.370058725267330635e-01
-2.949999999999993738e-01 -4.495322654634396065e-01
-2.899999999999993694e-01 -4.619017789750973213e-01
-2.849999999999993650e-01 -4.741147111431377459e-01
-2.799999999999993605e-01 -4.861706447932551134e-01
-2.749999999999993561e-01 -4.980698776576349962e-01
-2.699999999999993516e-01 -5.098120524576547075e-01
-2.649999999999993472e-01 -5.213976456812264848e-01
-2.599999999999993427e-01 -5.328264190843942094e-01
-2.549999999999993383e-01 -5.440983727835732031e-01
-2.499999999999993339e-01 -5.552132681273537207e-01
-2.449999999999993294e-01 -5.661714628600197363e-01
-2.399999999999993250e-01 -5.769728974933417964e-01
-2.349999999999993205e-01 -5.876175121316368211e-01
-2.299999999999993161e-01 -5.981053666705878902e-01
-2.249999999999993117e-01 -6.084362821216376949e-01
-2.199999999999993072e-01 -6.186104374151358831e-01
-2.149999999999993028e-01 -6.286277131671699214e-01
-2.099999999999992983e-01 -6.384882289362753260e-01
-2.049999999999992939e-01 -6.481918650475012589e-01
-1.999999999999992895e-01 -6.577386219083013463e-01
-1.949999999999992850e-01 -6.671286780415716100e-01
-1.899999999999992806e-01 -6.763618547497930455e-01
-1.849999999999992761e-01 -6.854382712422552038e-01
-1.799999999999992717e-01 -6.943578679725209701e-01
-1.749999999999992673e-01 -7.031205255566778112e-01
-1.699999999999992628e-01 -7.117265423089879084e-01
-1.649999999999992584e-01 -7.201756199151890803e-01
-1.599999999999992539e-01 -7.284678179799261022e-01
-1.549999999999992495e-01 -7.366033156081716049e-01
-1.499999999999992450e-01 -7.445819336367452967e-01
-1.449999999999992406e-01 -7.524035533220189143e-01
-1.399999999999992362e-01 -7.600684721051397252e-01
-1.349999999999992317e-01 -7.675768096610585678e-01
-1.299999999999992273e-01 -7.749280888615789342e-01
-1.249999999999992228e-01 -7.821225483581105697e-01
-1.199999999999992184e-01 -7.891602474060522843e-01
-1.149999999999992140e-01 -7.960411269828359115e-01
-1.099999999999992095e-01 -8.027651864481771815e-01
-1.049999999999992051e-01 -8.093323666630926061e-01
-9.999999999999920064e-02 -8.157427865458334315e-01
-9.499999999999919620e-02 -8.219963270617330897e-01
-8.999999999999919176e-02 -8.280930477572286952e-01
-8.499999999999918732e-02 -8.340329486323202479e-01
-7.999999999999918288e-02 -8.398162085009420741e-01
-7.499999999999917843e-02 -8.454424100723730851e-01
-6.999999999999917399e-02 -8.509118514862524796e-01
-6.499999999999916955e-02 -8.562245326843725968e-01
-5.999999999999916511e-02 -8.613801556435095597e-01
-5.499999999999916067e-02 -8.663791972008215714e-01
-4.999999999999915623e-02 -8.712212996120246578e-01
-4.499999999999915179e-02 -8.759066419238837886e-01
-3.999999999999914735e-02 -8.804352239035683203e-01
-3.499999999999914291e-02 -8.848068671445975530e-01
-2.999999999999913847e-02 -8.890216307277473140e-01
-2.499999999999913403e-02 -8.930798129090721238e-01
-1.999999999999912959e-02 -8.969809368514137793e-01
-1.499999999999912514e-02 -9.007254794501381445e-01
-9.999999999999120703e-03 -9.043129638680870164e-01
-4.999999999999116262e-03 -9.077436878956536281e-01
8.881784197001252323e-16 -9.110175923356468308e-01
5.000000000000781597e-03 -9.141347958152795661e-01
1.000000000000089706e-02 -9.170951200444864559e-01
1.500000000000101252e-02 -9.198984458139779496e-01
2.000000000000090594e-02 -9.225453092163110602e-01
2.500000000000079936e-02 -9.250349951703714657e-01
3.000000000000091482e-02 -9.273679805715250302e-01
3.500000000000103029e-02 -9.295442653033564318e-01
4.000000000000092371e-02 -9.315635514590571153e-01
4.500000000000081712e-02 -9.334260773407908607e-01
5.000000000000093259e-02 -9.351315450417491126e-01
5.500000000000104805e-02 -9.366804908873195279e-01
6.000000000000094147e-02 -9.380725571914257932e-01
6.500000000000083489e-02 -9.393078635126034248e-01
7.000000000000095035e-02 -9.403862307458797920e-01
7.500000000000106581e-02 -9.413077781005444455e-01
8.000000000000095923e-02 -9.420725651812421608e-01
8.500000000000085265e-02 -9.426805326161588061e-01
9.000000000000096811e-02 -9.431315013585294116e-01
9.500000000000108358e-02 -9.434258290944302905e-01
1.000000000000009770e-01 -9.435633964399489093e-01
1.050000000000008704e-01 -9.435439653839597929e-01
1.100000000000009859e-01 -9.433677143329436410e-01
1.150000000000011013e-01 -9.430347030661682117e-01
1.200000000000009948e-01 -9.425449913629012633e-01
1.250000000000008882e-01 -9.418982809088806141e-01
1.300000000000010036e-01 -9.410948699601607847e-01
1.350000000000011191e-01 -9.401345197489167083e-01
1.400000000000010125e-01 -9.390174095547439981e-01
1.450000000000009059e-01 -9.377435985748338032e-01
1.500000000000010214e-01 -9.363127294723557759e-01
1.550000000000011369e-01 -9.347252788516374755e-01
1.600000000000010303e-01 -9.329807701083513427e-01
1.650000000000009237e-01 -9.310794414282458353e-01
1.700000000000010392e-01 -9.290215314627306986e-01
1.750000000000011546e-01 -9.268065632000247467e-01
1.800000000000010481e-01 -9.244349539308490682e-01
1.850000000000009415e-01 -9.219063460273350108e-01
1.900000000000010569e-01 -9.192210970009359050e-01
1.950000000000011724e-01 -9.163790284451710511e-01
2.000000000000010658e-01 -9.133799609058218527e-01
2.050000000000009592e-01 -9.102241333835440207e-01
2.100000000000010747e-01 -9.069115455872992504e-01
2.150000000000011902e-01 -9.034420784242133129e-01
2.200000000000010836e-01 -8.998158509289527762e-01
2.250000000000009770e-01 -8.960327440086434114e-01
2.300000000000010925e-01 -8.920928173843453157e-01
2.350000000000012079e-01 -8.879961900325173962e-01
2.400000000000011013e-01 -8.837426834302636314e-01
2.450000000000009948e-01 -8.793322375654856193e-01
2.500000000000011102e-01 -8.747649720549265373e-01
2.550000000000012257e-01 -8.700409462704005170e-01
2.600000000000011191e-01 -8.651602198165523339e-01
2.650000000000010125e-01 -8.601226139376553226e-01
2.700000000000011280e-01 -8.549280690872723687e-01
2.750000000000012434e-01 -8.495767043582777012e-01
2.800000000000011369e-01 -8.440687582274580825e-01
2.850000000000010303e-01 -8.384037540904859531e-01
2.900000000000011458e-01 -8.325820489931533563e-01
2.950000000000012612e-01 -8.266035242500396896e-01
3.000000000000011546e-01 -8.204681201400848556e-01
3.050000000000010481e-01 -8.141758364886658716e-01
3.100000000000011635e-01 -8.077269117143618393e-01
3.150000000000012790e-01 -8.011208693292605210e-01
3.200000000000011724e-01 -7.943585435073504675e-01
3.250000000000010658e-01 -7.874389209114628363e-01
3.300000000000011813e-01 -7.803626574837284613e-01
3.350000000000012967e-01 -7.731295145727375973e-01
3.400000000000011902e-01 -7.657395518413426805e-01
3.450000000000010836e-01 -7.581928287195655036e-01
3.500000000000011990e-01 -7.504892859520072568e-01
3.550000000000013145e-01 -7.426288040383400846e-01
3.600000000000012079e-01 -7.346116812346185077e-01
3.650000000000011013e-01 -7.264377385522852171e-01
3.700000000000012168e-01 -7.181068568984659839e-01
3.750000000000013323e-01 -7.096192149706798125e-01
3.800000000000012257e-01 -7.009746340714076984e-01
3.850000000000011191e-01 -6.921734717121029723e-01
3.900000000000012346e-01 -6.832153107184598673e-01
3.950000000000013500e-01 -6.741004491719099212e-01
4.000000000000012434e-01 -6.648287082585188079e-01
4.050000000000011369e-01 -6.554001472918929982e-01
4.100000000000012523e-01 -6.458147069584260214e-01
4.150000000000013678e-01 -6.360725663048828471e-01
4.200000000000012612e-01 -6.261735458770448792e-01
4.250000000000011546e-01 -6.161178845591525066e-01
4.300000000000012701e-01 -6.059050459094027508e-01
4.350000000000013856e-01 -5.955356852878498364e-01
4.400000000000012790e-01 -5.850094452994557548e-01
4.450000000000011724e-01 -5.743262663977833915e-01
4.500000000000012879e-01 -5.634865060360784161e-01
4.550000000000014033e-01 -5.524898661911169517e-01
4.600000000000012967e-01 -5.413362873164618838e-01
4.650000000000011902e-01 -5.300260079471076358e-01
4.700000000000013056e-01 -5.185588490362892378e-01
4.750000000000014211e-01 -5.069349300261268843e-01
4.800000000000013145e-01 -4.951541314745003808e-01
4.850000000000012079e-01 -4.832165131606774855e-01
4.900000000000013234e-01 -4.711221942357400883e-01
4.950000000000014388e-01 -4.588709959439615238e-01
5.000000000000013323e-01 -4.464628585060740340e-01
5.050000000000012257e-01 -4.338981993874216903e-01
5.100000000000013411e-01 -4.211764222505184341e-01
5.150000000000014566e-01 -4.082980639446208704e-01
5.200000000000013500e-01 -3.952627068879696060e-01
5.250000000000012434e-01 -3.820707684294933904e-01
5.300000000000013589e-01 -3.687218911159465540e-01
5.350000000000014744e-01 -3.552161936909573603e-01
5.400000000000013678e-01 -3.415536766201870966e-01
5.450000000000012612e-01 -3.277342801243680048e-01
5.500000000000013767e-01 -3.137580638081448603e-01
5.550000000000014921e-01 -2.996251468808072138e-01
5.600000000000013856e-01 -2.853354697959179509e-01
5.650000000000012790e-01 -2.708890324370617497e-01
5.700000000000013944e-01 -2.562855965602824915e-01
5.750000000000015099e-01 -2.415253406884761977e-01
5.800000000000014033e-01 -2.266086227987574864e-01
5.850000000000012967e-01 -2.115346676232906509e-01
5.900000000000014122e-01 -1.963040120113322962e-01
5.950000000000015277e-01 -1.809167752303796339e-01
6.000000000000014211e-01 -1.653724797447825301e-01
6.050000000000013145e-01 -1.496714838809015680e-01
6.100000000000014300e-01 -1.338136086501794386e-01
6.150000000000015454e-01 -1.177990327501351464e-01
6.200000000000014388e-01 -1.016276966925392378e-01
6.250000000000013323e-01 -8.529930239596017483e-02
6.300000000000014477e-01 -6.881450539507516506e-02
6.350000000000015632e-01 -5.217253123695574785e-02
6.400000000000014566e-01 -3.537391589774362827e-02
6.450000000000013500e-01 -1.841848062171213413e-02
6.500000000000014655e-01 -1.306225583484248599e-03
6.550000000000015810e-01 1.596296830981425857e-02
6.600000000000014744e-01 3.338868411670826292e-02
6.650000000000013678e-01 5.097139855794064617e-02
6.700000000000014833e-01 6.871093281957707521e-02
6.750000000000015987e-01 8.660710797126791594e-02
6.800000000000014921e-01 1.046601627808382284e-01
6.850000000000013856e-01 1.228699775733371746e-01
6.900000000000015010e-01 1.412367911165898215e-01
6.950000000000016165e-01 1.597603053873722923e-01
7.000000000000015099e-01 1.784406391875205111e-01
7.050000000000014033e-01 1.972775545641166639e-01
7.100000000000015188e-01 2.162712897611168694e-01
7.150000000000016342e-01 2.354222024645974409e-01
7.200000000000015277e-01 2.547295175813456547e-01
7.250000000000014211e-01 2.741938315652628910e-01
7.300000000000015365e-01 2.938149054739011001e-01
7.350000000000016520e-01 3.135927398311292302e-01
7.400000000000015454e-01 3.335273938341384303e-01
7.450000000000014388e-01 3.536187486810927760e-01
7.500000000000015543e-01 3.738671019877625179e-01
7.550000000000016698e-01 3.942721560219620835e-01
7.600000000000015632e-01 4.148340299347733628e-01
7.650000000000014566e-01 4.355526638887209367e-01
7.700000000000015721e-01 4.564281178376955461e-01
7.750000000000016875e-01 4.774603320606370938e-01
7.800000000000015810e-01 4.986494255922121477e-01
7.850000000000014744e-01 5.199951602466722500e-01
7.900000000000015898e-01 5.414978935354707312e-01
7.950000000000017053e-01 5.631570889585969519e-01
8.000000000000015987e-01 5.849734023417664242e-01
8.050000000000014921e-01 6.069464163942580592e-01
8.100000000000016076e-01 6.290762502671537471e-01
8.150000000000017231e-01 6.513626654836667251e-01
8.200000000000016165e-01 6.738059602998515141e-01
8.250000000000015099e-01 6.964062536339593601e-01
8.300000000000016254e-01 7.191631883237828982e-01
8.350000000000017408e-01 7.420769427175951671e-01
8.400000000000016342e-01 7.651473380596695018e-01
8.450000000000015277e-01 7.883745533967708718e-01
8.500000000000016431e-01 8.117588269146477353e-01
8.550000000000017586e-01 8.352996820671801936e-01
8.600000000000016520e-01 8.589974165865538192e-01
8.650000000000015454e-01 8.828518518334572684e-01
8.700000000000016609e-01 9.068630474707429778e-01
8.750000000000017764e-01 9.310310627538097572e-01
8.800000000000016698e-01 9.553558982647342157e-01
8.850000000000015632e-01 9.798373151192759645e-01
8.900000000000016787e-01 1.004475909363882868e+00
8.950000000000017941e-01 1.029271085359560578e+00
9.000000000000016875e-01 1.054222902187085031e+00
9.050000000000015810e-01 1.079331837265691041e+00
9.100000000000016964e-01 1.104597234536832451e+00
9.150000000000018119e-01 1.130019570895875125e+00
9.200000000000017053e-01 1.155598608157070606e+00
9.250000000000015987e-01 1.181334346087588250e+00
9.300000000000017142e-01 1.207226963617777704e+00
9.350000000000018296e-01 1.233276460689431309e+00
9.400000000000017231e-01 1.259482598825762301e+00
9.450000000000016165e-01 1.285845616794595747e+00
9.500000000000017319e-01 1.312365216514500110e+00
9.550000000000018474e-01 1.339041754740229129e+00
9.600000000000017408e-01 1.365875113543061792e+00
9.650000000000016342e-01 1.392865173131631940e+00
9.700000000000017497e-01 1.420012112261666237e+00
9.750000000000018652e-01 1.447315632851733147e+00
9.800000000000017586e-01 1.474775914297843604e+00
9.850000000000016520e-01 1.502393134715440004e+00
9.900000000000017675e-01 1.530167175244478761e+00
9.950000000000018829e-01 1.558097857071025549e+00
1.000000000000001776e+00 1.586185225014979272e+00
