-1.000000000000000000e+00 2.864408321367172494e+00
-9.949999999999999956e-01 2.829929541077526256e+00
-9.899999999999999911e-01 2.795607699584742978e+00
-9.849999999999999867e-01 2.761442558935904845e+00
-9.799999999999999822e-01 2.727434177920749381e+00
-9.749999999999999778e-01 2.693582616725997969e+00
-9.699999999999999734e-01 2.659887815572382852e+00
-9.649999999999999689e-01 2.626349893669193580e+00
-9.599999999999999645e-01 2.592968433725709065e+00
-9.549999999999999600e-01 2.559744031963000044e+00
-9.499999999999999556e-01 2.526676270915722444e+00
-9.449999999999999512e-01 2.493765389235286012e+00
-9.399999999999999467e-01 2.461011207991341099e+00
-9.349999999999999423e-01 2.428413727358510688e+00
-9.299999999999999378e-01 2.395973245068980351e+00
-9.249999999999999334e-01 2.363689224797362431e+00
-9.199999999999999289e-01 2.331562203392913535e+00
-9.149999999999999245e-01 2.299591941971393272e+00
-9.099999999999999201e-01 2.267778500195654079e+00
-9.049999999999999156e-01 2.236121758798198744e+00
-8.999999999999999112e-01 2.204621956837890639e+00
-8.949999999999999067e-01 2.173278795418390974e+00
-8.899999999999999023e-01 2.142092394389273569e+00
-8.849999999999998979e-01 2.111062872319543704e+00
-8.799999999999998934e-01 2.080189931884469434e+00
-8.749999999999998890e-01 2.049473990083733543e+00
-8.699999999999998845e-01 2.018914689114844396e+00
-8.649999999999998801e-01 1.988512327117440970e+00
-8.599999999999998757e-01 1.958266486800802619e+00
-8.549999999999998712e-01 1.928177704781355084e+00
-8.499999999999998668e-01 1.898245683094082148e+00
-8.449999999999998623e-01 1.868470302005825312e+00
-8.399999999999998579e-01 1.838851919842945160e+00
-8.349999999999998535e-01 1.809390118849059315e+00
-8.299999999999998490e-01 1.780085197338429959e+00
-8.249999999999998446e-01 1.750937214799286545e+00
-8.199999999999998401e-01 1.721945873208405198e+00
-8.149999999999998357e-01 1.693111172740408898e+00
-8.099999999999998312e-01 1.664433411127483220e+00
-8.049999999999998268e-01 1.635912528997814031e+00
-7.999999999999998224e-01 1.607548347479259343e+00
-7.949999999999998179e-01 1.579340866513611497e+00
-7.899999999999998135e-01 1.551290324519449593e+00
-7.849999999999998090e-01 1.523396483194609852e+00
-7.799999999999998046e-01 1.495659521236611278e+00
-7.749999999999998002e-01 1.468079319436164321e+00
-7.699999999999997957e-01 1.440655878084307284e+00
-7.649999999999997913e-01 1.413389196773586542e+00
-7.599999999999997868e-01 1.386279454550767065e+00
-7.549999999999997824e-01 1.359326472369083882e+00
-7.499999999999997780e-01 1.332530250635990621e+00
-7.449999999999997735e-01 1.305890729281181217e+00
-7.399999999999997691e-01 1.279408087584251286e+00
-7.349999999999997646e-01 1.253082265474894763e+00
-7.299999999999997602e-01 1.226913203697712840e+00
-7.249999999999997558e-01 1.200900961857350291e+00
-7.199999999999997513e-01 1.175045658813850702e+00
-7.149999999999997469e-01 1.149346818137509496e+00
-7.099999999999997424e-01 1.123805095246588559e+00
-7.049999999999997380e-01 1.098420073024989785e+00
-6.999999999999997335e-01 1.073191810960942627e+00
-6.949999999999997291e-01 1.048120249740840615e+00
-6.899999999999997247e-01 1.023205627259393902e+00
-6.849999999999997202e-01 9.984478842029961276e-01
-6.799999999999997158e-01 9.738468418159204054e-01
-6.749999999999997113e-01 9.494025597610192824e-01
-6.699999999999997069e-01 9.251150973518992293e-01
-6.649999999999997025e-01 9.009843953913690973e-01
-6.599999999999996980e-01 8.770107514369914758e-01
-6.549999999999996936e-01 8.531936295126246739e-01
-6.499999999999996891e-01 8.295335061061809290e-01
-6.449999999999996847e-01 8.060300238226222325e-01
-6.399999999999996803e-01 7.826834804523418176e-01
-6.349999999999996758e-01 7.594936377513835657e-01
-6.299999999999996714e-01 7.364604956615398157e-01
-6.249999999999996669e-01 7.135844118106792200e-01
-6.199999999999996625e-01 6.908650285127254653e-01
-6.149999999999996581e-01 6.683025247562358606e-01
-6.099999999999996536e-01 6.458967214944454360e-01
-6.049999999999996492e-01 6.236477381694743860e-01
-5.999999999999996447e-01 6.015556342695521641e-01
-5.949999999999996403e-01 5.796204096782634485e-01
-5.899999999999996358e-01 5.578418858145045567e-01
-5.849999999999996314e-01 5.362200030736307133e-01
-5.799999999999996270e-01 5.147551784553247023e-01
-5.749999999999996225e-01 4.934470543317178715e-01
-5.699999999999996181e-01 4.722958694706352878e-01
-5.649999999999996136e-01 4.513011466274651218e-01
-5.599999999999996092e-01 4.304635417443382073e-01
-5.549999999999996048e-01 4.097826970187629092e-01
-5.499999999999996003e-01 3.892585530207174349e-01
-5.449999999999995959e-01 3.688914074241796959e-01
-5.399999999999995914e-01 3.486809626133794415e-01
-5.349999999999995870e-01 3.286272780765461254e-01
-5.299999999999995826e-01 3.087304728483463157e-01
-5.249999999999995781e-01 2.889904875569658804e-01
-5.199999999999995737e-01 2.694073219695741761e-01
-5.149999999999995692e-01 2.499809167143570710e-01
-5.099999999999995648e-01 2.307113908841887939e-01
-5.049999999999995604e-01 2.115985654323043752e-01
-4.999999999999995559e-01 1.926425600918623138e-01
-4.949999999999995515e-01 1.738436128157804239e-01
-4.899999999999995470e-01 1.552013064879605997e-01
-4.849999999999995426e-01 1.367157010040859211e-01
-4.799999999999995381e-01 1.183870344916971851e-01
-4.749999999999995337e-01 1.002152472879419554e-01
-4.699999999999995293e-01 8.220010114886411312e-02
-4.649999999999995248e-01 6.434189403947987440e-02
-4.599999999999995204e-01 4.664050675049968148e-02
-4.549999999999995159e-01 2.909587967727877283e-02
-4.499999999999995115e-01 1.170807259908489967e-02
-4.449999999999995071e-01 -5.522974554388000723e-03
-4.399999999999995026e-01 -2.259714210818909025e-02
-4.349999999999994982e-01 -3.951437074871189808e-02
-4.299999999999994937e-01 -5.627489866170488214e-02
-4.249999999999994893e-01 -7.287872590537569639e-02
-4.199999999999994849e-01 -8.932555474753878233e-02
-4.149999999999994804e-01 -1.056157424668168199e-01
-4.099999999999994760e-01 -1.217490507028383684e-01
-4.049999999999994715e-01 -1.377253604209368598e-01
-3.999999999999994671e-01 -1.535450886207950782e-01
-3.949999999999994627e-01 -1.692079375120197904e-01
-3.899999999999994582e-01 -1.847137877106984627e-01
-3.849999999999994538e-01 -2.000628776354101968e-01
-3.799999999999994493e-01 -2.152554457629417550e-01
-3.749999999999994449e-01 -2.302908962214683664e-01
-3.699999999999994404e-01 -2.451696460106728148e-01
-3.649999999999994360e-01 -2.598915758630578887e-01
-3.599999999999994316e-01 -2.744567455578913462e-01
-3.549999999999994271e-01 -2.888649762230312001e-01
-3.499999999999994227e-01 -3.031163870677670014e-01
-3.449999999999994182e-01 -3.172109186038692963e-01
-3.399999999999994138e-01 -3.311488089588788819e-01
-3.349999999999994094e-01 -3.449299392145445120e-01
-3.299999999999994049e-01 -3.585538920219374370e-01
-3.249999999999994005e-01 -3.720214421832320761e-01
-3.199999999999993960e-01 -3.853320532566254508e-01
-3.149999999999993916e-01 -3.984856063238663149e-01
-3.099999999999993872e-01 -4.114823989425172579e-01
-3.049999999999993827e-01 -4.243226699386110079e-01
-2.999999999999993783e-01 -4.370058824628909599e-01
-2.949999999999993738e-01 -4.495322753995975029e-01
-2.899999999999993694e-01 -4.619017889112552178e-01
-2.849999999999993650e-01 -4.741147209628803205e-01
-2.799999999999993605e-01 -4.861706542637517225e-01
-2.749999999999993561e-01 -4.980698871281316054e-01
-2.699999999999993516e-01 -5.098120615789053511e-01
-2.649999999999993472e-01 -5.213976548024771285e-01
-2.599999999999993427e-01 -5.328264282056448531e-01
-2.549999999999993383e-01 -5.440983816719932031e-01
-2.499999999999993339e-01 -5.552132770157737207e-01
-2.449999999999993294e-01 -5.661714717484397363e-01
-2.399999999999993250e-01 -5.769729061489311528e-01
-2.349999999999993205e-01 -5.876175209036414993e-01
-2.299999999999993161e-01 -5.981053753261772465e-01
-2.249999999999993117e-01 -6.084362907772270512e-01
-2.199999999999993072e-01 -6.186104459543099177e-01
-2.149999999999993028e-01 -6.286277218227592778e-01
-2.099999999999992983e-01 -6.384882372426187169e-01
-2.049999999999992939e-01 -6.481918734702599716e-01
-1.999999999999992895e-01 -6.577386300982294154e-01
-1.949999999999992850e-01 -6.671286862314996791e-01
-1.899999999999992806e-01 -6.763618629397211146e-01
-1.849999999999992761e-01 -6.854382794321832728e-01
-1.799999999999992717e-01 -6.943578760460337174e-01
-1.749999999999992673e-01 -7.031205337466058802e-01
-1.699999999999992628e-01 -7.117265502660853338e-01
-1.649999999999992584e-01 -7.201756278722865057e-01
-1.599999999999992539e-01 -7.284678261698541712e-01
-1.549999999999992495e-01 -7.366033236816843521e-01
-1.499999999999992450e-01 -7.445819419430886876e-01
-1.449999999999992406e-01 -7.524035612791163397e-01
-1.399999999999992362e-01 -7.600684802950677943e-01
-1.349999999999992317e-01 -7.675768177345713150e-01
-1.299999999999992273e-01 -7.749280970515070033e-01
-1.249999999999992228e-01 -7.821225564316233170e-01
-1.199999999999992184e-01 -7.891602558288109970e-01
-1.149999999999992140e-01 -7.960411350563486588e-01
-1.099999999999992095e-01 -8.027651947545205724e-01
-1.049999999999992051e-01 -8.093323748530206752e-01
-9.999999999999920064e-02 -8.157427948521768224e-01
-9.499999999999919620e-02 -8.219963353680764806e-01
-8.999999999999919176e-02 -8.280930560635720861e-01
-8.499999999999918732e-02 -8.340329569386636388e-01
-7.999999999999918288e-02 -8.398162168072854650e-01
-7.499999999999917843e-02 -8.454424184951317978e-01
-6.999999999999917399e-02 -8.509118599090111923e-01
-6.499999999999916955e-02 -8.562245411071313095e-01
-5.999999999999916511e-02 -8.613801640662682724e-01
-5.499999999999916067e-02 -8.663792056235802841e-01
-4.999999999999915623e-02 -8.712213082676140141e-01
-4.499999999999915179e-02 -8.759066505794731450e-01
-3.999999999999914735e-02 -8.804352327919883203e-01
-3.499999999999914291e-02 -8.848068756837715876e-01
-2.999999999999913847e-02 -8.890216393833366704e-01
-2.499999999999913403e-02 -8.930798216810768020e-01
-1.999999999999912959e-02 -8.969809457398337793e-01
-1.499999999999912514e-02 -9.007254883385581445e-01
-9.999999999999120703e-03 -9.043129726400916946e-01
-4.999999999999116262e-03 -9.077436969004889500e-01
8.881784197001252323e-16 -9.110176011076515090e-01
5.000000000000781597e-03 -9.141348050529455316e-01
1.000000000000089706e-02 -9.170951293985677433e-01
1.500000000000101252e-02 -9.198984549352285933e-01
2.000000000000090594e-02 -9.225453184539770257e-01
2.500000000000079936e-02 -9.250350045244527530e-01
3.000000000000091482e-02 -9.273679899256063175e-01
3.500000000000103029e-02 -9.295442747738530409e-01
4.000000000000092371e-02 -9.315635609295537245e-01
4.500000000000081712e-02 -9.334260869277027917e-01
5.000000000000093259e-02 -9.351315546286610436e-01
5.500000000000104805e-02 -9.366805005906467807e-01
6.000000000000094147e-02 -9.380725672439990115e-01
6.500000000000083489e-02 -9.393078734487613213e-01
7.000000000000095035e-02 -9.403862406820376885e-01
7.500000000000106581e-02 -9.413077881531176638e-01
8.000000000000095923e-02 -9.420725754666460228e-01
8.500000000000085265e-02 -9.426805427851473462e-01
9.000000000000096811e-02 -9.431315115275179517e-01
9.500000000000108358e-02 -9.434258392634188306e-01
1.000000000000009770e-01 -9.435634069581834149e-01
1.050000000000008704e-01 -9.435439757857789767e-01
1.100000000000009859e-01 -9.433677249675934684e-01
1.150000000000011013e-01 -9.430347139336486828e-01
1.200000000000009948e-01 -9.425450021139664125e-01
1.250000000000008882e-01 -9.418982917763610851e-01
1.300000000000010036e-01 -9.410948807112259340e-01
1.350000000000011191e-01 -9.401345308492278230e-01
1.400000000000010125e-01 -9.390174205386397910e-01
1.450000000000009059e-01 -9.377436097915602398e-01
1.500000000000010214e-01 -9.363127406890822124e-01
1.550000000000011369e-01 -9.347252903011945557e-01
1.600000000000010303e-01 -9.329807815579084229e-01
1.650000000000009237e-01 -9.310794531106335592e-01
1.700000000000010392e-01 -9.290215431451184225e-01
1.750000000000011546e-01 -9.268065749988277924e-01
1.800000000000010481e-01 -9.244349658460674357e-01
1.850000000000009415e-01 -9.219063580589687001e-01
1.900000000000010569e-01 -9.192211093818155598e-01
1.950000000000011724e-01 -9.163790405932200622e-01
2.000000000000010658e-01 -9.133799735195321512e-01
2.050000000000009592e-01 -9.102241459972543192e-01
2.100000000000010747e-01 -9.069115583174248707e-01
2.150000000000011902e-01 -9.034420911543389332e-01
2.200000000000010836e-01 -8.998158638919090402e-01
2.250000000000009770e-01 -8.960327572044303190e-01
2.300000000000010925e-01 -8.920928305801322233e-01
2.350000000000012079e-01 -8.879962034611349475e-01
2.400000000000011013e-01 -8.837426967424658608e-01
2.450000000000009948e-01 -8.793322512269338143e-01
2.500000000000011102e-01 -8.747649857163747322e-01
2.550000000000012257e-01 -8.700409600482640338e-01
2.600000000000011191e-01 -8.651602338272464943e-01
2.650000000000010125e-01 -8.601226281811801266e-01
2.700000000000011280e-01 -8.549280834472124946e-01
2.750000000000012434e-01 -8.495767189510484707e-01
2.800000000000011369e-01 -8.440687730530594957e-01
2.850000000000010303e-01 -8.384037686832567227e-01
2.900000000000011458e-01 -8.325820640515854132e-01
2.950000000000012612e-01 -8.266035394248870682e-01
3.000000000000011546e-01 -8.204681353149322343e-01
3.050000000000010481e-01 -8.141758518963438940e-01
3.100000000000011635e-01 -8.077269275877011490e-01
3.150000000000012790e-01 -8.011208852025998306e-01
3.200000000000011724e-01 -7.943585594971050989e-01
3.250000000000010658e-01 -7.874389372504634332e-01
3.300000000000011813e-01 -7.803626738227290582e-01
3.350000000000012967e-01 -7.731295310281535160e-01
3.400000000000011902e-01 -7.657395684131739211e-01
3.450000000000010836e-01 -7.581928457570580315e-01
3.500000000000011990e-01 -7.504893031059151065e-01
3.550000000000013145e-01 -7.426288215414938998e-01
3.600000000000012079e-01 -7.346116988541876447e-01
3.650000000000011013e-01 -7.264377564046849978e-01
3.700000000000012168e-01 -7.181068748672810864e-01
3.750000000000013323e-01 -7.096192331723255586e-01
3.800000000000012257e-01 -7.009746523894687664e-01
3.850000000000011191e-01 -6.921734902629946840e-01
3.900000000000012346e-01 -6.832153295021822226e-01
3.950000000000013500e-01 -6.741004680720475983e-01
4.000000000000012434e-01 -6.648287271586564851e-01
4.050000000000011369e-01 -6.554001666576919627e-01
4.100000000000012523e-01 -6.458147266734709513e-01
4.150000000000013678e-01 -6.360725857870971334e-01
4.200000000000012612e-01 -6.261735658249204528e-01
4.250000000000011546e-01 -6.161179047398587239e-01
4.300000000000012701e-01 -6.059050660901089680e-01
4.350000000000013856e-01 -5.955357058178020191e-01
4.400000000000012790e-01 -5.850094660622385812e-01
4.450000000000011724e-01 -5.743262871605662179e-01
4.500000000000012879e-01 -5.634865269152765643e-01
4.550000000000014033e-01 -5.524898873031457436e-01
4.600000000000012967e-01 -5.413363086613213193e-01
4.650000000000011902e-01 -5.300260292919670713e-01
4.700000000000013056e-01 -5.185588706139793169e-01
4.750000000000014211e-01 -5.069349516038169634e-01
4.800000000000013145e-01 -4.951541532850211036e-01
4.850000000000012079e-01 -4.832165350876135301e-01
4.900000000000013234e-01 -4.711222162790914547e-01
4.950000000000014388e-01 -4.588710179873128903e-01
5.000000000000013323e-01 -4.464628807822560441e-01
5.050000000000012257e-01 -4.338982216636037004e-01
5.100000000000013411e-01 -4.211764448759464097e-01
5.150000000000014566e-01 -4.082980864536335242e-01
5.200000000000013500e-01 -3.952627295133975815e-01
5.250000000000012434e-01 -3.820707911713366878e-01
5.300000000000013589e-01 -3.687219136249592077e-01
5.350000000000014744e-01 -3.552162165492159795e-01
5.400000000000013678e-01 -3.415536994784457159e-01
5.450000000000012612e-01 -3.277343029826266241e-01
5.500000000000013767e-01 -3.137580866664034795e-01
5.550000000000014921e-01 -2.996251697390658331e-01
5.600000000000013856e-01 -2.853354925377612483e-01
5.650000000000012790e-01 -2.708890551789050471e-01
5.700000000000013944e-01 -2.562856190692951452e-01
5.750000000000015099e-01 -2.415253633139041733e-01
5.800000000000014033e-01 -2.266086451913548183e-01
5.850000000000012967e-01 -2.115346902487186265e-01
5.900000000000014122e-01 -1.963040345203449499e-01
5.950000000000015277e-01 -1.809167971573156786e-01
6.000000000000014211e-01 -1.653725020209645402e-01
6.050000000000013145e-01 -1.496715060406682563e-01
6.100000000000014300e-01 -1.338136305771154833e-01
6.150000000000015454e-01 -1.177990545606558692e-01
6.200000000000014388e-01 -1.016277182702293169e-01
6.250000000000013323e-01 -8.529932374081961033e-02
6.300000000000014477e-01 -6.881452673993460056e-02
6.350000000000015632e-01 -5.217255199973858809e-02
6.400000000000014566e-01 -3.537393642769582486e-02
6.450000000000013500e-01 -1.841850115166433072e-02
6.500000000000014655e-01 -1.306245997021122495e-03
6.550000000000015810e-01 1.596294836193867112e-02
6.600000000000014744e-01 3.338866440166331911e-02
6.650000000000013678e-01 5.097137907572634602e-02
6.700000000000014833e-01 6.871091357019343260e-02
6.750000000000015987e-01 8.660708918754556063e-02
6.800000000000014921e-01 1.046601439971158731e-01
6.850000000000013856e-01 1.228699592552761066e-01
6.900000000000015010e-01 1.412367730313593972e-01
6.950000000000016165e-01 1.597602873021418679e-01
7.000000000000015099e-01 1.784406216843666959e-01
7.050000000000014033e-01 1.972775372937934923e-01
7.100000000000015188e-01 2.162712727236243415e-01
7.150000000000016342e-01 2.354221855435202349e-01
7.200000000000015277e-01 2.547295011259297359e-01
7.250000000000014211e-01 2.741938151098469723e-01
7.300000000000015365e-01 2.938148896005617905e-01
7.350000000000016520e-01 3.135927240742052424e-01
7.400000000000015454e-01 3.335273785428757298e-01
7.450000000000014388e-01 3.536187333898300755e-01
7.500000000000015543e-01 3.738670870457457829e-01
7.550000000000016698e-01 3.942721411963606704e-01
7.600000000000015632e-01 4.148340151091719497e-01
7.650000000000014566e-01 4.355526494123654890e-01
7.700000000000015721e-01 4.564281033613400984e-01
7.750000000000016875e-01 4.774603174678663242e-01
7.800000000000015810e-01 4.986494111158567000e-01
7.850000000000014744e-01 5.199951456539014805e-01
7.900000000000015898e-01 5.414978788262846399e-01
7.950000000000017053e-01 5.631570742494108606e-01
8.000000000000015987e-01 5.849733873997496891e-01
8.050000000000014921e-01 6.069464011029953587e-01
8.100000000000016076e-01 6.290762346266450811e-01
8.150000000000017231e-01 6.513626496103274155e-01
8.200000000000016165e-01 6.738059438444355953e-01
8.250000000000015099e-01 6.964062368292974758e-01
8.300000000000016254e-01 7.191631704713831175e-01
8.350000000000017408e-01 7.420769240502881336e-01
8.400000000000016342e-01 7.651473186938705373e-01
8.450000000000015277e-01 7.883745329832340110e-01
8.500000000000016431e-01 8.117588055697882998e-01
8.550000000000017586e-01 8.352996593253368962e-01
8.600000000000016520e-01 8.589973925641419816e-01
8.650000000000015454e-01 8.828518262976462472e-01
8.700000000000016609e-01 9.068630200722868073e-01
8.750000000000017764e-01 9.310310338419544030e-01
8.800000000000016698e-01 9.553558670245724249e-01
8.850000000000015632e-01 9.798372816672230590e-01
8.900000000000016787e-01 1.004475873816353948e+00
8.950000000000017941e-01 1.029271047018063934e+00
9.000000000000016875e-01 1.054222861400866629e+00
9.050000000000015810e-01 1.079331793219843627e+00
9.100000000000016964e-01 1.104597187231356026e+00
9.150000000000018119e-01 1.130019520214354367e+00
9.200000000000017053e-01 1.155598553517428906e+00
9.250000000000015987e-01 1.181334287373410286e+00
9.300000000000017142e-01 1.207226900479817511e+00
9.350000000000018296e-01 1.233276392894858242e+00
9.400000000000017231e-01 1.259482526258161039e+00
9.450000000000016165e-01 1.285845538639059038e+00
9.500000000000017319e-01 1.312365132072536023e+00
9.550000000000018474e-01 1.339041665059575559e+00
9.600000000000017408e-01 1.365875017110319556e+00
9.650000000000016342e-01 1.392865069597555072e+00
9.700000000000017497e-01 1.420012001393424095e+00
9.750000000000018652e-01 1.447315514532910408e+00
9.800000000000017586e-01 1.474775787247871728e+00
9.850000000000016520e-01 1.502392999050734312e+00
9.900000000000017675e-01 1.530167030382962645e+00
9.950000000000018829e-01 1.558097702430622400e+00
1.000000000000001776e+00 1.586185059780781836e+00
