-1.000000000000000000e+00 2.864408373832702637e+00
-9.949999999999999956e-01 2.829929590225219727e+00
-9.899999999999999911e-01 2.795607745647430420e+00
-9.849999999999999867e-01 2.761442601680755615e+00
-9.799999999999999822e-01 2.727434217929840088e+00
-9.749999999999999778e-01 2.693582653999328613e+00
-9.699999999999999734e-01 2.659887850284576416e+00
-9.649999999999999689e-01 2.626349925994873047e+00
-9.599999999999999645e-01 2.592968463897705078e+00
-9.549999999999999600e-01 2.559744060039520264e+00
-9.499999999999999556e-01 2.526676297187805176e+00
-9.449999999999999512e-01 2.493765413761138916e+00
-9.399999999999999467e-01 2.461011230945587158e+00
-9.349999999999999423e-01 2.428413748741149902e+00
-9.299999999999999378e-01 2.395973265171051025e+00
-9.249999999999999334e-01 2.363689243793487549e+00
-9.199999999999999289e-01 2.331562221050262451e+00
-9.149999999999999245e-01 2.299591958522796631e+00
-9.099999999999999201e-01 2.267778515815734863e+00
-9.049999999999999156e-01 2.236121773719787598e+00
-8.999999999999999112e-01 2.204621970653533936e+00
-8.949999999999999067e-01 2.173278808593750000e+00
-8.899999999999999023e-01 2.142092406749725342e+00
-8.849999999999998979e-01 2.111062884330749512e+00
-8.799999999999998934e-01 2.080189943313598633e+00
-8.749999999999998890e-01 2.049474000930786133e+00
-8.699999999999998845e-01 2.018914699554443359e+00
-8.649999999999998801e-01 1.988512337207794189e+00
-8.599999999999998757e-01 1.958266496658325195e+00
-8.549999999999998712e-01 1.928177714347839355e+00
-8.499999999999998668e-01 1.898245692253112793e+00
-8.449999999999998623e-01 1.868470311164855957e+00
-8.399999999999998579e-01 1.838851928710937500e+00
-8.349999999999998535e-01 1.809390127658843994e+00
-8.299999999999998490e-01 1.780085206031799316e+00
-8.249999999999998446e-01 1.750937223434448242e+00
-8.199999999999998401e-01 1.721945881843566895e+00
-8.149999999999998357e-01 1.693111181259155273e+00
-8.099999999999998312e-01 1.664433419704437256e+00
-8.049999999999998268e-01 1.635912537574768066e+00
-7.999999999999998224e-01 1.607548356056213379e+00
-7.949999999999998179e-01 1.579340875148773193e+00
-7.899999999999998135e-01 1.551290333271026611e+00
-7.849999999999998090e-01 1.523396492004394531e+00
-7.799999999999998046e-01 1.495659530162811279e+00
-7.749999999999998002e-01 1.468079328536987305e+00
-7.699999999999997957e-01 1.440655887126922607e+00
-7.649999999999997913e-01 1.413389205932617188e+00
-7.599999999999997868e-01 1.386279463768005371e+00
-7.549999999999997824e-01 1.359326481819152832e+00
-7.499999999999997780e-01 1.332530260086059570e+00
-7.449999999999997735e-01 1.305890738964080811e+00
-7.399999999999997691e-01 1.279408097267150879e+00
-7.349999999999997646e-01 1.253082275390625000e+00
-7.299999999999997602e-01 1.226913213729858398e+00
-7.249999999999997558e-01 1.200900971889495850e+00
-7.199999999999997513e-01 1.175045669078826904e+00
-7.149999999999997469e-01 1.149346828460693359e+00
-7.099999999999997424e-01 1.123805105686187744e+00
-7.049999999999997380e-01 1.098420083522796631e+00
-6.999999999999997335e-01 1.073191821575164795e+00
-6.949999999999997291e-01 1.048120260238647461e+00
-6.899999999999997247e-01 1.023205637931823730e+00
-6.849999999999997202e-01 9.984478950500488281e-01
-6.799999999999997158e-01 9.738468527793884277e-01
-6.749999999999997113e-01 9.494025707244873047e-01
-6.699999999999997069e-01 9.251151084899902344e-01
-6.649999999999997025e-01 9.009844064712524414e-01
-6.599999999999996980e-01 8.770107626914978027e-01
-6.549999999999996936e-01 8.531936407089233398e-01
-6.499999999999996891e-01 8.295335173606872559e-01
-6.449999999999996847e-01 8.060300350189208984e-01
-6.399999999999996803e-01 7.826834917068481445e-01
-6.349999999999996758e-01 7.594936490058898926e-01
-6.299999999999996714e-01 7.364605069160461426e-01
-6.249999999999996669e-01 7.135844230651855469e-01
-6.199999999999996625e-01 6.908650398254394531e-01
-6.149999999999996581e-01 6.683025360107421875e-01
-6.099999999999996536e-01 6.458967328071594238e-01
-6.049999999999996492e-01 6.236477494239807129e-01
-5.999999999999996447e-01 6.015556454658508301e-01
-5.949999999999996403e-01 5.796204209327697754e-01
-5.899999999999996358e-01 5.578418970108032227e-01
-5.849999999999996314e-01 5.362200140953063965e-01
-5.799999999999996270e-01 5.147551894187927246e-01
-5.749999999999996225e-01 4.934470653533935547e-01
-5.699999999999996181e-01 4.722958803176879883e-01
-5.649999999999996136e-01 4.513011574745178223e-01
-5.599999999999996092e-01 4.304635524749755859e-01
-5.549999999999996048e-01 4.097827076911926270e-01
-5.499999999999996003e-01 3.892585635185241699e-01
-5.449999999999995959e-01 3.688914179801940918e-01
-5.399999999999995914e-01 3.486809730529785156e-01
-5.349999999999995870e-01 3.286272883415222168e-01
-5.299999999999995826e-01 3.087304830551147461e-01
-5.249999999999995781e-01 2.889904975891113281e-01
-5.199999999999995737e-01 2.694073319435119629e-01
-5.149999999999995692e-01 2.499809265136718750e-01
-5.099999999999995648e-01 2.307114005088806152e-01
-5.049999999999995604e-01 2.115985751152038574e-01
-4.999999999999995559e-01 1.926425695419311523e-01
-4.949999999999995515e-01 1.738436222076416016e-01
-4.899999999999995470e-01 1.552013158798217773e-01
-4.849999999999995426e-01 1.367157101631164551e-01
-4.799999999999995381e-01 1.183870434761047363e-01
-4.749999999999995337e-01 1.002152562141418457e-01
-4.699999999999995293e-01 8.220010995864868164e-02
-4.649999999999995248e-01 6.434190273284912109e-02
-4.599999999999995204e-01 4.664051532745361328e-02
-4.549999999999995159e-01 2.909588813781738281e-02
-4.499999999999995115e-01 1.170808076858520508e-02
-4.449999999999995071e-01 -5.522966384887695312e-03
-4.399999999999995026e-01 -2.259713411331176758e-02
-4.349999999999994982e-01 -3.951436281204223633e-02
-4.299999999999994937e-01 -5.627489089965820312e-02
-4.249999999999994893e-01 -7.287871837615966797e-02
-4.199999999999994849e-01 -8.932554721832275391e-02
-4.149999999999994804e-01 -1.056157350540161133e-01
-4.099999999999994760e-01 -1.217490434646606445e-01
-4.049999999999994715e-01 -1.377253532409667969e-01
-3.999999999999994671e-01 -1.535450816154479980e-01
-3.949999999999994627e-01 -1.692079305648803711e-01
-3.899999999999994582e-01 -1.847137808799743652e-01
-3.849999999999994538e-01 -2.000628709793090820e-01
-3.799999999999994493e-01 -2.152554392814636230e-01
-3.749999999999994449e-01 -2.302908897399902344e-01
-3.699999999999994404e-01 -2.451696395874023438e-01
-3.649999999999994360e-01 -2.598915696144104004e-01
-3.599999999999994316e-01 -2.744567394256591797e-01
-3.549999999999994271e-01 -2.888649702072143555e-01
-3.499999999999994227e-01 -3.031163811683654785e-01
-3.449999999999994182e-01 -3.172109127044677734e-01
-3.399999999999994138e-01 -3.311488032341003418e-01
-3.349999999999994094e-01 -3.449299335479736328e-01
-3.299999999999994049e-01 -3.585538864135742188e-01
-3.249999999999994005e-01 -3.720214366912841797e-01
-3.199999999999993960e-01 -3.853320479393005371e-01
-3.149999999999993916e-01 -3.984856009483337402e-01
-3.099999999999993872e-01 -4.114823937416076660e-01
-3.049999999999993827e-01 -4.243226647377014160e-01
-2.999999999999993783e-01 -4.370058774948120117e-01
-2.949999999999993738e-01 -4.495322704315185547e-01
-2.899999999999993694e-01 -4.619017839431762695e-01
-2.849999999999993650e-01 -4.741147160530090332e-01
-2.799999999999993605e-01 -4.861706495285034180e-01
-2.749999999999993561e-01 -4.980698823928833008e-01
-2.699999999999993516e-01 -5.098120570182800293e-01
-2.649999999999993472e-01 -5.213976502418518066e-01
-2.599999999999993427e-01 -5.328264236450195312e-01
-2.549999999999993383e-01 -5.440983772277832031e-01
-2.499999999999993339e-01 -5.552132725715637207e-01
-2.449999999999993294e-01 -5.661714673042297363e-01
-2.399999999999993250e-01 -5.769729018211364746e-01
-2.349999999999993205e-01 -5.876175165176391602e-01
-2.299999999999993161e-01 -5.981053709983825684e-01
-2.249999999999993117e-01 -6.084362864494323730e-01
-2.199999999999993072e-01 -6.186104416847229004e-01
-2.149999999999993028e-01 -6.286277174949645996e-01
-2.099999999999992983e-01 -6.384882330894470215e-01
-2.049999999999992939e-01 -6.481918692588806152e-01
-1.999999999999992895e-01 -6.577386260032653809e-01
-1.949999999999992850e-01 -6.671286821365356445e-01
-1.899999999999992806e-01 -6.763618588447570801e-01
-1.849999999999992761e-01 -6.854382753372192383e-01
-1.799999999999992717e-01 -6.943578720092773438e-01
-1.749999999999992673e-01 -7.031205296516418457e-01
-1.699999999999992628e-01 -7.117265462875366211e-01
-1.649999999999992584e-01 -7.201756238937377930e-01
-1.599999999999992539e-01 -7.284678220748901367e-01
-1.549999999999992495e-01 -7.366033196449279785e-01
-1.499999999999992450e-01 -7.445819377899169922e-01
-1.449999999999992406e-01 -7.524035573005676270e-01
-1.399999999999992362e-01 -7.600684762001037598e-01
-1.349999999999992317e-01 -7.675768136978149414e-01
-1.299999999999992273e-01 -7.749280929565429688e-01
-1.249999999999992228e-01 -7.821225523948669434e-01
-1.199999999999992184e-01 -7.891602516174316406e-01
-1.149999999999992140e-01 -7.960411310195922852e-01
-1.099999999999992095e-01 -8.027651906013488770e-01
-1.049999999999992051e-01 -8.093323707580566406e-01
-9.999999999999920064e-02 -8.157427906990051270e-01
-9.499999999999919620e-02 -8.219963312149047852e-01
-8.999999999999919176e-02 -8.280930519104003906e-01
-8.499999999999918732e-02 -8.340329527854919434e-01
-7.999999999999918288e-02 -8.398162126541137695e-01
-7.499999999999917843e-02 -8.454424142837524414e-01
-6.999999999999917399e-02 -8.509118556976318359e-01
-6.499999999999916955e-02 -8.562245368957519531e-01
-5.999999999999916511e-02 -8.613801598548889160e-01
-5.499999999999916067e-02 -8.663792014122009277e-01
-4.999999999999915623e-02 -8.712213039398193359e-01
-4.499999999999915179e-02 -8.759066462516784668e-01
-3.999999999999914735e-02 -8.804352283477783203e-01
-3.499999999999914291e-02 -8.848068714141845703e-01
-2.999999999999913847e-02 -8.890216350555419922e-01
-2.499999999999913403e-02 -8.930798172950744629e-01
-1.999999999999912959e-02 -8.969809412956237793e-01
-1.499999999999912514e-02 -9.007254838943481445e-01
-9.999999999999120703e-03 -9.043129682540893555e-01
-4.999999999999116262e-03 -9.077436923980712891e-01
8.881784197001252323e-16 -9.110175967216491699e-01
5.000000000000781597e-03 -9.141348004341125488e-01
1.000000000000089706e-02 -9.170951247215270996e-01
1.500000000000101252e-02 -9.198984503746032715e-01
2.000000000000090594e-02 -9.225453138351440430e-01
2.500000000000079936e-02 -9.250349998474121094e-01
3.000000000000091482e-02 -9.273679852485656738e-01
3.500000000000103029e-02 -9.295442700386047363e-01
4.000000000000092371e-02 -9.315635561943054199e-01
4.500000000000081712e-02 -9.334260821342468262e-01
5.000000000000093259e-02 -9.351315498352050781e-01
5.500000000000104805e-02 -9.366804957389831543e-01
6.000000000000094147e-02 -9.380725622177124023e-01
6.500000000000083489e-02 -9.393078684806823730e-01
7.000000000000095035e-02 -9.403862357139587402e-01
7.500000000000106581e-02 -9.413077831268310547e-01
8.000000000000095923e-02 -9.420725703239440918e-01
8.500000000000085265e-02 -9.426805377006530762e-01
9.000000000000096811e-02 -9.431315064430236816e-01
9.500000000000108358e-02 -9.434258341789245605e-01
1.000000000000009770e-01 -9.435634016990661621e-01
1.050000000000008704e-01 -9.435439705848693848e-01
1.100000000000009859e-01 -9.433677196502685547e-01
1.150000000000011013e-01 -9.430347084999084473e-01
1.200000000000009948e-01 -9.425449967384338379e-01
1.250000000000008882e-01 -9.418982863426208496e-01
1.300000000000010036e-01 -9.410948753356933594e-01
1.350000000000011191e-01 -9.401345252990722656e-01
1.400000000000010125e-01 -9.390174150466918945e-01
1.450000000000009059e-01 -9.377436041831970215e-01
1.500000000000010214e-01 -9.363127350807189941e-01
1.550000000000011369e-01 -9.347252845764160156e-01
1.600000000000010303e-01 -9.329807758331298828e-01
1.650000000000009237e-01 -9.310794472694396973e-01
1.700000000000010392e-01 -9.290215373039245605e-01
1.750000000000011546e-01 -9.268065690994262695e-01
1.800000000000010481e-01 -9.244349598884582520e-01
1.850000000000009415e-01 -9.219063520431518555e-01
1.900000000000010569e-01 -9.192211031913757324e-01
1.950000000000011724e-01 -9.163790345191955566e-01
2.000000000000010658e-01 -9.133799672126770020e-01
2.050000000000009592e-01 -9.102241396903991699e-01
2.100000000000010747e-01 -9.069115519523620605e-01
2.150000000000011902e-01 -9.034420847892761230e-01
2.200000000000010836e-01 -8.998158574104309082e-01
2.250000000000009770e-01 -8.960327506065368652e-01
2.300000000000010925e-01 -8.920928239822387695e-01
2.350000000000012079e-01 -8.879961967468261719e-01
2.400000000000011013e-01 -8.837426900863647461e-01
2.450000000000009948e-01 -8.793322443962097168e-01
2.500000000000011102e-01 -8.747649788856506348e-01
2.550000000000012257e-01 -8.700409531593322754e-01
2.600000000000011191e-01 -8.651602268218994141e-01
2.650000000000010125e-01 -8.601226210594177246e-01
2.700000000000011280e-01 -8.549280762672424316e-01
2.750000000000012434e-01 -8.495767116546630859e-01
2.800000000000011369e-01 -8.440687656402587891e-01
2.850000000000010303e-01 -8.384037613868713379e-01
2.900000000000011458e-01 -8.325820565223693848e-01
2.950000000000012612e-01 -8.266035318374633789e-01
3.000000000000011546e-01 -8.204681277275085449e-01
3.050000000000010481e-01 -8.141758441925048828e-01
3.100000000000011635e-01 -8.077269196510314941e-01
3.150000000000012790e-01 -8.011208772659301758e-01
3.200000000000011724e-01 -7.943585515022277832e-01
3.250000000000010658e-01 -7.874389290809631348e-01
3.300000000000011813e-01 -7.803626656532287598e-01
3.350000000000012967e-01 -7.731295228004455566e-01
3.400000000000011902e-01 -7.657395601272583008e-01
3.450000000000010836e-01 -7.581928372383117676e-01
3.500000000000011990e-01 -7.504892945289611816e-01
3.550000000000013145e-01 -7.426288127899169922e-01
3.600000000000012079e-01 -7.346116900444030762e-01
3.650000000000011013e-01 -7.264377474784851074e-01
3.700000000000012168e-01 -7.181068658828735352e-01
3.750000000000013323e-01 -7.096192240715026855e-01
3.800000000000012257e-01 -7.009746432304382324e-01
3.850000000000011191e-01 -6.921734809875488281e-01
3.900000000000012346e-01 -6.832153201103210449e-01
3.950000000000013500e-01 -6.741004586219787598e-01
4.000000000000012434e-01 -6.648287177085876465e-01
4.050000000000011369e-01 -6.554001569747924805e-01
4.100000000000012523e-01 -6.458147168159484863e-01
4.150000000000013678e-01 -6.360725760459899902e-01
4.200000000000012612e-01 -6.261735558509826660e-01
4.250000000000011546e-01 -6.161178946495056152e-01
4.300000000000012701e-01 -6.059050559997558594e-01
4.350000000000013856e-01 -5.955356955528259277e-01
4.400000000000012790e-01 -5.850094556808471680e-01
4.450000000000011724e-01 -5.743262767791748047e-01
4.500000000000012879e-01 -5.634865164756774902e-01
4.550000000000014033e-01 -5.524898767471313477e-01
4.600000000000012967e-01 -5.413362979888916016e-01
4.650000000000011902e-01 -5.300260186195373535e-01
4.700000000000013056e-01 -5.185588598251342773e-01
4.750000000000014211e-01 -5.069349408149719238e-01
4.800000000000013145e-01 -4.951541423797607422e-01
4.850000000000012079e-01 -4.832165241241455078e-01
4.900000000000013234e-01 -4.711222052574157715e-01
4.950000000000014388e-01 -4.588710069656372070e-01
5.000000000000013323e-01 -4.464628696441650391e-01
5.050000000000012257e-01 -4.338982105255126953e-01
5.100000000000013411e-01 -4.211764335632324219e-01
5.150000000000014566e-01 -4.082980751991271973e-01
5.200000000000013500e-01 -3.952627182006835938e-01
5.250000000000012434e-01 -3.820707798004150391e-01
5.300000000000013589e-01 -3.687219023704528809e-01
5.350000000000014744e-01 -3.552162051200866699e-01
5.400000000000013678e-01 -3.415536880493164062e-01
5.450000000000012612e-01 -3.277342915534973145e-01
5.500000000000013767e-01 -3.137580752372741699e-01
5.550000000000014921e-01 -2.996251583099365234e-01
5.600000000000013856e-01 -2.853354811668395996e-01
5.650000000000012790e-01 -2.708890438079833984e-01
5.700000000000013944e-01 -2.562856078147888184e-01
5.750000000000015099e-01 -2.415253520011901855e-01
5.800000000000014033e-01 -2.266086339950561523e-01
5.850000000000012967e-01 -2.115346789360046387e-01
5.900000000000014122e-01 -1.963040232658386230e-01
5.950000000000015277e-01 -1.809167861938476562e-01
6.000000000000014211e-01 -1.653724908828735352e-01
6.050000000000013145e-01 -1.496714949607849121e-01
6.100000000000014300e-01 -1.338136196136474609e-01
6.150000000000015454e-01 -1.177990436553955078e-01
6.200000000000014388e-01 -1.016277074813842773e-01
6.250000000000013323e-01 -8.529931306838989258e-02
6.300000000000014477e-01 -6.881451606750488281e-02
6.350000000000015632e-01 -5.217254161834716797e-02
6.400000000000014566e-01 -3.537392616271972656e-02
6.450000000000013500e-01 -1.841849088668823242e-02
6.500000000000014655e-01 -1.306235790252685547e-03
6.550000000000015810e-01 1.596295833587646484e-02
6.600000000000014744e-01 3.338867425918579102e-02
6.650000000000013678e-01 5.097138881683349609e-02
6.700000000000014833e-01 6.871092319488525391e-02
6.750000000000015987e-01 8.660709857940673828e-02
6.800000000000014921e-01 1.046601533889770508e-01
6.850000000000013856e-01 1.228699684143066406e-01
6.900000000000015010e-01 1.412367820739746094e-01
6.950000000000016165e-01 1.597602963447570801e-01
7.000000000000015099e-01 1.784406304359436035e-01
7.050000000000014033e-01 1.972775459289550781e-01
7.100000000000015188e-01 2.162712812423706055e-01
7.150000000000016342e-01 2.354221940040588379e-01
7.200000000000015277e-01 2.547295093536376953e-01
7.250000000000014211e-01 2.741938233375549316e-01
7.300000000000015365e-01 2.938148975372314453e-01
7.350000000000016520e-01 3.135927319526672363e-01
7.400000000000015454e-01 3.335273861885070801e-01
7.450000000000014388e-01 3.536187410354614258e-01
7.500000000000015543e-01 3.738670945167541504e-01
7.550000000000016698e-01 3.942721486091613770e-01
7.600000000000015632e-01 4.148340225219726562e-01
7.650000000000014566e-01 4.355526566505432129e-01
7.700000000000015721e-01 4.564281105995178223e-01
7.750000000000016875e-01 4.774603247642517090e-01
7.800000000000015810e-01 4.986494183540344238e-01
7.850000000000014744e-01 5.199951529502868652e-01
7.900000000000015898e-01 5.414978861808776855e-01
7.950000000000017053e-01 5.631570816040039062e-01
8.000000000000015987e-01 5.849733948707580566e-01
8.050000000000014921e-01 6.069464087486267090e-01
8.100000000000016076e-01 6.290762424468994141e-01
8.150000000000017231e-01 6.513626575469970703e-01
8.200000000000016165e-01 6.738059520721435547e-01
8.250000000000015099e-01 6.964062452316284180e-01
8.300000000000016254e-01 7.191631793975830078e-01
8.350000000000017408e-01 7.420769333839416504e-01
8.400000000000016342e-01 7.651473283767700195e-01
8.450000000000015277e-01 7.883745431900024414e-01
8.500000000000016431e-01 8.117588162422180176e-01
8.550000000000017586e-01 8.352996706962585449e-01
8.600000000000016520e-01 8.589974045753479004e-01
8.650000000000015454e-01 8.828518390655517578e-01
8.700000000000016609e-01 9.068630337715148926e-01
8.750000000000017764e-01 9.310310482978820801e-01
8.800000000000016698e-01 9.553558826446533203e-01
8.850000000000015632e-01 9.798372983932495117e-01
8.900000000000016787e-01 1.004475891590118408e+00
8.950000000000017941e-01 1.029271066188812256e+00
9.000000000000016875e-01 1.054222881793975830e+00
9.050000000000015810e-01 1.079331815242767334e+00
9.100000000000016964e-01 1.104597210884094238e+00
9.150000000000018119e-01 1.130019545555114746e+00
9.200000000000017053e-01 1.155598580837249756e+00
9.250000000000015987e-01 1.181334316730499268e+00
9.300000000000017142e-01 1.207226932048797607e+00
9.350000000000018296e-01 1.233276426792144775e+00
9.400000000000017231e-01 1.259482562541961670e+00
9.450000000000016165e-01 1.285845577716827393e+00
9.500000000000017319e-01 1.312365174293518066e+00
9.550000000000018474e-01 1.339041709899902344e+00
9.600000000000017408e-01 1.365875065326690674e+00
9.650000000000016342e-01 1.392865121364593506e+00
9.700000000000017497e-01 1.420012056827545166e+00
9.750000000000018652e-01 1.447315573692321777e+00
9.800000000000017586e-01 1.474775850772857666e+00
9.850000000000016520e-01 1.502393066883087158e+00
9.900000000000017675e-01 1.530167102813720703e+00
9.950000000000018829e-01 1.558097779750823975e+00
1.000000000000001776e+00 1.586185142397880554e+00
