-1.000000000000000000e+00 3.047064537614184498e+00
-9.949999999999999956e-01 3.011244213150936933e+00
-9.899999999999999911e-01 2.975586799176262787e+00
-9.849999999999999867e-01 2.940092295690159840e+00
-9.799999999999999822e-01 2.904760702692631202e+00
-9.749999999999999778e-01 2.869592020183673764e+00
-9.699999999999999734e-01 2.834586248163289302e+00
-9.649999999999999689e-01 2.799743386631477815e+00
-9.599999999999999645e-01 2.765063435588238416e+00
-9.549999999999999600e-01 2.730546395033571550e+00
-9.499999999999999556e-01 2.696192264967478103e+00
-9.449999999999999512e-01 2.662001045389956744e+00
-9.399999999999999467e-01 2.627972736301007473e+00
-9.349999999999999423e-01 2.594107337700632065e+00
-9.299999999999999378e-01 2.560404849588828302e+00
-9.249999999999999334e-01 2.526865271965598403e+00
-9.199999999999999289e-01 2.493488604830939259e+00
-9.149999999999999245e-01 2.460274848184853536e+00
-9.099999999999999201e-01 2.427224002027341676e+00
-9.049999999999999156e-01 2.394336066358400128e+00
-8.999999999999999112e-01 2.361611041178033332e+00
-8.949999999999999067e-01 2.329048926486237736e+00
-8.899999999999999023e-01 2.296649722283014672e+00
-8.849999999999998979e-01 2.264413428568365916e+00
-8.799999999999998934e-01 2.232340045342287915e+00
-8.749999999999998890e-01 2.200429572604782891e+00
-8.699999999999998845e-01 2.168682010355851286e+00
-8.649999999999998801e-01 2.137097358595491770e+00
-8.599999999999998757e-01 2.105675617323703896e+00
-8.549999999999998712e-01 2.074416786540490776e+00
-8.499999999999998668e-01 2.043320866245848411e+00
-8.449999999999998623e-01 2.012387856439779910e+00
-8.399999999999998579e-01 1.981617757122283274e+00
-8.349999999999998535e-01 1.951010568293358949e+00
-8.299999999999998490e-01 1.920566289953008265e+00
-8.249999999999998446e-01 1.890284922101229448e+00
-8.199999999999998401e-01 1.860166464738024272e+00
-8.149999999999998357e-01 1.830210917863390740e+00
-8.099999999999998312e-01 1.800418281477329518e+00
-8.049999999999998268e-01 1.770788555579841717e+00
-7.999999999999998224e-01 1.741321740170926002e+00
-7.949999999999998179e-01 1.712017835250583708e+00
-7.899999999999998135e-01 1.682876840818812836e+00
-7.849999999999998090e-01 1.653898756875614939e+00
-7.799999999999998046e-01 1.625083583420990463e+00
-7.749999999999998002e-01 1.596431320454938518e+00
-7.699999999999997957e-01 1.567941967977458440e+00
-7.649999999999997913e-01 1.539615525988550893e+00
-7.599999999999997868e-01 1.511451994488215655e+00
-7.549999999999997824e-01 1.483451373476454060e+00
-7.499999999999997780e-01 1.455613662953265219e+00
-7.449999999999997735e-01 1.427938862918648466e+00
-7.399999999999997691e-01 1.400426973372603578e+00
-7.349999999999997646e-01 1.373077994315131667e+00
-7.299999999999997602e-01 1.345891925746232287e+00
-7.249999999999997558e-01 1.318868767665906772e+00
-7.199999999999997513e-01 1.292008520074153122e+00
-7.149999999999997469e-01 1.265311182970972226e+00
-7.099999999999997424e-01 1.238776756356362974e+00
-7.049999999999997380e-01 1.212405240230326919e+00
-6.999999999999997335e-01 1.186196634592864063e+00
-6.949999999999997291e-01 1.160150939443973739e+00
-6.899999999999997247e-01 1.134268154783655058e+00
-6.849999999999997202e-01 1.108548280611909576e+00
-6.799999999999997158e-01 1.082991316928737291e+00
-6.749999999999997113e-01 1.057597263734136650e+00
-6.699999999999997069e-01 1.032366121028109429e+00
-6.649999999999997025e-01 1.007297888810654074e+00
-6.599999999999996980e-01 9.823925670817719169e-01
-6.549999999999996936e-01 9.576501558414619586e-01
-6.499999999999996891e-01 9.330706550897245322e-01
-6.449999999999996847e-01 9.086540648265600817e-01
-6.399999999999996803e-01 8.844003850519681631e-01
-6.349999999999996758e-01 8.603096157659491094e-01
-6.299999999999996714e-01 8.363817569685023656e-01
-6.249999999999996669e-01 8.126168086596279316e-01
-6.199999999999996625e-01 7.890147708393264736e-01
-6.149999999999996581e-01 7.655756435075976585e-01
-6.099999999999996536e-01 7.422994266644410422e-01
-6.049999999999996492e-01 7.191861203098576238e-01
-5.999999999999996447e-01 6.962357244438467374e-01
-5.949999999999996403e-01 6.734482390664081608e-01
-5.899999999999996358e-01 6.508236641775424491e-01
-5.849999999999996314e-01 6.283619997772490473e-01
-5.799999999999996270e-01 6.060632458655283994e-01
-5.749999999999996225e-01 5.839274024423805054e-01
-5.699999999999996181e-01 5.619544695078048102e-01
-5.649999999999996136e-01 5.401444470618022020e-01
-5.599999999999996092e-01 5.184973351043721257e-01
-5.549999999999996048e-01 4.970131336355147478e-01
-5.499999999999996003e-01 4.756918426552297907e-01
-5.449999999999995959e-01 4.545334621635170880e-01
-5.399999999999995914e-01 4.335379921603775277e-01
-5.349999999999995870e-01 4.127054326458104438e-01
-5.299999999999995826e-01 3.920357836198158363e-01
-5.249999999999995781e-01 3.715290450823939272e-01
-5.199999999999995737e-01 3.511852170335446610e-01
-5.149999999999995692e-01 3.310042994732681487e-01
-5.099999999999995648e-01 3.109862924015642793e-01
-5.049999999999995604e-01 2.911311958184324422e-01
-4.999999999999995559e-01 2.714390097238738031e-01
-4.949999999999995515e-01 2.519097341178875848e-01
-4.899999999999995470e-01 2.325433690004738152e-01
-4.849999999999995426e-01 2.133399143716327440e-01
-4.799999999999995381e-01 1.942993702313646209e-01
-4.749999999999995337e-01 1.754217365796689465e-01
-4.699999999999995293e-01 1.567070134165457485e-01
-4.649999999999995248e-01 1.381552007419949990e-01
-4.599999999999995204e-01 1.197662985560170590e-01
-4.549999999999995159e-01 1.015403068586118174e-01
-4.499999999999995115e-01 8.347722564977892723e-02
-4.449999999999995071e-01 6.557705492951884652e-02
-4.399999999999995026e-01 4.783979469783146421e-02
-4.349999999999994982e-01 3.026544495471665888e-02
-4.299999999999994937e-01 1.285400570017454849e-02
-4.249999999999994893e-01 -4.394523065795446354e-03
-4.199999999999994849e-01 -2.148014134319239932e-02
-4.149999999999994804e-01 -3.840284913201665734e-02
-4.099999999999994760e-01 -5.516264643226879982e-02
-4.049999999999994715e-01 -7.175953324394790389e-02
-3.999999999999994671e-01 -8.819350956705442057e-02
-3.949999999999994627e-01 -1.044645754015883637e-01
-3.899999999999994582e-01 -1.205727307475499555e-01
-3.849999999999994538e-01 -1.365179756049388626e-01
-3.799999999999994493e-01 -1.523003099737547106e-01
-3.749999999999994449e-01 -1.679197338539984430e-01
-3.699999999999994404e-01 -1.833762472456695047e-01
-3.649999999999994360e-01 -1.986698501487675073e-01
-3.599999999999994316e-01 -2.138005425632933942e-01
-3.549999999999994271e-01 -2.287683244892461387e-01
-3.499999999999994227e-01 -2.435731959266268509e-01
-3.449999999999994182e-01 -2.582151568754348925e-01
-3.399999999999994138e-01 -2.726942073356699026e-01
-3.349999999999994094e-01 -2.870103473073326583e-01
-3.299999999999994049e-01 -3.011635767904228267e-01
-3.249999999999994005e-01 -3.151538957849399636e-01
-3.199999999999993960e-01 -3.289813042908850127e-01
-3.149999999999993916e-01 -3.426458023082568638e-01
-3.099999999999993872e-01 -3.561473898370566271e-01
-3.049999999999993827e-01 -3.694860668772838030e-01
-2.999999999999993783e-01 -3.826618334289377810e-01
-2.949999999999993738e-01 -3.956746894920196156e-01
-2.899999999999993694e-01 -4.085246350665289738e-01
-2.849999999999993650e-01 -4.212116701524654117e-01
-2.799999999999993605e-01 -4.337357947498292621e-01
-2.749999999999993561e-01 -4.460970088586205251e-01
-2.699999999999993516e-01 -4.582953124788391452e-01
-2.649999999999993472e-01 -4.703307056104854000e-01
-2.599999999999993427e-01 -4.822031882535587899e-01
-2.549999999999993383e-01 -4.939127604080595924e-01
-2.499999999999993339e-01 -5.054594220739879740e-01
-2.449999999999993294e-01 -5.168431732513435461e-01
-2.399999999999993250e-01 -5.280640139401264754e-01
-2.349999999999993205e-01 -5.391219441403368728e-01
-2.299999999999993161e-01 -5.500169638519745163e-01
-2.249999999999993117e-01 -5.607490730750398500e-01
-2.199999999999993072e-01 -5.713182718095325408e-01
-2.149999999999993028e-01 -5.817245600554524776e-01
-2.099999999999992983e-01 -5.919679378127998826e-01
-2.049999999999992939e-01 -6.020484050815744226e-01
-1.999999999999992895e-01 -6.119659618617765418e-01
-1.949999999999992850e-01 -6.217206081534061290e-01
-1.899999999999992806e-01 -6.313123439564628514e-01
-1.849999999999992761e-01 -6.407411692709473749e-01
-1.799999999999992717e-01 -6.500070840968587005e-01
-1.749999999999992673e-01 -6.591100884341979382e-01
-1.699999999999992628e-01 -6.680501822829645331e-01
-1.649999999999992584e-01 -6.768273656431582630e-01
-1.599999999999992539e-01 -6.854416385147794610e-01
-1.549999999999992495e-01 -6.938930008978282382e-01
-1.499999999999992450e-01 -7.021814527923040394e-01
-1.449999999999992406e-01 -7.103069941982075308e-01
-1.399999999999992362e-01 -7.182696251155383793e-01
-1.349999999999992317e-01 -7.260693455442963629e-01
-1.299999999999992273e-01 -7.337061554844820366e-01
-1.249999999999992228e-01 -7.411800549360948454e-01
-1.199999999999992184e-01 -7.484910438991353443e-01
-1.149999999999992140e-01 -7.556391223736030893e-01
-1.099999999999992095e-01 -7.626242903594980804e-01
-1.049999999999992051e-01 -7.694465478568206507e-01
-9.999999999999920064e-02 -7.761058948655703560e-01
-9.499999999999919620e-02 -7.826023313857478625e-01
-8.999999999999919176e-02 -7.889358574173526151e-01
-8.499999999999918732e-02 -7.951064729603843917e-01
-7.999999999999918288e-02 -8.011141780148440805e-01
-7.499999999999917843e-02 -8.069589725807307934e-01
-6.999999999999917399e-02 -8.126408566580449744e-01
-6.499999999999916955e-02 -8.181598302467867345e-01
-5.999999999999916511e-02 -8.235158933469557407e-01
-5.499999999999916067e-02 -8.287090459585519930e-01
-4.999999999999915623e-02 -8.337392880815758245e-01
-4.499999999999915179e-02 -8.386066197160269020e-01
-3.999999999999914735e-02 -8.433110408619055587e-01
-3.499999999999914291e-02 -8.478525515192114614e-01
-2.999999999999913847e-02 -8.522311516879447213e-01
-2.499999999999913403e-02 -8.564468413681054493e-01
-1.999999999999912959e-02 -8.604996205596935344e-01
-1.499999999999912514e-02 -8.643894892627089765e-01
-9.999999999999120703e-03 -8.681164474771519979e-01
-4.999999999999116262e-03 -8.716804952030221543e-01
8.881784197001252323e-16 -8.750816324403197788e-01
5.000000000000781597e-03 -8.783198591890447604e-01
1.000000000000089706e-02 -8.813951754491972101e-01
1.500000000000101252e-02 -8.843075812207771280e-01
2.000000000000090594e-02 -8.870570765037844030e-01
2.500000000000079936e-02 -8.896436612982188130e-01
3.000000000000091482e-02 -8.920673356040809132e-01
3.500000000000103029e-02 -8.943280994213703705e-01
4.000000000000092371e-02 -8.964259527500869629e-01
4.500000000000081712e-02 -8.983608955902310234e-01
5.000000000000093259e-02 -9.001329279418026630e-01
5.500000000000104805e-02 -9.017420498048016597e-01
6.000000000000094147e-02 -9.031882611792279025e-01
6.500000000000083489e-02 -9.044715620650816135e-01
7.000000000000095035e-02 -9.055919524623626815e-01
7.500000000000106581e-02 -9.065494323710712177e-01
8.000000000000095923e-02 -9.073440017912069999e-01
8.500000000000085265e-02 -9.079756607227702503e-01
9.000000000000096811e-02 -9.084444091657608578e-01
9.500000000000108358e-02 -9.087502471201789334e-01
1.000000000000009770e-01 -9.088931745860243661e-01
1.050000000000008704e-01 -9.088731915632972669e-01
1.100000000000009859e-01 -9.086902980519973028e-01
1.150000000000011013e-01 -9.083444940521249178e-01
1.200000000000009948e-01 -9.078357795636798899e-01
1.250000000000008882e-01 -9.071641545866622192e-01
1.300000000000010036e-01 -9.063296191210720165e-01
1.350000000000011191e-01 -9.053321731669090600e-01
1.400000000000010125e-01 -9.041718167241736825e-01
1.450000000000009059e-01 -9.028485497928655512e-01
1.500000000000010214e-01 -9.013623723729848880e-01
1.550000000000011369e-01 -8.997132844645315819e-01
1.600000000000010303e-01 -8.979012860675056329e-01
1.650000000000009237e-01 -8.959263771819071520e-01
1.700000000000010392e-01 -8.937885578077359172e-01
1.750000000000011546e-01 -8.914878279449921505e-01
1.800000000000010481e-01 -8.890241875936757410e-01
1.850000000000009415e-01 -8.863976367537869105e-01
1.900000000000010569e-01 -8.836081754253252152e-01
1.950000000000011724e-01 -8.806558036082909879e-01
2.000000000000010658e-01 -8.775405213026842288e-01
2.050000000000009592e-01 -8.742623285085048268e-01
2.100000000000010747e-01 -8.708212252257527819e-01
2.150000000000011902e-01 -8.672172114544278720e-01
2.200000000000010836e-01 -8.634502871945307634e-01
2.250000000000009770e-01 -8.595204524460609008e-01
2.300000000000010925e-01 -8.554277072090183953e-01
2.350000000000012079e-01 -8.511720514834031359e-01
2.400000000000011013e-01 -8.467534852692155667e-01
2.450000000000009948e-01 -8.421720085664552435e-01
2.500000000000011102e-01 -8.374276213751223885e-01
2.550000000000012257e-01 -8.325203236952167796e-01
2.600000000000011191e-01 -8.274501155267385277e-01
2.650000000000010125e-01 -8.222169968696879661e-01
2.700000000000011280e-01 -8.168209677240644284e-01
2.750000000000012434e-01 -8.112620280898683589e-01
2.800000000000011369e-01 -8.055401779670998685e-01
2.850000000000010303e-01 -7.996554173557587353e-01
2.900000000000011458e-01 -7.936077462558448481e-01
2.950000000000012612e-01 -7.873971646673580960e-01
3.000000000000011546e-01 -7.810236725902993671e-01
3.050000000000010481e-01 -7.744872700246676622e-01
3.100000000000011635e-01 -7.677879569704633145e-01
3.150000000000012790e-01 -7.609257334276862128e-01
3.200000000000011724e-01 -7.539005993963368013e-01
3.250000000000010658e-01 -7.467125548764149690e-01
3.300000000000011813e-01 -7.393615998679201606e-01
3.350000000000012967e-01 -7.318477343708525984e-01
3.400000000000011902e-01 -7.241709583852126153e-01
3.450000000000010836e-01 -7.163312719110005444e-01
3.500000000000011990e-01 -7.083286749482148315e-01
3.550000000000013145e-01 -7.001631674968571417e-01
3.600000000000012079e-01 -6.918347495569268091e-01
3.650000000000011013e-01 -6.833434211284240556e-01
3.700000000000012168e-01 -6.746891822113483261e-01
3.750000000000013323e-01 -6.658720328056996207e-01
3.800000000000012257e-01 -6.568919729114792716e-01
3.850000000000011191e-01 -6.477490025286856135e-01
3.900000000000012346e-01 -6.384431216573194234e-01
3.950000000000013500e-01 -6.289743302973807015e-01
4.000000000000012434e-01 -6.193426284488695588e-01
4.050000000000011369e-01 -6.095480161117859952e-01
4.100000000000012523e-01 -5.995904932861293446e-01
4.150000000000013678e-01 -5.894700599719000511e-01
4.200000000000012612e-01 -5.791867161690983368e-01
4.250000000000011546e-01 -5.687404618777244236e-01
4.300000000000012701e-01 -5.581312970977769794e-01
4.350000000000013856e-01 -5.473592218292572253e-01
4.400000000000012790e-01 -5.364242360721653835e-01
4.450000000000011724e-01 -5.253263398265007877e-01
4.500000000000012879e-01 -5.140655330922632160e-01
4.550000000000014033e-01 -5.026418158694526683e-01
4.600000000000012967e-01 -4.910551881580706990e-01
4.650000000000011902e-01 -4.793056499581153096e-01
4.700000000000013056e-01 -4.673932012695872773e-01
4.750000000000014211e-01 -4.553178420924866576e-01
4.800000000000013145e-01 -4.430795724268137836e-01
4.850000000000012079e-01 -4.306783922725683778e-01
4.900000000000013234e-01 -4.181143016297499404e-01
4.950000000000014388e-01 -4.053873004983588046e-01
5.000000000000013323e-01 -3.924973888783951370e-01
5.050000000000012257e-01 -3.794445667698598257e-01
5.100000000000013411e-01 -3.662288341727503727e-01
5.150000000000014566e-01 -3.528501910870688874e-01
5.200000000000013500e-01 -3.393086375128151477e-01
5.250000000000012434e-01 -3.256041734499888762e-01
5.300000000000013589e-01 -3.117367988985894622e-01
5.350000000000014744e-01 -2.977065138586169613e-01
5.400000000000013678e-01 -2.835133183300734272e-01
5.450000000000012612e-01 -2.691572123129560845e-01
5.500000000000013767e-01 -2.546381958072663210e-01
5.550000000000014921e-01 -2.399562688130038868e-01
5.600000000000013856e-01 -2.251114313301693370e-01
5.650000000000012790e-01 -2.101036833587621722e-01
5.700000000000013944e-01 -1.949330248987818648e-01
5.750000000000015099e-01 -1.795994559502289978e-01
5.800000000000014033e-01 -1.641029765131034046e-01
5.850000000000012967e-01 -1.484435865874064175e-01
5.900000000000014122e-01 -1.326212861731350945e-01
5.950000000000015277e-01 -1.166360752702917669e-01
6.000000000000014211e-01 -1.004879538788763377e-01
6.050000000000013145e-01 -8.417692199888890392e-02
6.100000000000014300e-01 -6.770297963032657906e-02
6.150000000000015454e-01 -5.106612677319270766e-02
6.200000000000014388e-01 -3.426636342748742153e-02
6.250000000000013323e-01 -1.730368959320839964e-02
6.300000000000014477e-01 -1.781052703567964288e-04
6.350000000000015632e-01 1.711038954106749999e-02
6.400000000000014566e-01 3.456179484106321892e-02
6.450000000000013500e-01 5.217611062963267710e-02
6.500000000000014655e-01 6.995333690677482674e-02
6.550000000000015810e-01 8.789347367248954990e-02
6.600000000000014744e-01 1.059965209267768604e-01
6.650000000000013678e-01 1.242624786696355926e-01
6.700000000000014833e-01 1.426913469010681890e-01
6.750000000000015987e-01 1.612831256210733311e-01
6.800000000000014921e-01 1.800378148296511993e-01
6.850000000000013856e-01 1.989554145268015162e-01
6.900000000000015010e-01 2.180359247125245314e-01
6.950000000000016165e-01 2.372793453868202451e-01
7.000000000000015099e-01 2.566856765496870474e-01
7.050000000000014033e-01 2.762549182011279081e-01
7.100000000000015188e-01 2.959870703411414672e-01
7.150000000000016342e-01 3.158821329697275027e-01
7.200000000000015277e-01 3.359401060868861810e-01
7.250000000000014211e-01 3.561609896926162255e-01
7.300000000000015365e-01 3.765447837869200787e-01
7.350000000000016520e-01 3.970914883697966857e-01
7.400000000000015454e-01 4.178011034412457136e-01
7.450000000000014388e-01 4.386736290012660522e-01
7.500000000000015543e-01 4.597090650498604769e-01
7.550000000000016698e-01 4.809074115870289878e-01
7.600000000000015632e-01 5.022686686127671996e-01
7.650000000000014566e-01 5.237928361270778321e-01
7.700000000000015721e-01 5.454799141299642162e-01
7.750000000000016875e-01 5.673299026214216889e-01
7.800000000000015810e-01 5.893428016014501392e-01
7.850000000000014744e-01 6.115186110700530087e-01
7.900000000000015898e-01 6.338573310272282990e-01
7.950000000000017053e-01 6.563589614729762323e-01
8.000000000000015987e-01 6.790235024072951431e-01
8.050000000000014921e-01 7.018509538301886952e-01
8.100000000000016076e-01 7.248413157416543351e-01
8.150000000000017231e-01 7.479945881416928399e-01
8.200000000000016165e-01 7.713107710303038766e-01
8.250000000000015099e-01 7.947898644074856689e-01
8.300000000000016254e-01 8.184318682732421024e-01
8.350000000000017408e-01 8.422367826275707348e-01
8.400000000000016342e-01 8.662046074704722320e-01
8.450000000000015277e-01 8.903353428019462612e-01
8.500000000000016431e-01 9.146289886219929333e-01
8.550000000000017586e-01 9.390855449306123592e-01
8.600000000000016520e-01 9.637050117278023187e-01
8.650000000000015454e-01 9.884873890135669194e-01
8.700000000000016609e-01 1.013432676787904274e+00
8.750000000000017764e-01 1.038540875050813828e+00
8.800000000000016698e-01 1.063811983802296135e+00
8.850000000000015632e-01 1.089246003042349198e+00
8.900000000000016787e-01 1.114842932770977013e+00
8.950000000000017941e-01 1.140602772988177360e+00
9.000000000000016875e-01 1.166525523693950017e+00
9.050000000000015810e-01 1.192611184888293430e+00
9.100000000000016964e-01 1.218859756571211372e+00
9.150000000000018119e-01 1.245271238742703845e+00
9.200000000000017053e-01 1.271845631402765520e+00
9.250000000000015987e-01 1.298582934551399726e+00
9.300000000000017142e-01 1.325483148188610016e+00
9.350000000000018296e-01 1.352546272314390841e+00
9.400000000000017231e-01 1.379772306928742864e+00
9.450000000000016165e-01 1.407161252031668974e+00
9.500000000000017319e-01 1.434713107623168282e+00
9.550000000000018474e-01 1.462427873703239456e+00
9.600000000000017408e-01 1.490305550271881829e+00
9.650000000000016342e-01 1.518346137329098955e+00
9.700000000000017497e-01 1.546549634874887946e+00
9.750000000000018652e-01 1.574916042909249914e+00
9.800000000000017586e-01 1.603445361432184857e+00
9.850000000000016520e-01 1.632137590443689890e+00
9.900000000000017675e-01 1.660992729943769675e+00
9.950000000000018829e-01 1.690010779932422436e+00
1.000000000000001776e+00 1.719191740409647284e+00
