-1.000000000000000000e+00 2.678990192468052811e+00
-9.949999999999999956e-01 2.645605783084182150e+00
-9.899999999999999911e-01 2.612373008382281370e+00
-9.849999999999999867e-01 2.579292135128060437e+00
-9.799999999999999822e-01 2.546363105230273760e+00
-9.749999999999999778e-01 2.513585738885456777e+00
-9.699999999999999734e-01 2.480960185454467393e+00
-9.649999999999999689e-01 2.448486414611114270e+00
-9.599999999999999645e-01 2.416164457380080677e+00
-9.549999999999999600e-01 2.383994342457743443e+00
-9.499999999999999556e-01 2.351975951042266644e+00
-9.449999999999999512e-01 2.320109372598825104e+00
-9.399999999999999467e-01 2.288394755731577135e+00
-9.349999999999999423e-01 2.256831654162386513e+00
-9.299999999999999378e-01 2.225420633611509658e+00
-9.249999999999999334e-01 2.194161247160526074e+00
-9.199999999999999289e-01 2.163053673565162427e+00
-9.149999999999999245e-01 2.132097942860571749e+00
-9.099999999999999201e-01 2.101294084499830461e+00
-9.049999999999999156e-01 2.070642009367009706e+00
-8.999999999999999112e-01 2.040141508962268091e+00
-8.949999999999999067e-01 2.009793149122277356e+00
-8.899999999999999023e-01 1.979596393696272827e+00
-8.849999999999998979e-01 1.949551391521243460e+00
-8.799999999999998934e-01 1.919658291783424175e+00
-8.749999999999998890e-01 1.889917064738700248e+00
-8.699999999999998845e-01 1.860327501479776657e+00
-8.649999999999998801e-01 1.830889870402177877e+00
-8.599999999999998757e-01 1.801603903576040722e+00
-8.549999999999998712e-01 1.772469868581982411e+00
-8.499999999999998668e-01 1.743487587129937566e+00
-8.449999999999998623e-01 1.714657148568665690e+00
-8.399999999999998579e-01 1.685978582467658526e+00
-8.349999999999998535e-01 1.657451799536364234e+00
-8.299999999999998490e-01 1.629076710542438633e+00
-8.249999999999998446e-01 1.600853523811100132e+00
-8.199999999999998401e-01 1.572782209831064648e+00
-8.149999999999998357e-01 1.544862559695037163e+00
-8.099999999999998312e-01 1.517094871775487519e+00
-8.049999999999998268e-01 1.489478817955831147e+00
-7.999999999999998224e-01 1.462014725945198990e+00
-7.949999999999998179e-01 1.434702477058170444e+00
-7.899999999999998135e-01 1.407542011282647110e+00
-7.849999999999998090e-01 1.380533447944333858e+00
-7.799999999999998046e-01 1.353676369868924922e+00
-7.749999999999998002e-01 1.326971372928245074e+00
-7.699999999999997957e-01 1.300418218761922873e+00
-7.649999999999997913e-01 1.274016698928324587e+00
-7.599999999999997868e-01 1.247767200683018274e+00
-7.549999999999997824e-01 1.221669426002780057e+00
-7.499999999999997780e-01 1.195723553817959584e+00
-7.449999999999997735e-01 1.169929256303010590e+00
-7.399999999999997691e-01 1.144287039922790683e+00
-7.349999999999997646e-01 1.118796457817087031e+00
-7.299999999999997602e-01 1.093457927160205401e+00
-7.249999999999997558e-01 1.068271090324277139e+00
-7.199999999999997513e-01 1.043236036774477071e+00
-7.149999999999997469e-01 1.018352885603679425e+00
-7.099999999999997424e-01 9.936214580561576470e-01
-7.049999999999997380e-01 9.690420818992501184e-01
-6.999999999999997335e-01 9.446141910634545669e-01
-6.949999999999997291e-01 9.203383218741586491e-01
-6.899999999999997247e-01 8.962143551220728144e-01
-6.849999999999997202e-01 8.722418437141535863e-01
-6.799999999999997158e-01 8.484214732784388646e-01
-6.749999999999997113e-01 8.247529751283658728e-01
-6.699999999999997069e-01 8.012362308695523128e-01
-6.649999999999997025e-01 7.778711802570691392e-01
-6.599999999999996980e-01 7.546581513492932602e-01
-6.549999999999996936e-01 7.315969354135526403e-01
-6.499999999999996891e-01 7.086874131823500678e-01
-6.449999999999996847e-01 6.859297934465652391e-01
-6.399999999999996803e-01 6.633240465784987494e-01
-6.349999999999996758e-01 6.408699932403473243e-01
-6.299999999999996714e-01 6.185677829675918504e-01
-6.249999999999996669e-01 5.964175645390136227e-01
-6.199999999999996625e-01 5.744190696172958299e-01
-6.149999999999996581e-01 5.525722984352691158e-01
-6.099999999999996536e-01 5.308775785274414405e-01
-6.049999999999996492e-01 5.093345526151901170e-01
-5.999999999999996447e-01 4.879433695355040457e-01
-5.949999999999996403e-01 4.667042377300170686e-01
-5.899999999999996358e-01 4.456166211643797781e-01
-5.849999999999996314e-01 4.246809069777449097e-01
-5.799999999999996270e-01 4.038969759608229126e-01
-5.749999999999996225e-01 3.832650369044934835e-01
-5.699999999999996181e-01 3.627849108201993134e-01
-5.649999999999996136e-01 3.424566273938474681e-01
-5.599999999999996092e-01 3.222800976259244110e-01
-5.549999999999996048e-01 3.022554404346813883e-01
-5.499999999999996003e-01 2.823825963318889465e-01
-5.449999999999995959e-01 2.626615653175470855e-01
-5.399999999999995914e-01 2.430923471588251894e-01
-5.349999999999995870e-01 2.236749720072915559e-01
-5.299999999999995826e-01 2.044096778740716880e-01
-5.249999999999995781e-01 1.852959586435539430e-01
-5.199999999999995737e-01 1.663341414427926546e-01
-5.149999999999995692e-01 1.475240483309684103e-01
-5.099999999999995648e-01 1.288660659815726583e-01
-5.049999999999995604e-01 1.103597179649008220e-01
-4.999999999999995559e-01 9.200521278079429321e-02
-4.949999999999995515e-01 7.380249082460829668e-02
-4.899999999999995470e-01 5.575173091027715855e-02
-4.849999999999995426e-01 3.785281371209600620e-02
-4.799999999999995381e-01 2.010562031181359344e-02
-4.749999999999995337e-01 2.510507988052606675e-03
-4.699999999999995293e-01 -1.493311883997341938e-02
-4.649999999999995248e-01 -3.222472425433045573e-02
-4.599999999999995204e-01 -4.936442728968506999e-02
-4.549999999999995159e-01 -6.635243632946333237e-02
-4.499999999999995115e-01 -8.318857285076922126e-02
-4.449999999999995071e-01 -9.987271729506722040e-02
-4.399999999999995026e-01 -1.164051085465977187e-01
-4.349999999999994982e-01 -1.327857760584371383e-01
-4.299999999999994937e-01 -1.490144816448370213e-01
-4.249999999999994893e-01 -1.650913741427863235e-01
-4.199999999999994849e-01 -1.810163940058479304e-01
-4.149999999999994804e-01 -1.967897201061638290e-01
-4.099999999999994760e-01 -2.124109649553353185e-01
-4.049999999999994715e-01 -2.278805755299905533e-01
-3.999999999999994671e-01 -2.431981345976161057e-01
-3.949999999999994627e-01 -2.583640297630260263e-01
-3.899999999999994582e-01 -2.733781117817776773e-01
-3.849999999999994538e-01 -2.882404107472317789e-01
-3.799999999999994493e-01 -3.029506283451261495e-01
-3.749999999999994449e-01 -3.175090925756300364e-01
-3.699999999999994404e-01 -3.319157436594756816e-01
-3.649999999999994360e-01 -3.461705220502259706e-01
-3.599999999999994316e-01 -3.602734577830339346e-01
-3.549999999999994271e-01 -3.742246699507738028e-01
-3.499999999999994227e-01 -3.880238602973910544e-01
-3.449999999999994182e-01 -4.016712676489184175e-01
-3.399999999999994138e-01 -4.151668319350498293e-01
-3.349999999999994094e-01 -4.285107323189655815e-01
-3.299999999999994049e-01 -4.417023725213872765e-01
-3.249999999999994005e-01 -4.547425872983800743e-01
-3.199999999999993960e-01 -4.676308698358404015e-01
-3.149999999999993916e-01 -4.803671305521781121e-01
-3.099999999999993872e-01 -4.929517572850378726e-01
-3.049999999999993827e-01 -5.053844218014197365e-01
-2.999999999999993783e-01 -5.176651540782691852e-01
-2.949999999999993738e-01 -5.297941926505805865e-01
-2.899999999999993694e-01 -5.417713584133813098e-01
-2.849999999999993650e-01 -5.535966217971796111e-01
-2.799999999999993605e-01 -5.652699828601831511e-01
-2.749999999999993561e-01 -5.767916501022333220e-01
-2.699999999999993516e-01 -5.881615638604776874e-01
-2.649999999999993472e-01 -5.993793963675776437e-01
-2.599999999999993427e-01 -6.104455053096095041e-01
-2.549999999999993383e-01 -6.213596222910487965e-01
-2.499999999999993339e-01 -6.321221349167095438e-01
-2.449999999999993294e-01 -6.427326258958706573e-01
-2.399999999999993250e-01 -6.531913933099636749e-01
-2.349999999999993205e-01 -6.634982285427318827e-01
-2.299999999999993161e-01 -6.736531313031369761e-01
-2.249999999999993117e-01 -6.836563105566816345e-01
-2.199999999999993072e-01 -6.935075576289014831e-01
-2.149999999999993028e-01 -7.032070811360532359e-01
-2.099999999999992983e-01 -7.127546723454648570e-01
-2.049999999999992939e-01 -7.221505398151853994e-01
-1.999999999999992895e-01 -7.313943260337615326e-01
-1.949999999999992850e-01 -7.404864485247449890e-01
-1.899999999999992806e-01 -7.494266980315947846e-01
-1.849999999999992761e-01 -7.582150453922728017e-01
-1.799999999999992717e-01 -7.668516687804290966e-01
-1.749999999999992673e-01 -7.753362707549164012e-01
-1.699999999999992628e-01 -7.836691790830733195e-01
-1.649999999999992584e-01 -7.918500654736922995e-01
-1.599999999999992539e-01 -7.998793177644180075e-01
-1.549999999999992495e-01 -8.077566974202560202e-01
-1.499999999999992450e-01 -8.154821448947692231e-01
-1.449999999999992406e-01 -8.230556301528045848e-01
-1.399999999999992362e-01 -8.304774515086242870e-01
-1.349999999999992317e-01 -8.377473704272339061e-01
-1.299999999999992273e-01 -8.448654167691634909e-01
-1.249999999999992228e-01 -8.518315604992600099e-01
-1.199999999999992184e-01 -8.586460105830261424e-01
-1.149999999999992140e-01 -8.653085581131668702e-01
-1.099999999999992095e-01 -8.718192928458953217e-01
-1.049999999999992051e-01 -8.781781546526977733e-01
-9.999999999999920064e-02 -8.843850843945907370e-01
-9.499999999999919620e-02 -8.904402606526778952e-01
-8.999999999999919176e-02 -8.963434450083801464e-01
-8.499999999999918732e-02 -9.020949057990143016e-01
-7.999999999999918288e-02 -9.076944940129684225e-01
-7.499999999999917843e-02 -9.131423584290238038e-01
-6.999999999999917399e-02 -9.184381119080277101e-01
-6.499999999999916955e-02 -9.235821418219635204e-01
-5.999999999999916511e-02 -9.285743884497711376e-01
-5.499999999999916067e-02 -9.334147922450134471e-01
-4.999999999999915623e-02 -9.381032341148162201e-01
-4.499999999999915179e-02 -9.426399521285125926e-01
-3.999999999999914735e-02 -9.470246784726547018e-01
-3.499999999999914291e-02 -9.512575619842315033e-01
-2.999999999999913847e-02 -9.553387814771773234e-01
-2.499999999999913403e-02 -9.592680983582900778e-01
-1.999999999999912959e-02 -9.630455129186080709e-01
-1.499999999999912514e-02 -9.666710250999236420e-01
-9.999999999999120703e-03 -9.701447837392257467e-01
-4.999999999999116262e-03 -9.734666399995254293e-01
8.881784197001252323e-16 -9.766366236249374166e-01
5.000000000000781597e-03 -9.796548241388441935e-01
1.000000000000089706e-02 -9.825212115643003896e-01
1.500000000000101252e-02 -9.852357262384535685e-01
2.000000000000090594e-02 -9.877982490684295014e-01
2.500000000000079936e-02 -9.902091675426268891e-01
3.000000000000091482e-02 -9.924680047656798676e-01
3.500000000000103029e-02 -9.945751780283095256e-01
4.000000000000092371e-02 -9.965304489701444224e-01
4.500000000000081712e-02 -9.983337277767637685e-01
5.000000000000093259e-02 -9.999852830183150187e-01
5.500000000000104805e-02 -1.001484995543716394e+00
6.000000000000094147e-02 -1.002832954643519514e+00
6.500000000000083489e-02 -1.004028921899145388e+00
7.000000000000095035e-02 -1.005073046147582971e+00
7.500000000000106581e-02 -1.005965476749690168e+00
8.000000000000095923e-02 -1.006705826042445295e+00
8.500000000000085265e-02 -1.007294541118891829e+00
9.000000000000096811e-02 -1.007731264467576437e+00
9.500000000000108358e-02 -1.008016234390662902e+00
1.000000000000009770e-01 -1.008149331446031027e+00
1.050000000000008704e-01 -1.008130436890052550e+00
1.100000000000009859e-01 -1.007959937687257224e+00
1.150000000000011013e-01 -1.007637357466148131e+00
1.200000000000009948e-01 -1.007163202458752238e+00
1.250000000000008882e-01 -1.006536996118949645e+00
1.300000000000010036e-01 -1.005758917086051696e+00
1.350000000000011191e-01 -1.004829054941648536e+00
1.400000000000010125e-01 -1.003747379708794796e+00
1.450000000000009059e-01 -1.002513801980523311e+00
1.500000000000010214e-01 -1.001128470768446022e+00
1.550000000000011369e-01 -9.995912075496667937e-01
1.600000000000010303e-01 -9.979021907888742104e-01
1.650000000000009237e-01 -9.960611224628442839e-01
1.700000000000010392e-01 -9.940683902928063587e-01
1.750000000000011546e-01 -9.919238449761101917e-01
1.800000000000010481e-01 -9.896273673616738931e-01
1.850000000000009415e-01 -9.871791066357323841e-01
1.900000000000010569e-01 -9.845790329377556160e-01
1.950000000000011724e-01 -9.818268481281043902e-01
2.000000000000010658e-01 -9.789229993580298439e-01
2.050000000000009592e-01 -9.758673672436194435e-01
2.100000000000010747e-01 -9.726598624943213478e-01
2.150000000000011902e-01 -9.693003957031683937e-01
2.200000000000010836e-01 -9.657892947539145068e-01
2.250000000000009770e-01 -9.621262021351063565e-01
2.300000000000010925e-01 -9.583111473580280260e-01
2.350000000000012079e-01 -9.543444879341328457e-01
2.400000000000011013e-01 -9.502257474337162391e-01
2.450000000000009948e-01 -9.459554921009035722e-01
2.500000000000011102e-01 -9.415332148887606278e-01
2.550000000000012257e-01 -9.369589756929704860e-01
2.600000000000011191e-01 -9.322329234087297634e-01
2.650000000000010125e-01 -9.273550880129838303e-01
2.700000000000011280e-01 -9.223255289357544795e-01
2.750000000000012434e-01 -9.171440077584626094e-01
2.800000000000011369e-01 -9.118105245975235418e-01
2.850000000000010303e-01 -9.063253775925764755e-01
2.900000000000011458e-01 -9.006883576617034093e-01
2.950000000000012612e-01 -8.948993759218061284e-01
3.000000000000011546e-01 -8.889587001863324955e-01
3.050000000000010481e-01 -8.828660327230969385e-01
3.100000000000011635e-01 -8.766217311017604485e-01
3.150000000000012790e-01 -8.702253779151866153e-01
3.200000000000011724e-01 -8.636773310240747348e-01
3.250000000000010658e-01 -8.569772623700478986e-01
3.300000000000011813e-01 -8.501255296973900810e-01
3.350000000000012967e-01 -8.431218945293145195e-01
3.400000000000011902e-01 -8.359663869591819063e-01
3.450000000000010836e-01 -8.286591853352652803e-01
3.500000000000011990e-01 -8.211999025766195670e-01
3.550000000000013145e-01 -8.135890152875723258e-01
3.600000000000012079e-01 -8.058259575150364951e-01
3.650000000000011013e-01 -7.979113846190662995e-01
3.700000000000012168e-01 -7.898448496230335847e-01
3.750000000000013323e-01 -7.816264720854738668e-01
3.800000000000012257e-01 -7.732562813430482462e-01
3.850000000000011191e-01 -7.647343668027238861e-01
3.900000000000012346e-01 -7.560604010464081481e-01
3.950000000000013500e-01 -7.472346223180571512e-01
4.000000000000012434e-01 -7.382570601289549783e-01
4.050000000000011369e-01 -7.291277446306699828e-01
4.100000000000012523e-01 -7.198464372300000802e-01
4.150000000000013678e-01 -7.104134062060544208e-01
4.200000000000012612e-01 -7.008285025472210661e-01
4.250000000000011546e-01 -6.910916965675929502e-01
4.300000000000012701e-01 -6.812031372205743507e-01
4.350000000000013856e-01 -6.711625260754877642e-01
4.400000000000012790e-01 -6.609704299003275052e-01
4.450000000000011724e-01 -6.506262823345528856e-01
4.500000000000012879e-01 -6.401303216803276852e-01
4.550000000000014033e-01 -6.294825183681601599e-01
4.600000000000012967e-01 -6.186829017929190710e-01
4.650000000000011902e-01 -6.077314424433203355e-01
4.700000000000013056e-01 -5.966281402029486314e-01
4.750000000000014211e-01 -5.853728166071155981e-01
4.800000000000013145e-01 -5.739659777132252172e-01
4.850000000000012079e-01 -5.624072364985400752e-01
4.900000000000013234e-01 -5.506966224743442551e-01
4.950000000000014388e-01 -5.388341061293536738e-01
5.000000000000013323e-01 -5.268196874053606704e-01
5.050000000000012257e-01 -5.146537535579333023e-01
5.100000000000013411e-01 -5.023355300177277938e-01
5.150000000000014566e-01 -4.898658509005250905e-01
5.200000000000013500e-01 -4.772440608462708567e-01
5.250000000000012434e-01 -4.644705767964402710e-01
5.300000000000013589e-01 -4.515451903093996022e-01
5.350000000000014744e-01 -4.384681697224656616e-01
5.400000000000013678e-01 -4.252390976867096994e-01
5.450000000000012612e-01 -4.118582424230332051e-01
5.500000000000013767e-01 -3.983257230243104074e-01
5.550000000000014921e-01 -3.846411822119186197e-01
5.600000000000013856e-01 -3.708048578223603342e-01
5.650000000000012790e-01 -3.568167205189744506e-01
5.700000000000013944e-01 -3.426766809530014668e-01
5.750000000000015099e-01 -3.283848877285996948e-01
5.800000000000014033e-01 -3.139411922416108225e-01
5.850000000000012967e-01 -2.993458027008379374e-01
5.900000000000014122e-01 -2.845984215487184499e-01
5.950000000000015277e-01 -2.696993167151155446e-01
6.000000000000014211e-01 -2.546483986766467367e-01
6.050000000000013145e-01 -2.394455485150607521e-01
6.100000000000014300e-01 -2.240908853814395363e-01
6.150000000000015454e-01 -2.085844089847447569e-01
6.200000000000014388e-01 -1.929260303254628772e-01
6.250000000000013323e-01 -1.771161069732548887e-01
6.300000000000014477e-01 -1.611541020788641865e-01
6.350000000000015632e-01 -1.450403440499136443e-01
6.400000000000014566e-01 -1.287746238626929218e-01
6.450000000000013500e-01 -1.123573586333001251e-01
6.500000000000014655e-01 -9.578804224612361140e-02
6.550000000000015810e-01 -7.906700211925601907e-02
6.600000000000014744e-01 -6.219414884573018498e-02
6.650000000000013678e-01 -4.516933358855715341e-02
6.700000000000014833e-01 -2.799273521987891145e-02
6.750000000000015987e-01 -1.066447277436202712e-02
6.800000000000014921e-01 6.815900841036975043e-03
6.850000000000013856e-01 2.444781914936208778e-02
6.900000000000015010e-01 4.223161020899021678e-02
6.950000000000016165e-01 6.016736313585022145e-02
7.000000000000015099e-01 7.825469073258170538e-02
7.050000000000014033e-01 9.649418904563242250e-02
7.100000000000015188e-01 1.148852320516092484e-01
7.150000000000016342e-01 1.334283862856758540e-01
7.200000000000015277e-01 1.521230256080237930e-01
7.250000000000014211e-01 1.709696865768713658e-01
7.300000000000015365e-01 1.899680712272023564e-01
7.350000000000016520e-01 2.091183880588581567e-01
7.400000000000015454e-01 2.284203390486148899e-01
7.450000000000014388e-01 2.478741628478823011e-01
7.500000000000015543e-01 2.674799486307968821e-01
7.550000000000016698e-01 2.872374577459489431e-01
7.600000000000015632e-01 3.071467503800598409e-01
7.650000000000014566e-01 3.272078261256759490e-01
7.700000000000015721e-01 3.474208043667098011e-01
7.750000000000016875e-01 3.677856551262160267e-01
7.800000000000015810e-01 3.883021698461455729e-01
7.850000000000014744e-01 4.089707361313124623e-01
7.900000000000015898e-01 4.297910556092468526e-01
7.950000000000017053e-01 4.507629498734680440e-01
8.000000000000015987e-01 4.718868955865112569e-01
8.050000000000014921e-01 4.931626840157044556e-01
8.100000000000016076e-01 5.145899873355014309e-01
8.150000000000017231e-01 5.361693124182133063e-01
8.200000000000016165e-01 5.579004206706380531e-01
8.250000000000015099e-01 5.797834609297646269e-01
8.300000000000016254e-01 6.018182247539592966e-01
8.350000000000017408e-01 6.240046230272932037e-01
8.400000000000016342e-01 6.463430725166184887e-01
8.450000000000015277e-01 6.688333349197713718e-01
8.500000000000016431e-01 6.914752614579705581e-01
8.550000000000017586e-01 7.142690903751721665e-01
8.600000000000016520e-01 7.372146128804965004e-01
8.650000000000015454e-01 7.603118589508889302e-01
8.700000000000016609e-01 7.835612160165404960e-01
8.750000000000017764e-01 8.069622072402929946e-01
8.800000000000016698e-01 8.305150411219878182e-01
8.850000000000015632e-01 8.542196583480184957e-01
8.900000000000016787e-01 8.780761479761062249e-01
8.950000000000017941e-01 9.020843910297920987e-01
9.000000000000016875e-01 9.262444169621525392e-01
9.050000000000015810e-01 9.505562261806411728e-01
9.100000000000016964e-01 9.750198781152797922e-01
9.150000000000018119e-01 9.996353427891230270e-01
9.200000000000017053e-01 1.024402739702498621e+00
9.250000000000015987e-01 1.049321740913445211e+00
9.300000000000017142e-01 1.074392525294104672e+00
9.350000000000018296e-01 1.099615092611646361e+00
9.400000000000017231e-01 1.124989591761266894e+00
9.450000000000016165e-01 1.150515814708786166e+00
9.500000000000017319e-01 1.176193999407121993e+00
9.550000000000018474e-01 1.202023788519444025e+00
9.600000000000017408e-01 1.228005390138140029e+00
9.650000000000016342e-01 1.254138894077630795e+00
9.700000000000017497e-01 1.280424121407566673e+00
9.750000000000018652e-01 1.306861161593122489e+00
9.800000000000017586e-01 1.333450133843587793e+00
9.850000000000016520e-01 1.360190680181847966e+00
9.900000000000017675e-01 1.387082979829290963e+00
9.950000000000018829e-01 1.414127211774474091e+00
1.000000000000001776e+00 1.441323226249085820e+00
