-1.000000000000000000e+00 2.678990297262782150e+00
-9.949999999999999956e-01 2.645605881592484110e+00
-9.899999999999999911e-01 2.612373099672833376e+00
-9.849999999999999867e-01 2.579292221179922961e+00
-9.799999999999999822e-01 2.546363184995708906e+00
-9.749999999999999778e-01 2.513585813295787119e+00
-9.699999999999999734e-01 2.480960254742523574e+00
-9.649999999999999689e-01 2.448486480057464831e+00
-9.599999999999999645e-01 2.416164517820572399e+00
-9.549999999999999600e-01 2.383994398940114223e+00
-9.499999999999999556e-01 2.351976003799347126e+00
-9.449999999999999512e-01 2.320109421747030609e+00
-9.399999999999999467e-01 2.288394802202230238e+00
-9.349999999999999423e-01 2.256831697373410606e+00
-9.299999999999999378e-01 2.225420674028566026e+00
-9.249999999999999334e-01 2.194161285016445362e+00
-9.199999999999999289e-01 2.163053709209190600e+00
-9.149999999999999245e-01 2.132097976176293486e+00
-9.099999999999999201e-01 2.101294116069322371e+00
-9.049999999999999156e-01 2.070642039190271788e+00
-8.999999999999999112e-01 2.040141536806469702e+00
-8.949999999999999067e-01 2.009793175569495105e+00
-8.899999999999999023e-01 1.979596418746506714e+00
-8.849999999999998979e-01 1.949551415523739450e+00
-8.799999999999998934e-01 1.919658314738182270e+00
-8.749999999999998890e-01 1.889917086529305124e+00
-8.699999999999998845e-01 1.860327522571889602e+00
-8.649999999999998801e-01 1.830889890912214213e+00
-8.599999999999998757e-01 1.801603923038339161e+00
-8.549999999999998712e-01 1.772469887811450207e+00
-8.499999999999998668e-01 1.743487605893744075e+00
-8.449999999999998623e-01 1.714657166750395589e+00
-8.399999999999998579e-01 1.685978600416557782e+00
-8.349999999999998535e-01 1.657451817368848168e+00
-8.299999999999998490e-01 1.629076728025676601e+00
-8.249999999999998446e-01 1.600853541294338100e+00
-8.199999999999998401e-01 1.572782227081471973e+00
-8.149999999999998357e-01 1.544862577061859810e+00
-8.099999999999998312e-01 1.517094888909479522e+00
-8.049999999999998268e-01 1.489478835089823150e+00
-7.999999999999998224e-01 1.462014743544852280e+00
-7.949999999999998179e-01 1.434702494541408413e+00
-7.899999999999998135e-01 1.407542028882300400e+00
-7.849999999999998090e-01 1.380533465660402470e+00
-7.799999999999998046e-01 1.353676387584993535e+00
-7.749999999999998002e-01 1.326971390877144330e+00
-7.699999999999997957e-01 1.300418237060068094e+00
-7.649999999999997913e-01 1.274016717342885130e+00
-7.599999999999997868e-01 1.247767219330409461e+00
-7.549999999999997824e-01 1.221669444999417209e+00
-7.499999999999997780e-01 1.195723573047427379e+00
-7.449999999999997735e-01 1.169929275648893707e+00
-7.399999999999997691e-01 1.144287059617919766e+00
-7.349999999999997646e-01 1.118796477745046758e+00
-7.299999999999997602e-01 1.093457947320995771e+00
-7.249999999999997558e-01 1.068271110717898154e+00
-7.199999999999997513e-01 1.043236057284513407e+00
-7.149999999999997469e-01 1.018352906346546405e+00
-7.099999999999997424e-01 9.936214790318550483e-01
-7.049999999999997380e-01 9.690421032241934851e-01
-6.999999999999997335e-01 9.446142125048132554e-01
-6.949999999999997291e-01 9.203383434319326595e-01
-6.899999999999997247e-01 8.962143767962621466e-01
-6.849999999999997202e-01 8.722418656211735621e-01
-6.799999999999997158e-01 8.484214951854588405e-01
-6.749999999999997113e-01 8.247529977338777796e-01
-6.699999999999997069e-01 8.012362532422335759e-01
-6.649999999999997025e-01 7.778712027461657241e-01
-6.599999999999996980e-01 7.546581738383898452e-01
-6.549999999999996936e-01 7.315969580190645472e-01
-6.499999999999996891e-01 7.086874361371079400e-01
-6.449999999999996847e-01 6.859298166341537550e-01
-6.399999999999996803e-01 6.633240695332566217e-01
-6.349999999999996758e-01 6.408700165443511620e-01
-6.299999999999996714e-01 6.185678061551803664e-01
-6.249999999999996669e-01 5.964175876101868168e-01
-6.199999999999996625e-01 5.744190928048843459e-01
-6.149999999999996581e-01 5.525723215064423099e-01
-6.099999999999996536e-01 5.308776018314452783e-01
-6.049999999999996492e-01 5.093345758027786330e-01
-5.999999999999996447e-01 4.879433926066773508e-01
-5.949999999999996403e-01 4.667042610340210174e-01
-5.899999999999996358e-01 4.456166442355530832e-01
-5.849999999999996314e-01 4.246809299325028930e-01
-5.799999999999996270e-01 4.038969989155808960e-01
-5.749999999999996225e-01 3.832650596264208231e-01
-5.699999999999996181e-01 3.627849334257113312e-01
-5.649999999999996136e-01 3.424566502321901296e-01
-5.599999999999996092e-01 3.222801202314364288e-01
-5.549999999999996048e-01 3.022554629237780843e-01
-5.499999999999996003e-01 2.823826185881549988e-01
-5.449999999999995959e-01 2.626615872245671723e-01
-5.399999999999995914e-01 2.430923690658452208e-01
-5.349999999999995870e-01 2.236749935650656218e-01
-5.299999999999995826e-01 2.044096995482610757e-01
-5.249999999999995781e-01 1.852959798520820434e-01
-5.199999999999995737e-01 1.663341630005667204e-01
-5.149999999999995692e-01 1.475240693066658670e-01
-5.099999999999995648e-01 1.288660869572701151e-01
-5.049999999999995604e-01 1.103597387077676351e-01
-4.999999999999995559e-01 9.200523329083046264e-02
-4.949999999999995515e-01 7.380251110181382246e-02
-4.899999999999995470e-01 5.575175095465204067e-02
-4.849999999999995426e-01 3.785283375647088833e-02
-4.799999999999995381e-01 2.010564000694251008e-02
-4.749999999999995337e-01 2.510527683181524184e-03
-4.699999999999995293e-01 -1.493309972692111187e-02
-4.649999999999995248e-01 -3.222470525769347005e-02
-4.599999999999995204e-01 -4.936440829304808431e-02
-4.549999999999995159e-01 -6.635241768207231217e-02
-4.499999999999995115e-01 -8.318855431979352288e-02
-4.449999999999995071e-01 -9.987269934616813116e-02
-4.399999999999995026e-01 -1.164050907141139513e-01
-4.349999999999994982e-01 -1.327857585751993363e-01
-4.299999999999994937e-01 -1.490144642780145412e-01
-4.249999999999994893e-01 -1.650913570087944870e-01
-4.199999999999994849e-01 -1.810163771046867376e-01
-4.149999999999994804e-01 -1.967897033214179581e-01
-4.099999999999994760e-01 -2.124109482870047694e-01
-4.049999999999994715e-01 -2.278805590944906478e-01
-3.999999999999994671e-01 -2.431981185113621657e-01
-3.949999999999994627e-01 -2.583640137931873526e-01
-3.899999999999994582e-01 -2.733780961611849691e-01
-3.849999999999994538e-01 -2.882403951266390707e-01
-3.799999999999994493e-01 -3.029506129573640849e-01
-3.749999999999994449e-01 -3.175090773042832937e-01
-3.699999999999994404e-01 -3.319157287373749043e-01
-3.649999999999994360e-01 -3.461705075937864806e-01
-3.599999999999994316e-01 -3.602734434430097665e-01
-3.549999999999994271e-01 -3.742246556107496347e-01
-3.499999999999994227e-01 -3.880238463066128518e-01
-3.449999999999994182e-01 -4.016712535417248930e-01
-3.399999999999994138e-01 -4.151668181771022703e-01
-3.349999999999994094e-01 -4.285107186774333443e-01
-3.299999999999994049e-01 -4.417023592291010048e-01
-3.249999999999994005e-01 -4.547425740060938026e-01
-3.199999999999993960e-01 -4.676308565435541298e-01
-3.149999999999993916e-01 -4.803671176091378059e-01
-3.099999999999993872e-01 -4.929517442255822446e-01
-3.049999999999993827e-01 -5.053844089747948631e-01
-2.999999999999993783e-01 -5.176651414844749555e-01
-2.949999999999993738e-01 -5.297941800567863568e-01
-2.899999999999993694e-01 -5.417713461688330456e-01
-2.849999999999993650e-01 -5.535966097854619905e-01
-2.799999999999993605e-01 -5.652699708484655305e-01
-2.749999999999993561e-01 -5.767916380905157014e-01
-2.699999999999993516e-01 -5.881615519651753887e-01
-2.649999999999993472e-01 -5.993793845886906668e-01
-2.599999999999993427e-01 -6.104454935307225272e-01
-2.549999999999993383e-01 -6.213596107449924633e-01
-2.499999999999993339e-01 -6.321221234870685324e-01
-2.449999999999993294e-01 -6.427326145826449677e-01
-2.399999999999993250e-01 -6.531913819967379853e-01
-2.349999999999993205e-01 -6.634982171130908712e-01
-2.299999999999993161e-01 -6.736531202227419302e-01
-2.249999999999993117e-01 -6.836562995927019104e-01
-2.199999999999993072e-01 -6.935075466649217590e-01
-2.149999999999993028e-01 -7.032070700556581899e-01
-2.099999999999992983e-01 -7.127546612650698110e-01
-2.049999999999992939e-01 -7.221505289676209971e-01
-1.999999999999992895e-01 -7.313943154190277740e-01
-1.949999999999992850e-01 -7.404864375607652649e-01
-1.899999999999992806e-01 -7.494266874168610260e-01
-1.849999999999992761e-01 -7.582150345447083994e-01
-1.799999999999992717e-01 -7.668516583985259816e-01
-1.749999999999992673e-01 -7.753362603730132863e-01
-1.699999999999992628e-01 -7.836691683519242391e-01
-1.649999999999992584e-01 -7.918500549753738627e-01
-1.599999999999992539e-01 -7.998793072660995707e-01
-1.549999999999992495e-01 -8.077566869219375834e-01
-1.499999999999992450e-01 -8.154821342800354644e-01
-1.449999999999992406e-01 -8.230556197709014699e-01
-1.399999999999992362e-01 -8.304774411267211720e-01
-1.349999999999992317e-01 -8.377473600453307911e-01
-1.299999999999992273e-01 -8.448654062708450541e-01
-1.249999999999992228e-01 -8.518315502337722167e-01
-1.199999999999992184e-01 -8.586460002011230275e-01
-1.149999999999992140e-01 -8.653085478476790771e-01
-1.099999999999992095e-01 -8.718192822311615631e-01
-1.049999999999992051e-01 -8.781781442707946583e-01
-9.999999999999920064e-02 -8.843850738962723002e-01
-9.499999999999919620e-02 -8.904402501543594584e-01
-8.999999999999919176e-02 -8.963434346264770314e-01
-8.499999999999918732e-02 -9.020948954171111867e-01
-7.999999999999918288e-02 -9.076944835146499857e-01
-7.499999999999917843e-02 -9.131423481635360107e-01
-6.999999999999917399e-02 -9.184381016425399169e-01
-6.499999999999916955e-02 -9.235821314400604054e-01
-5.999999999999916511e-02 -9.285743780678680226e-01
-5.499999999999916067e-02 -9.334147818631103322e-01
-4.999999999999915623e-02 -9.381032235000824615e-01
-4.499999999999915179e-02 -9.426399417466094777e-01
-3.999999999999914735e-02 -9.470246679743362650e-01
-3.499999999999914291e-02 -9.512575513694977447e-01
-2.999999999999913847e-02 -9.553387707460282430e-01
-2.499999999999913403e-02 -9.592680878599716410e-01
-1.999999999999912959e-02 -9.630455024202896341e-01
-1.499999999999912514e-02 -9.666710144851898834e-01
-9.999999999999120703e-03 -9.701447732409073099e-01
-4.999999999999116262e-03 -9.734666295012069925e-01
8.881784197001252323e-16 -9.766366131266189798e-01
5.000000000000781597e-03 -9.796548134076951131e-01
1.000000000000089706e-02 -9.825212007167359873e-01
1.500000000000101252e-02 -9.852357155073044881e-01
2.000000000000090594e-02 -9.877982384536957428e-01
2.500000000000079936e-02 -9.902091569278931305e-01
3.000000000000091482e-02 -9.924679941509461090e-01
3.500000000000103029e-02 -9.945751672971604451e-01
4.000000000000092371e-02 -9.965304378897493764e-01
4.500000000000081712e-02 -9.983337169291993662e-01
5.000000000000093259e-02 -9.999852722871659383e-01
5.500000000000104805e-02 -1.001484984696151770e+00
6.000000000000094147e-02 -1.002832943679539568e+00
6.500000000000083489e-02 -1.004028910818750120e+00
7.000000000000095035e-02 -1.005073035300018347e+00
7.500000000000106581e-02 -1.005965465785710222e+00
8.000000000000095923e-02 -1.006705815078465349e+00
8.500000000000085265e-02 -1.007294530154911882e+00
9.000000000000096811e-02 -1.007731253270765848e+00
9.500000000000108358e-02 -1.008016222961021668e+00
1.000000000000009770e-01 -1.008149320249220438e+00
1.050000000000008704e-01 -1.008130425460411317e+00
1.100000000000009859e-01 -1.007959926490446634e+00
1.150000000000011013e-01 -1.007637346036506898e+00
1.200000000000009948e-01 -1.007163191145526326e+00
1.250000000000008882e-01 -1.006536984689308412e+00
1.300000000000010036e-01 -1.005758905656410462e+00
1.350000000000011191e-01 -1.004829043279176659e+00
1.400000000000010125e-01 -1.003747367929907597e+00
1.450000000000009059e-01 -1.002513790201636112e+00
1.500000000000010214e-01 -1.001128459105974144e+00
1.550000000000011369e-01 -9.995911955379491731e-01
1.600000000000010303e-01 -9.979021786607412681e-01
1.650000000000009237e-01 -9.960611104511266634e-01
1.700000000000010392e-01 -9.940683780482580945e-01
1.750000000000011546e-01 -9.919238327315619275e-01
1.800000000000010481e-01 -9.896273552335409507e-01
1.850000000000009415e-01 -9.871790943911841198e-01
1.900000000000010569e-01 -9.845790204603767082e-01
1.950000000000011724e-01 -9.818268355343101605e-01
2.000000000000010658e-01 -9.789229865314049706e-01
2.050000000000009592e-01 -9.758673544169945702e-01
2.100000000000010747e-01 -9.726598496676964745e-01
2.150000000000011902e-01 -9.693003828765435204e-01
2.200000000000010836e-01 -9.657892818108743116e-01
2.250000000000009770e-01 -9.621261887264048740e-01
2.300000000000010925e-01 -9.583111337164958998e-01
2.350000000000012079e-01 -9.543444745254313633e-01
2.400000000000011013e-01 -9.502257339085994348e-01
2.450000000000009948e-01 -9.459554781101254806e-01
2.500000000000011102e-01 -9.415332008979825362e-01
2.550000000000012257e-01 -9.369589615857770726e-01
2.600000000000011191e-01 -9.322329093015363499e-01
2.650000000000010125e-01 -9.273550736729597732e-01
2.700000000000011280e-01 -9.223255144793151006e-01
2.750000000000012434e-01 -9.171439933020232305e-01
2.800000000000011369e-01 -9.118105100246688410e-01
2.850000000000010303e-01 -9.063253625540604874e-01
2.900000000000011458e-01 -9.006883427396027431e-01
2.950000000000012612e-01 -8.948993606504594966e-01
3.000000000000011546e-01 -8.889586849149858638e-01
3.050000000000010481e-01 -8.828660172189196631e-01
3.100000000000011635e-01 -8.766217152483372077e-01
3.150000000000012790e-01 -8.702253619453480527e-01
3.200000000000011724e-01 -8.636773147049902066e-01
3.250000000000010658e-01 -8.569772459345480486e-01
3.300000000000011813e-01 -8.501255131454749092e-01
3.350000000000012967e-01 -8.431218779773993477e-01
3.400000000000011902e-01 -8.359663699416054472e-01
3.450000000000010836e-01 -8.286591683176888212e-01
3.500000000000011990e-01 -8.211998853262124642e-01
3.550000000000013145e-01 -8.135889980371652230e-01
3.600000000000012079e-01 -8.058259399153834268e-01
3.650000000000011013e-01 -7.979113669029979095e-01
3.700000000000012168e-01 -7.898448319069651946e-01
3.750000000000013323e-01 -7.816264537873288676e-01
3.800000000000012257e-01 -7.732562628120726034e-01
3.850000000000011191e-01 -7.647343483881635651e-01
3.900000000000012346e-01 -7.560603822826018616e-01
3.950000000000013500e-01 -7.472346030885895773e-01
4.000000000000012434e-01 -7.382570408994874045e-01
4.050000000000011369e-01 -7.291277251683717653e-01
4.100000000000012523e-01 -7.198464176512865409e-01
4.150000000000013678e-01 -7.104133865109255597e-01
4.200000000000012612e-01 -7.008284827356768831e-01
4.250000000000011546e-01 -6.910916764068028018e-01
4.300000000000012701e-01 -6.812031165941229149e-01
4.350000000000013856e-01 -6.711625056818669721e-01
4.400000000000012790e-01 -6.609704093902913913e-01
4.450000000000011724e-01 -6.506262615916861280e-01
4.500000000000012879e-01 -6.401303008210456058e-01
4.550000000000014033e-01 -6.294824970432167932e-01
4.600000000000012967e-01 -6.186828804679757043e-01
4.650000000000011902e-01 -6.077314210019616469e-01
4.700000000000013056e-01 -5.966281187615899428e-01
4.750000000000014211e-01 -5.853727945836803004e-01
4.800000000000013145e-01 -5.739659556897899195e-01
4.850000000000012079e-01 -5.624072142422741338e-01
4.900000000000013234e-01 -5.506966003344936356e-01
4.950000000000014388e-01 -5.388340838730877325e-01
5.000000000000013323e-01 -5.268196649162640854e-01
5.050000000000012257e-01 -5.146537310688367173e-01
5.100000000000013411e-01 -5.023355071793852433e-01
5.150000000000014566e-01 -4.898658280621824290e-01
5.200000000000013500e-01 -4.772440377750975515e-01
5.250000000000012434e-01 -4.644705538416822876e-01
5.300000000000013589e-01 -4.515451674710569407e-01
5.350000000000014744e-01 -4.384681467677076783e-01
5.400000000000013678e-01 -4.252390746155363943e-01
5.450000000000012612e-01 -4.118582192354445781e-01
5.500000000000013767e-01 -3.983256999531371023e-01
5.550000000000014921e-01 -3.846411587914993491e-01
5.600000000000013856e-01 -3.708048347511870291e-01
5.650000000000012790e-01 -3.568166975642164673e-01
5.700000000000013944e-01 -3.426766577654128398e-01
5.750000000000015099e-01 -3.283848647738417115e-01
5.800000000000014033e-01 -3.139411691704375174e-01
5.850000000000012967e-01 -2.993457799789105978e-01
5.900000000000014122e-01 -2.845983987103757884e-01
5.950000000000015277e-01 -2.696992938767728831e-01
6.000000000000014211e-01 -2.546483761875500407e-01
6.050000000000013145e-01 -2.394455261423794334e-01
6.100000000000014300e-01 -2.240908630087582176e-01
6.150000000000015454e-01 -2.085843870777247255e-01
6.200000000000014388e-01 -1.929260085348581677e-01
6.250000000000013323e-01 -1.771160850662348574e-01
6.300000000000014477e-01 -1.611540806375054424e-01
6.350000000000015632e-01 -1.450403224921395784e-01
6.400000000000014566e-01 -1.287746024213341778e-01
6.450000000000013500e-01 -1.123573377740179902e-01
6.500000000000014655e-01 -9.578802138684147649e-02
6.550000000000015810e-01 -7.906698149280452781e-02
6.600000000000014744e-01 -6.219412868493998103e-02
6.650000000000013678e-01 -4.516931377701291495e-02
6.700000000000014833e-01 -2.799271552474999480e-02
6.750000000000015987e-01 -1.066445331206375413e-02
6.800000000000014921e-01 6.815919837673962457e-03
6.850000000000013856e-01 2.444783791316842980e-02
6.900000000000015010e-01 4.223162850713527150e-02
6.950000000000016165e-01 6.016738131757995434e-02
7.000000000000015099e-01 7.825470868148079462e-02
7.050000000000014033e-01 9.649420664528554625e-02
7.100000000000015188e-01 1.148852495348470504e-01
7.150000000000016342e-01 1.334284033032523686e-01
7.200000000000015277e-01 1.521230423927696640e-01
7.250000000000014211e-01 1.709697031287865931e-01
7.300000000000015365e-01 1.899680874298716182e-01
7.350000000000016520e-01 2.091184040286967749e-01
7.400000000000015454e-01 2.284203549020381863e-01
7.450000000000014388e-01 2.478741782356443102e-01
7.500000000000015543e-01 2.674799636693129812e-01
7.550000000000016698e-01 2.872374730172956858e-01
7.600000000000015632e-01 3.071467653021606181e-01
7.650000000000014566e-01 3.272078409313614045e-01
7.700000000000015721e-01 3.474208189395646129e-01
7.750000000000016875e-01 3.677856696990708385e-01
7.800000000000015810e-01 3.883021845354157064e-01
7.850000000000014744e-01 4.089707507041672740e-01
7.900000000000015898e-01 4.297910705313476298e-01
7.950000000000017053e-01 4.507629647955688212e-01
8.000000000000015987e-01 4.718869105086120341e-01
8.050000000000014921e-01 4.931626991706358765e-01
8.100000000000016076e-01 5.145900029560940281e-01
8.150000000000017231e-01 5.361693282716365472e-01
8.200000000000016165e-01 5.579004368733072594e-01
8.250000000000015099e-01 5.797834779473410860e-01
8.300000000000016254e-01 6.018182427028583303e-01
8.350000000000017408e-01 6.240046414418535248e-01
8.400000000000016342e-01 6.463430918625013843e-01
8.450000000000015277e-01 6.688333554298074857e-01
8.500000000000016431e-01 6.914752828993292466e-01
8.550000000000017586e-01 7.142691128642687515e-01
8.600000000000016520e-01 7.372146368829922691e-01
8.650000000000015454e-01 7.603118845831992045e-01
8.700000000000016609e-01 7.835612433950805977e-01
8.750000000000017764e-01 8.069622364814782456e-01
8.800000000000016698e-01 8.305150725750641838e-01
8.850000000000015632e-01 8.542196917801553324e-01
8.900000000000016787e-01 8.780761838529648200e-01
8.950000000000017941e-01 9.020844293513724521e-01
9.000000000000016875e-01 9.262444584269465819e-01
9.050000000000015810e-01 9.505562706722335831e-01
9.100000000000016964e-01 9.750199258665012136e-01
9.150000000000018119e-01 9.996353943820500687e-01
9.200000000000017053e-01 1.024402795137131505e+00
9.250000000000015987e-01 1.049321800422614359e+00
9.300000000000017142e-01 1.074392588994225406e+00
9.350000000000018296e-01 1.099615161084795290e+00
9.400000000000017231e-01 1.124989665822351270e+00
9.450000000000016165e-01 1.150515894008560025e+00
9.500000000000017319e-01 1.176194084527661943e+00
9.550000000000018474e-01 1.202023879460750067e+00
9.600000000000017408e-01 1.228005487947950058e+00
9.650000000000016342e-01 1.254138998988775455e+00
9.700000000000017497e-01 1.280424233885707253e+00
9.750000000000018652e-01 1.306861281987504952e+00
9.800000000000017586e-01 1.333450262503458106e+00
9.850000000000016520e-01 1.360190818154944026e+00
9.900000000000017675e-01 1.387083127348443412e+00
9.950000000000018829e-01 1.414127368723267608e+00
1.000000000000001776e+00 1.441323394024504267e+00
