-1.000000000000000000e+00 2.678990244865417480e+00
-9.949999999999999956e-01 2.645605832338333130e+00
-9.899999999999999911e-01 2.612373054027557373e+00
-9.849999999999999867e-01 2.579292178153991699e+00
-9.799999999999999822e-01 2.546363145112991333e+00
-9.749999999999999778e-01 2.513585776090621948e+00
-9.699999999999999734e-01 2.480960220098495483e+00
-9.649999999999999689e-01 2.448486447334289551e+00
-9.599999999999999645e-01 2.416164487600326538e+00
-9.549999999999999600e-01 2.383994370698928833e+00
-9.499999999999999556e-01 2.351975977420806885e+00
-9.449999999999999512e-01 2.320109397172927856e+00
-9.399999999999999467e-01 2.288394778966903687e+00
-9.349999999999999423e-01 2.256831675767898560e+00
-9.299999999999999378e-01 2.225420653820037842e+00
-9.249999999999999334e-01 2.194161266088485718e+00
-9.199999999999999289e-01 2.163053691387176514e+00
-9.149999999999999245e-01 2.132097959518432617e+00
-9.099999999999999201e-01 2.101294100284576416e+00
-9.049999999999999156e-01 2.070642024278640747e+00
-8.999999999999999112e-01 2.040141522884368896e+00
-8.949999999999999067e-01 2.009793162345886230e+00
-8.899999999999999023e-01 1.979596406221389771e+00
-8.849999999999998979e-01 1.949551403522491455e+00
-8.799999999999998934e-01 1.919658303260803223e+00
-8.749999999999998890e-01 1.889917075634002686e+00
-8.699999999999998845e-01 1.860327512025833130e+00
-8.649999999999998801e-01 1.830889880657196045e+00
-8.599999999999998757e-01 1.801603913307189941e+00
-8.549999999999998712e-01 1.772469878196716309e+00
-8.499999999999998668e-01 1.743487596511840820e+00
-8.449999999999998623e-01 1.714657157659530640e+00
-8.399999999999998579e-01 1.685978591442108154e+00
-8.349999999999998535e-01 1.657451808452606201e+00
-8.299999999999998490e-01 1.629076719284057617e+00
-8.249999999999998446e-01 1.600853532552719116e+00
-8.199999999999998401e-01 1.572782218456268311e+00
-8.149999999999998357e-01 1.544862568378448486e+00
-8.099999999999998312e-01 1.517094880342483521e+00
-8.049999999999998268e-01 1.489478826522827148e+00
-7.999999999999998224e-01 1.462014734745025635e+00
-7.949999999999998179e-01 1.434702485799789429e+00
-7.899999999999998135e-01 1.407542020082473755e+00
-7.849999999999998090e-01 1.380533456802368164e+00
-7.799999999999998046e-01 1.353676378726959229e+00
-7.749999999999998002e-01 1.326971381902694702e+00
-7.699999999999997957e-01 1.300418227910995483e+00
-7.649999999999997913e-01 1.274016708135604858e+00
-7.599999999999997868e-01 1.247767210006713867e+00
-7.549999999999997824e-01 1.221669435501098633e+00
-7.499999999999997780e-01 1.195723563432693481e+00
-7.449999999999997735e-01 1.169929265975952148e+00
-7.399999999999997691e-01 1.144287049770355225e+00
-7.349999999999997646e-01 1.118796467781066895e+00
-7.299999999999997602e-01 1.093457937240600586e+00
-7.249999999999997558e-01 1.068271100521087646e+00
-7.199999999999997513e-01 1.043236047029495239e+00
-7.149999999999997469e-01 1.018352895975112915e+00
-7.099999999999997424e-01 9.936214685440063477e-01
-7.049999999999997380e-01 9.690420925617218018e-01
-6.999999999999997335e-01 9.446142017841339111e-01
-6.949999999999997291e-01 9.203383326530456543e-01
-6.899999999999997247e-01 8.962143659591674805e-01
-6.849999999999997202e-01 8.722418546676635742e-01
-6.799999999999997158e-01 8.484214842319488525e-01
-6.749999999999997113e-01 8.247529864311218262e-01
-6.699999999999997069e-01 8.012362420558929443e-01
-6.649999999999997025e-01 7.778711915016174316e-01
-6.599999999999996980e-01 7.546581625938415527e-01
-6.549999999999996936e-01 7.315969467163085938e-01
-6.499999999999996891e-01 7.086874246597290039e-01
-6.449999999999996847e-01 6.859298050403594971e-01
-6.399999999999996803e-01 6.633240580558776855e-01
-6.349999999999996758e-01 6.408700048923492432e-01
-6.299999999999996714e-01 6.185677945613861084e-01
-6.249999999999996669e-01 5.964175760746002197e-01
-6.199999999999996625e-01 5.744190812110900879e-01
-6.149999999999996581e-01 5.525723099708557129e-01
-6.099999999999996536e-01 5.308775901794433594e-01
-6.049999999999996492e-01 5.093345642089843750e-01
-5.999999999999996447e-01 4.879433810710906982e-01
-5.949999999999996403e-01 4.667042493820190430e-01
-5.899999999999996358e-01 4.456166326999664307e-01
-5.849999999999996314e-01 4.246809184551239014e-01
-5.799999999999996270e-01 4.038969874382019043e-01
-5.749999999999996225e-01 3.832650482654571533e-01
-5.699999999999996181e-01 3.627849221229553223e-01
-5.649999999999996136e-01 3.424566388130187988e-01
-5.599999999999996092e-01 3.222801089286804199e-01
-5.549999999999996048e-01 3.022554516792297363e-01
-5.499999999999996003e-01 2.823826074600219727e-01
-5.449999999999995959e-01 2.626615762710571289e-01
-5.399999999999995914e-01 2.430923581123352051e-01
-5.349999999999995870e-01 2.236749827861785889e-01
-5.299999999999995826e-01 2.044096887111663818e-01
-5.249999999999995781e-01 1.852959692478179932e-01
-5.199999999999995737e-01 1.663341522216796875e-01
-5.149999999999995692e-01 1.475240588188171387e-01
-5.099999999999995648e-01 1.288660764694213867e-01
-5.049999999999995604e-01 1.103597283363342285e-01
-4.999999999999995559e-01 9.200522303581237793e-02
-4.949999999999995515e-01 7.380250096321105957e-02
-4.899999999999995470e-01 5.575174093246459961e-02
-4.849999999999995426e-01 3.785282373428344727e-02
-4.799999999999995381e-01 2.010563015937805176e-02
-4.749999999999995337e-01 2.510517835617065430e-03
-4.699999999999995293e-01 -1.493310928344726562e-02
-4.649999999999995248e-01 -3.222471475601196289e-02
-4.599999999999995204e-01 -4.936441779136657715e-02
-4.549999999999995159e-01 -6.635242700576782227e-02
-4.499999999999995115e-01 -8.318856358528137207e-02
-4.449999999999995071e-01 -9.987270832061767578e-02
-4.399999999999995026e-01 -1.164050996303558350e-01
-4.349999999999994982e-01 -1.327857673168182373e-01
-4.299999999999994937e-01 -1.490144729614257812e-01
-4.249999999999994893e-01 -1.650913655757904053e-01
-4.199999999999994849e-01 -1.810163855552673340e-01
-4.149999999999994804e-01 -1.967897117137908936e-01
-4.099999999999994760e-01 -2.124109566211700439e-01
-4.049999999999994715e-01 -2.278805673122406006e-01
-3.999999999999994671e-01 -2.431981265544891357e-01
-3.949999999999994627e-01 -2.583640217781066895e-01
-3.899999999999994582e-01 -2.733781039714813232e-01
-3.849999999999994538e-01 -2.882404029369354248e-01
-3.799999999999994493e-01 -3.029506206512451172e-01
-3.749999999999994449e-01 -3.175090849399566650e-01
-3.699999999999994404e-01 -3.319157361984252930e-01
-3.649999999999994360e-01 -3.461705148220062256e-01
-3.599999999999994316e-01 -3.602734506130218506e-01
-3.549999999999994271e-01 -3.742246627807617188e-01
-3.499999999999994227e-01 -3.880238533020019531e-01
-3.449999999999994182e-01 -4.016712605953216553e-01
-3.399999999999994138e-01 -4.151668250560760498e-01
-3.349999999999994094e-01 -4.285107254981994629e-01
-3.299999999999994049e-01 -4.417023658752441406e-01
-3.249999999999994005e-01 -4.547425806522369385e-01
-3.199999999999993960e-01 -4.676308631896972656e-01
-3.149999999999993916e-01 -4.803671240806579590e-01
-3.099999999999993872e-01 -4.929517507553100586e-01
-3.049999999999993827e-01 -5.053844153881072998e-01
-2.999999999999993783e-01 -5.176651477813720703e-01
-2.949999999999993738e-01 -5.297941863536834717e-01
-2.899999999999993694e-01 -5.417713522911071777e-01
-2.849999999999993650e-01 -5.535966157913208008e-01
-2.799999999999993605e-01 -5.652699768543243408e-01
-2.749999999999993561e-01 -5.767916440963745117e-01
-2.699999999999993516e-01 -5.881615579128265381e-01
-2.649999999999993472e-01 -5.993793904781341553e-01
-2.599999999999993427e-01 -6.104454994201660156e-01
-2.549999999999993383e-01 -6.213596165180206299e-01
-2.499999999999993339e-01 -6.321221292018890381e-01
-2.449999999999993294e-01 -6.427326202392578125e-01
-2.399999999999993250e-01 -6.531913876533508301e-01
-2.349999999999993205e-01 -6.634982228279113770e-01
-2.299999999999993161e-01 -6.736531257629394531e-01
-2.249999999999993117e-01 -6.836563050746917725e-01
-2.199999999999993072e-01 -6.935075521469116211e-01
-2.149999999999993028e-01 -7.032070755958557129e-01
-2.099999999999992983e-01 -7.127546668052673340e-01
-2.049999999999992939e-01 -7.221505343914031982e-01
-1.999999999999992895e-01 -7.313943207263946533e-01
-1.949999999999992850e-01 -7.404864430427551270e-01
-1.899999999999992806e-01 -7.494266927242279053e-01
-1.849999999999992761e-01 -7.582150399684906006e-01
-1.799999999999992717e-01 -7.668516635894775391e-01
-1.749999999999992673e-01 -7.753362655639648438e-01
-1.699999999999992628e-01 -7.836691737174987793e-01
-1.649999999999992584e-01 -7.918500602245330811e-01
-1.599999999999992539e-01 -7.998793125152587891e-01
-1.549999999999992495e-01 -8.077566921710968018e-01
-1.499999999999992450e-01 -8.154821395874023438e-01
-1.449999999999992406e-01 -8.230556249618530273e-01
-1.399999999999992362e-01 -8.304774463176727295e-01
-1.349999999999992317e-01 -8.377473652362823486e-01
-1.299999999999992273e-01 -8.448654115200042725e-01
-1.249999999999992228e-01 -8.518315553665161133e-01
-1.199999999999992184e-01 -8.586460053920745850e-01
-1.149999999999992140e-01 -8.653085529804229736e-01
-1.099999999999992095e-01 -8.718192875385284424e-01
-1.049999999999992051e-01 -8.781781494617462158e-01
-9.999999999999920064e-02 -8.843850791454315186e-01
-9.499999999999919620e-02 -8.904402554035186768e-01
-8.999999999999919176e-02 -8.963434398174285889e-01
-8.499999999999918732e-02 -9.020949006080627441e-01
-7.999999999999918288e-02 -9.076944887638092041e-01
-7.499999999999917843e-02 -9.131423532962799072e-01
-6.999999999999917399e-02 -9.184381067752838135e-01
-6.499999999999916955e-02 -9.235821366310119629e-01
-5.999999999999916511e-02 -9.285743832588195801e-01
-5.499999999999916067e-02 -9.334147870540618896e-01
-4.999999999999915623e-02 -9.381032288074493408e-01
-4.499999999999915179e-02 -9.426399469375610352e-01
-3.999999999999914735e-02 -9.470246732234954834e-01
-3.499999999999914291e-02 -9.512575566768646240e-01
-2.999999999999913847e-02 -9.553387761116027832e-01
-2.499999999999913403e-02 -9.592680931091308594e-01
-1.999999999999912959e-02 -9.630455076694488525e-01
-1.499999999999912514e-02 -9.666710197925567627e-01
-9.999999999999120703e-03 -9.701447784900665283e-01
-4.999999999999116262e-03 -9.734666347503662109e-01
8.881784197001252323e-16 -9.766366183757781982e-01
5.000000000000781597e-03 -9.796548187732696533e-01
1.000000000000089706e-02 -9.825212061405181885e-01
1.500000000000101252e-02 -9.852357208728790283e-01
2.000000000000090594e-02 -9.877982437610626221e-01
2.500000000000079936e-02 -9.902091622352600098e-01
3.000000000000091482e-02 -9.924679994583129883e-01
3.500000000000103029e-02 -9.945751726627349854e-01
4.000000000000092371e-02 -9.965304434299468994e-01
4.500000000000081712e-02 -9.983337223529815674e-01
5.000000000000093259e-02 -9.999852776527404785e-01
5.500000000000104805e-02 -1.001484990119934082e+00
6.000000000000094147e-02 -1.002832949161529541e+00
6.500000000000083489e-02 -1.004028916358947754e+00
7.000000000000095035e-02 -1.005073040723800659e+00
7.500000000000106581e-02 -1.005965471267700195e+00
8.000000000000095923e-02 -1.006705820560455322e+00
8.500000000000085265e-02 -1.007294535636901855e+00
9.000000000000096811e-02 -1.007731258869171143e+00
9.500000000000108358e-02 -1.008016228675842285e+00
1.000000000000009770e-01 -1.008149325847625732e+00
1.050000000000008704e-01 -1.008130431175231934e+00
1.100000000000009859e-01 -1.007959932088851929e+00
1.150000000000011013e-01 -1.007637351751327515e+00
1.200000000000009948e-01 -1.007163196802139282e+00
1.250000000000008882e-01 -1.006536990404129028e+00
1.300000000000010036e-01 -1.005758911371231079e+00
1.350000000000011191e-01 -1.004829049110412598e+00
1.400000000000010125e-01 -1.003747373819351196e+00
1.450000000000009059e-01 -1.002513796091079712e+00
1.500000000000010214e-01 -1.001128464937210083e+00
1.550000000000011369e-01 -9.995912015438079834e-01
1.600000000000010303e-01 -9.979021847248077393e-01
1.650000000000009237e-01 -9.960611164569854736e-01
1.700000000000010392e-01 -9.940683841705322266e-01
1.750000000000011546e-01 -9.919238388538360596e-01
1.800000000000010481e-01 -9.896273612976074219e-01
1.850000000000009415e-01 -9.871791005134582520e-01
1.900000000000010569e-01 -9.845790266990661621e-01
1.950000000000011724e-01 -9.818268418312072754e-01
2.000000000000010658e-01 -9.789229929447174072e-01
2.050000000000009592e-01 -9.758673608303070068e-01
2.100000000000010747e-01 -9.726598560810089111e-01
2.150000000000011902e-01 -9.693003892898559570e-01
2.200000000000010836e-01 -9.657892882823944092e-01
2.250000000000009770e-01 -9.621261954307556152e-01
2.300000000000010925e-01 -9.583111405372619629e-01
2.350000000000012079e-01 -9.543444812297821045e-01
2.400000000000011013e-01 -9.502257406711578369e-01
2.450000000000009948e-01 -9.459554851055145264e-01
2.500000000000011102e-01 -9.415332078933715820e-01
2.550000000000012257e-01 -9.369589686393737793e-01
2.600000000000011191e-01 -9.322329163551330566e-01
2.650000000000010125e-01 -9.273550808429718018e-01
2.700000000000011280e-01 -9.223255217075347900e-01
2.750000000000012434e-01 -9.171440005302429199e-01
2.800000000000011369e-01 -9.118105173110961914e-01
2.850000000000010303e-01 -9.063253700733184814e-01
2.900000000000011458e-01 -9.006883502006530762e-01
2.950000000000012612e-01 -8.948993682861328125e-01
3.000000000000011546e-01 -8.889586925506591797e-01
3.050000000000010481e-01 -8.828660249710083008e-01
3.100000000000011635e-01 -8.766217231750488281e-01
3.150000000000012790e-01 -8.702253699302673340e-01
3.200000000000011724e-01 -8.636773228645324707e-01
3.250000000000010658e-01 -8.569772541522979736e-01
3.300000000000011813e-01 -8.501255214214324951e-01
3.350000000000012967e-01 -8.431218862533569336e-01
3.400000000000011902e-01 -8.359663784503936768e-01
3.450000000000010836e-01 -8.286591768264770508e-01
3.500000000000011990e-01 -8.211998939514160156e-01
3.550000000000013145e-01 -8.135890066623687744e-01
3.600000000000012079e-01 -8.058259487152099609e-01
3.650000000000011013e-01 -7.979113757610321045e-01
3.700000000000012168e-01 -7.898448407649993896e-01
3.750000000000013323e-01 -7.816264629364013672e-01
3.800000000000012257e-01 -7.732562720775604248e-01
3.850000000000011191e-01 -7.647343575954437256e-01
3.900000000000012346e-01 -7.560603916645050049e-01
3.950000000000013500e-01 -7.472346127033233643e-01
4.000000000000012434e-01 -7.382570505142211914e-01
4.050000000000011369e-01 -7.291277348995208740e-01
4.100000000000012523e-01 -7.198464274406433105e-01
4.150000000000013678e-01 -7.104133963584899902e-01
4.200000000000012612e-01 -7.008284926414489746e-01
4.250000000000011546e-01 -6.910916864871978760e-01
4.300000000000012701e-01 -6.812031269073486328e-01
4.350000000000013856e-01 -6.711625158786773682e-01
4.400000000000012790e-01 -6.609704196453094482e-01
4.450000000000011724e-01 -6.506262719631195068e-01
4.500000000000012879e-01 -6.401303112506866455e-01
4.550000000000014033e-01 -6.294825077056884766e-01
4.600000000000012967e-01 -6.186828911304473877e-01
4.650000000000011902e-01 -6.077314317226409912e-01
4.700000000000013056e-01 -5.966281294822692871e-01
4.750000000000014211e-01 -5.853728055953979492e-01
4.800000000000013145e-01 -5.739659667015075684e-01
4.850000000000012079e-01 -5.624072253704071045e-01
4.900000000000013234e-01 -5.506966114044189453e-01
4.950000000000014388e-01 -5.388340950012207031e-01
5.000000000000013323e-01 -5.268196761608123779e-01
5.050000000000012257e-01 -5.146537423133850098e-01
5.100000000000013411e-01 -5.023355185985565186e-01
5.150000000000014566e-01 -4.898658394813537598e-01
5.200000000000013500e-01 -4.772440493106842041e-01
5.250000000000012434e-01 -4.644705653190612793e-01
5.300000000000013589e-01 -4.515451788902282715e-01
5.350000000000014744e-01 -4.384681582450866699e-01
5.400000000000013678e-01 -4.252390861511230469e-01
5.450000000000012612e-01 -4.118582308292388916e-01
5.500000000000013767e-01 -3.983257114887237549e-01
5.550000000000014921e-01 -3.846411705017089844e-01
5.600000000000013856e-01 -3.708048462867736816e-01
5.650000000000012790e-01 -3.568167090415954590e-01
5.700000000000013944e-01 -3.426766693592071533e-01
5.750000000000015099e-01 -3.283848762512207031e-01
5.800000000000014033e-01 -3.139411807060241699e-01
5.850000000000012967e-01 -2.993457913398742676e-01
5.900000000000014122e-01 -2.845984101295471191e-01
5.950000000000015277e-01 -2.696993052959442139e-01
6.000000000000014211e-01 -2.546483874320983887e-01
6.050000000000013145e-01 -2.394455373287200928e-01
6.100000000000014300e-01 -2.240908741950988770e-01
6.150000000000015454e-01 -2.085843980312347412e-01
6.200000000000014388e-01 -1.929260194301605225e-01
6.250000000000013323e-01 -1.771160960197448730e-01
6.300000000000014477e-01 -1.611540913581848145e-01
6.350000000000015632e-01 -1.450403332710266113e-01
6.400000000000014566e-01 -1.287746131420135498e-01
6.450000000000013500e-01 -1.123573482036590576e-01
6.500000000000014655e-01 -9.578803181648254395e-02
6.550000000000015810e-01 -7.906699180603027344e-02
6.600000000000014744e-01 -6.219413876533508301e-02
6.650000000000013678e-01 -4.516932368278503418e-02
6.700000000000014833e-01 -2.799272537231445312e-02
6.750000000000015987e-01 -1.066446304321289062e-02
6.800000000000014921e-01 6.815910339355468750e-03
6.850000000000013856e-01 2.444782853126525879e-02
6.900000000000015010e-01 4.223161935806274414e-02
6.950000000000016165e-01 6.016737222671508789e-02
7.000000000000015099e-01 7.825469970703125000e-02
7.050000000000014033e-01 9.649419784545898438e-02
7.100000000000015188e-01 1.148852407932281494e-01
7.150000000000016342e-01 1.334283947944641113e-01
7.200000000000015277e-01 1.521230340003967285e-01
7.250000000000014211e-01 1.709696948528289795e-01
7.300000000000015365e-01 1.899680793285369873e-01
7.350000000000016520e-01 2.091183960437774658e-01
7.400000000000015454e-01 2.284203469753265381e-01
7.450000000000014388e-01 2.478741705417633057e-01
7.500000000000015543e-01 2.674799561500549316e-01
7.550000000000016698e-01 2.872374653816223145e-01
7.600000000000015632e-01 3.071467578411102295e-01
7.650000000000014566e-01 3.272078335285186768e-01
7.700000000000015721e-01 3.474208116531372070e-01
7.750000000000016875e-01 3.677856624126434326e-01
7.800000000000015810e-01 3.883021771907806396e-01
7.850000000000014744e-01 4.089707434177398682e-01
7.900000000000015898e-01 4.297910630702972412e-01
7.950000000000017053e-01 4.507629573345184326e-01
8.000000000000015987e-01 4.718869030475616455e-01
8.050000000000014921e-01 4.931626915931701660e-01
8.100000000000016076e-01 5.145899951457977295e-01
8.150000000000017231e-01 5.361693203449249268e-01
8.200000000000016165e-01 5.579004287719726562e-01
8.250000000000015099e-01 5.797834694385528564e-01
8.300000000000016254e-01 6.018182337284088135e-01
8.350000000000017408e-01 6.240046322345733643e-01
8.400000000000016342e-01 6.463430821895599365e-01
8.450000000000015277e-01 6.688333451747894287e-01
8.500000000000016431e-01 6.914752721786499023e-01
8.550000000000017586e-01 7.142691016197204590e-01
8.600000000000016520e-01 7.372146248817443848e-01
8.650000000000015454e-01 7.603118717670440674e-01
8.700000000000016609e-01 7.835612297058105469e-01
8.750000000000017764e-01 8.069622218608856201e-01
8.800000000000016698e-01 8.305150568485260010e-01
8.850000000000015632e-01 8.542196750640869141e-01
8.900000000000016787e-01 8.780761659145355225e-01
8.950000000000017941e-01 9.020844101905822754e-01
9.000000000000016875e-01 9.262444376945495605e-01
9.050000000000015810e-01 9.505562484264373779e-01
9.100000000000016964e-01 9.750199019908905029e-01
9.150000000000018119e-01 9.996353685855865479e-01
9.200000000000017053e-01 1.024402767419815063e+00
9.250000000000015987e-01 1.049321770668029785e+00
9.300000000000017142e-01 1.074392557144165039e+00
9.350000000000018296e-01 1.099615126848220825e+00
9.400000000000017231e-01 1.124989628791809082e+00
9.450000000000016165e-01 1.150515854358673096e+00
9.500000000000017319e-01 1.176194041967391968e+00
9.550000000000018474e-01 1.202023833990097046e+00
9.600000000000017408e-01 1.228005439043045044e+00
9.650000000000016342e-01 1.254138946533203125e+00
9.700000000000017497e-01 1.280424177646636963e+00
9.750000000000018652e-01 1.306861221790313721e+00
9.800000000000017586e-01 1.333450198173522949e+00
9.850000000000016520e-01 1.360190749168395996e+00
9.900000000000017675e-01 1.387083053588867188e+00
9.950000000000018829e-01 1.414127290248870850e+00
1.000000000000001776e+00 1.441323310136795044e+00
