-1.000000000000000000e+00 2.864448308100314478e+00
-9.949999999999999956e-01 2.829967646565957118e+00
-9.899999999999999911e-01 2.795643802746154094e+00
-9.849999999999999867e-01 2.761476776640902298e+00
-9.799999999999999822e-01 2.727466568250204837e+00
-9.749999999999999778e-01 2.693613177574059048e+00
-9.699999999999999734e-01 2.659916604612466262e+00
-9.649999999999999689e-01 2.626376849365426924e+00
-9.599999999999999645e-01 2.592993911832939702e+00
-9.549999999999999600e-01 2.559767792015005483e+00
-9.499999999999999556e-01 2.526698489911625156e+00
-9.449999999999999512e-01 2.493786005522796945e+00
-9.399999999999999467e-01 2.461030338848521293e+00
-9.349999999999999423e-01 2.428431489888799089e+00
-9.299999999999999378e-01 2.395989458643629888e+00
-9.249999999999999334e-01 2.363704245113013691e+00
-9.199999999999999289e-01 2.331575849296949166e+00
-9.149999999999999245e-01 2.299604271195438532e+00
-9.099999999999999201e-01 2.267789510808481346e+00
-9.049999999999999156e-01 2.236131568136075387e+00
-8.999999999999999112e-01 2.204630443178223764e+00
-8.949999999999999067e-01 2.173286135934923813e+00
-8.899999999999999023e-01 2.142098646406177309e+00
-8.849999999999998979e-01 2.111067974591984697e+00
-8.799999999999998934e-01 2.080194120492343313e+00
-8.749999999999998890e-01 2.049477084107254932e+00
-8.699999999999998845e-01 2.018916865436720443e+00
-8.649999999999998801e-01 1.988513464480738291e+00
-8.599999999999998757e-01 1.958266881239308477e+00
-8.549999999999998712e-01 1.928177115712432999e+00
-8.499999999999998668e-01 1.898244167900108970e+00
-8.449999999999998623e-01 1.868468037802339055e+00
-8.399999999999998579e-01 1.838848725419120811e+00
-8.349999999999998535e-01 1.809386230750455571e+00
-8.299999999999998490e-01 1.780080553796344223e+00
-8.249999999999998446e-01 1.750931694556784768e+00
-8.199999999999998401e-01 1.721939653031779427e+00
-8.149999999999998357e-01 1.693104429221325757e+00
-8.099999999999998312e-01 1.664426023125424869e+00
-8.049999999999998268e-01 1.635904434744077873e+00
-7.999999999999998224e-01 1.607539664077282771e+00
-7.949999999999998179e-01 1.579331711125041560e+00
-7.899999999999998135e-01 1.551280575887352242e+00
-7.849999999999998090e-01 1.523386258364215928e+00
-7.799999999999998046e-01 1.495648758555633284e+00
-7.749999999999998002e-01 1.468068076461603422e+00
-7.699999999999997957e-01 1.440644212082125675e+00
-7.649999999999997913e-01 1.413377165417200931e+00
-7.599999999999997868e-01 1.386266936466828747e+00
-7.549999999999997824e-01 1.359313525231010233e+00
-7.499999999999997780e-01 1.332516931709744945e+00
-7.449999999999997735e-01 1.305877155903031772e+00
-7.399999999999997691e-01 1.279394197810870937e+00
-7.349999999999997646e-01 1.253068057433263549e+00
-7.299999999999997602e-01 1.226898734770208499e+00
-7.249999999999997558e-01 1.200886229821707785e+00
-7.199999999999997513e-01 1.175030542587759408e+00
-7.149999999999997469e-01 1.149331673068363591e+00
-7.099999999999997424e-01 1.123789621263520111e+00
-7.049999999999997380e-01 1.098404387173229857e+00
-6.999999999999997335e-01 1.073175970797493051e+00
-6.949999999999997291e-01 1.048104372136309026e+00
-6.899999999999997247e-01 1.023189591189677117e+00
-6.849999999999997202e-01 9.984316279575986552e-01
-6.799999999999997158e-01 9.738304824400730864e-01
-6.749999999999997113e-01 9.493861546371002991e-01
-6.699999999999997069e-01 9.250986445486805154e-01
-6.649999999999997025e-01 9.009679521748131803e-01
-6.599999999999996980e-01 8.769940775154992929e-01
-6.549999999999996936e-01 8.531770205707378540e-01
-6.499999999999996891e-01 8.295167813405291968e-01
-6.449999999999996847e-01 8.060133598248736542e-01
-6.399999999999996803e-01 7.826667560237711152e-01
-6.349999999999996758e-01 7.594769699372215799e-01
-6.299999999999996714e-01 7.364440015652247151e-01
-6.249999999999996669e-01 7.135678509077804099e-01
-6.199999999999996625e-01 6.908485179648892194e-01
-6.149999999999996581e-01 6.682860027365510325e-01
-6.099999999999996536e-01 6.458803052227654051e-01
-6.049999999999996492e-01 6.236314254235331145e-01
-5.999999999999996447e-01 6.015393633388534944e-01
-5.949999999999996403e-01 5.796041189687266559e-01
-5.899999999999996358e-01 5.578256923131528211e-01
-5.849999999999996314e-01 5.362040833721317679e-01
-5.799999999999996270e-01 5.147392921456634962e-01
-5.749999999999996225e-01 4.934313186337483392e-01
-5.699999999999996181e-01 4.722801628363856308e-01
-5.649999999999996136e-01 4.512858247535763145e-01
-5.599999999999996092e-01 4.304483043853197244e-01
-5.549999999999996048e-01 4.097676017316161379e-01
-5.499999999999996003e-01 3.892437167924652774e-01
-5.449999999999995959e-01 3.688766495678668655e-01
-5.399999999999995914e-01 3.486664000578219014e-01
-5.349999999999995870e-01 3.286129682623296633e-01
-5.299999999999995826e-01 3.087163541813901513e-01
-5.249999999999995781e-01 2.889765578150036429e-01
-5.199999999999995737e-01 2.693935791631700272e-01
-5.149999999999995692e-01 2.499674182258894151e-01
-5.099999999999995648e-01 2.306980750031617233e-01
-5.049999999999995604e-01 2.115855494949863413e-01
-4.999999999999995559e-01 1.926298417013643516e-01
-4.949999999999995515e-01 1.738309516222950879e-01
-4.899999999999995470e-01 1.551888792577785781e-01
-4.849999999999995426e-01 1.367036246078150163e-01
-4.799999999999995381e-01 1.183751876724046248e-01
-4.749999999999995337e-01 1.002035684515469732e-01
-4.699999999999995293e-01 8.218876694524206161e-02
-4.649999999999995248e-01 6.433078315348987608e-02
-4.599999999999995204e-01 4.662961707629075664e-02
-4.549999999999995159e-01 2.908526871364459573e-02
-4.499999999999995115e-01 1.169773806555105683e-02
-4.449999999999995071e-01 -5.532974867989414250e-03
-4.399999999999995026e-01 -2.260687008697693026e-02
-4.349999999999994982e-01 -3.952394759141159702e-02
-4.299999999999994937e-01 -5.628420738129331219e-02
-4.249999999999994893e-01 -7.288764945662262740e-02
-4.199999999999994849e-01 -8.933427381739865447e-02
-4.149999999999994804e-01 -1.056240804636217195e-01
-4.099999999999994760e-01 -1.217570693952923916e-01
-4.049999999999994715e-01 -1.377332406124097686e-01
-3.999999999999994671e-01 -1.535525941149742946e-01
-3.949999999999994627e-01 -1.692151299029859834e-01
-3.899999999999994582e-01 -1.847208479764450573e-01
-3.849999999999994538e-01 -2.000697483353511830e-01
-3.799999999999994493e-01 -2.152618309797039997e-01
-3.749999999999994449e-01 -2.302970959095044234e-01
-3.699999999999994404e-01 -2.451755431247518713e-01
-3.649999999999994360e-01 -2.598971726254460379e-01
-3.599999999999994316e-01 -2.744619844115878116e-01
-3.549999999999994271e-01 -2.888699784831761930e-01
-3.499999999999994227e-01 -3.031211548402122924e-01
-3.449999999999994182e-01 -3.172155134826954437e-01
-3.399999999999994138e-01 -3.311530544106252583e-01
-3.349999999999994094e-01 -3.449337776240025688e-01
-3.299999999999994049e-01 -3.585576831228270422e-01
-3.249999999999994005e-01 -3.720247709070982345e-01
-3.199999999999993960e-01 -3.853350409768170337e-01
-3.149999999999993916e-01 -3.984884933319824407e-01
-3.099999999999993872e-01 -4.114851279725954547e-01
-3.049999999999993827e-01 -4.243249448986555761e-01
-2.999999999999993783e-01 -4.370079441101623607e-01
-2.949999999999993738e-01 -4.495341256071166414e-01
-2.899999999999993694e-01 -4.619034893895181404e-01
-2.849999999999993650e-01 -4.741160354573665248e-01
-2.799999999999993605e-01 -4.861717638106620165e-01
-2.749999999999993561e-01 -4.980706744494046712e-01
-2.699999999999993516e-01 -5.098127673735944887e-01
-2.649999999999993472e-01 -5.213980425832315246e-01
-2.599999999999993427e-01 -5.328265000783155569e-01
-2.549999999999993383e-01 -5.440981398588466966e-01
-2.499999999999993339e-01 -5.552129619248252768e-01
-2.449999999999993294e-01 -5.661709662762505202e-01
-2.399999999999993250e-01 -5.769721529131230930e-01
-2.349999999999993205e-01 -5.876165218354426623e-01
-2.299999999999993161e-01 -5.981040730432095609e-01
-2.249999999999993117e-01 -6.084348065364235669e-01
-2.199999999999993072e-01 -6.186087223150844583e-01
-2.149999999999993028e-01 -6.286258203791926791e-01
-2.099999999999992983e-01 -6.384861007287481183e-01
-2.049999999999992939e-01 -6.481895633637505538e-01
-1.999999999999992895e-01 -6.577362082842000968e-01
-1.949999999999992850e-01 -6.671260354900967471e-01
-1.899999999999992806e-01 -6.763590449814403938e-01
-1.849999999999992761e-01 -6.854352367582313699e-01
-1.799999999999992717e-01 -6.943546108204692313e-01
-1.749999999999992673e-01 -7.031171671681545332e-01
-1.699999999999992628e-01 -7.117229058012869425e-01
-1.649999999999992584e-01 -7.201718267198661261e-01
-1.599999999999992539e-01 -7.284639299238928611e-01
-1.549999999999992495e-01 -7.365992154133665926e-01
-1.499999999999992450e-01 -7.445776831882872093e-01
-1.449999999999992406e-01 -7.523993332486551555e-01
-1.399999999999992362e-01 -7.600641655944703201e-01
-1.349999999999992317e-01 -7.675721802257323700e-01
-1.299999999999992273e-01 -7.749233771424417494e-01
-1.249999999999992228e-01 -7.821177563445980141e-01
-1.199999999999992184e-01 -7.891553178322016082e-01
-1.149999999999992140e-01 -7.960360616052523097e-01
-1.099999999999992095e-01 -8.027599876637500076e-01
-1.049999999999992051e-01 -8.093270960076950349e-01
-9.999999999999920064e-02 -8.157373866370869475e-01
-9.499999999999919620e-02 -8.219908595519261896e-01
-8.999999999999919176e-02 -8.280875147522125390e-01
-8.499999999999918732e-02 -8.340273522379457738e-01
-7.999999999999918288e-02 -8.398103720091264490e-01
-7.499999999999917843e-02 -8.454365740657541206e-01
-6.999999999999917399e-02 -8.509059584078286775e-01
-6.499999999999916955e-02 -8.562185250353506749e-01
-5.999999999999916511e-02 -8.613742739483197797e-01
-5.499999999999916067e-02 -8.663732051467357698e-01
-4.999999999999915623e-02 -8.712153186305990893e-01
-4.499999999999915179e-02 -8.759006143999094052e-01
-3.999999999999914735e-02 -8.804290924546670505e-01
-3.499999999999914291e-02 -8.848007527948716922e-01
-2.999999999999913847e-02 -8.890155954205233302e-01
-2.499999999999913403e-02 -8.930736203316222976e-01
-1.999999999999912959e-02 -8.969748275281682615e-01
-1.499999999999912514e-02 -9.007192170101614437e-01
-9.999999999999120703e-03 -9.043067887776017333e-01
-4.999999999999116262e-03 -9.077375428304890193e-01
8.881784197001252323e-16 -9.110114791688235236e-01
5.000000000000781597e-03 -9.141285977926051354e-01
1.000000000000089706e-02 -9.170888987018338545e-01
1.500000000000101252e-02 -9.198923818965099031e-01
2.000000000000090594e-02 -9.225390473766328370e-01
2.500000000000079936e-02 -9.250288951422027672e-01
3.000000000000091482e-02 -9.273619251932201379e-01
3.500000000000103029e-02 -9.295381375296846160e-01
4.000000000000092371e-02 -9.315575321515959795e-01
4.500000000000081712e-02 -9.334201090589545613e-01
5.000000000000093259e-02 -9.351258682517603615e-01
5.500000000000104805e-02 -9.366748097300132692e-01
6.000000000000094147e-02 -9.380669334937131731e-01
6.500000000000083489e-02 -9.393022395428602955e-01
7.000000000000095035e-02 -9.403807278774545253e-01
7.500000000000106581e-02 -9.413023984974959735e-01
8.000000000000095923e-02 -9.420672514029844180e-01
8.500000000000085265e-02 -9.426752865939199699e-01
9.000000000000096811e-02 -9.431265040703026292e-01
9.500000000000108358e-02 -9.434209038321326179e-01
1.000000000000009770e-01 -9.435584858794094920e-01
1.050000000000008704e-01 -9.435392502121336955e-01
1.100000000000009859e-01 -9.433631968303047843e-01
1.150000000000011013e-01 -9.430303257339232026e-01
1.200000000000009948e-01 -9.425406369229886172e-01
1.250000000000008882e-01 -9.418941303975012502e-01
1.300000000000010036e-01 -9.410908061574609906e-01
1.350000000000011191e-01 -9.401306642028678384e-01
1.400000000000010125e-01 -9.390137045337219046e-01
1.450000000000009059e-01 -9.377399271500228561e-01
1.500000000000010214e-01 -9.363093320517711371e-01
1.550000000000011369e-01 -9.347219192389664144e-01
1.600000000000010303e-01 -9.329776887116089101e-01
1.650000000000009237e-01 -9.310766404696985132e-01
1.700000000000010392e-01 -9.290187745132352237e-01
1.750000000000011546e-01 -9.268040908422190416e-01
1.800000000000010481e-01 -9.244325894566499668e-01
1.850000000000009415e-01 -9.219042703565282215e-01
1.900000000000010569e-01 -9.192191335418532505e-01
1.950000000000011724e-01 -9.163771790126254979e-01
2.000000000000010658e-01 -9.133784067688450747e-01
2.050000000000009592e-01 -9.102228168105116479e-01
2.100000000000010747e-01 -9.069104091376253285e-01
2.150000000000011902e-01 -9.034411837501860054e-01
2.200000000000010836e-01 -8.998151406481941228e-01
2.250000000000009770e-01 -8.960322798316491255e-01
2.300000000000010925e-01 -8.920926013005513466e-01
2.350000000000012079e-01 -8.879961050549005641e-01
2.400000000000011013e-01 -8.837427910946970000e-01
2.450000000000009948e-01 -8.793326594199407653e-01
2.500000000000011102e-01 -8.747657100306314160e-01
2.550000000000012257e-01 -8.700419429267690630e-01
2.600000000000011191e-01 -8.651613581083540394e-01
2.650000000000010125e-01 -8.601239555753862343e-01
2.700000000000011280e-01 -8.549297353278653144e-01
2.750000000000012434e-01 -8.495786973657915020e-01
2.800000000000011369e-01 -8.440708416891650190e-01
2.850000000000010303e-01 -8.384061682979857544e-01
2.900000000000011458e-01 -8.325846771922532641e-01
2.950000000000012612e-01 -8.266063683719678812e-01
3.000000000000011546e-01 -8.204712418371300497e-01
3.050000000000010481e-01 -8.141792975877391036e-01
3.100000000000011635e-01 -8.077305356237951539e-01
3.150000000000012790e-01 -8.011249559452983116e-01
3.200000000000011724e-01 -7.943625585522490207e-01
3.250000000000010658e-01 -7.874433434446465041e-01
3.300000000000011813e-01 -7.803673106224912059e-01
3.350000000000012967e-01 -7.731344600857827931e-01
3.400000000000011902e-01 -7.657447918345217097e-01
3.450000000000010836e-01 -7.581983058687081778e-01
3.500000000000011990e-01 -7.504950021883409761e-01
3.550000000000013145e-01 -7.426348807934211038e-01
3.600000000000012079e-01 -7.346179416839486720e-01
3.650000000000011013e-01 -7.264441848599234586e-01
3.700000000000012168e-01 -7.181136103213449084e-01
3.750000000000013323e-01 -7.096262180682133547e-01
3.800000000000012257e-01 -7.009820081005296855e-01
3.850000000000011191e-01 -6.921809804182926795e-01
3.900000000000012346e-01 -6.832231350215027810e-01
3.950000000000013500e-01 -6.741084719101597678e-01
4.000000000000012434e-01 -6.648369910842644170e-01
4.050000000000011369e-01 -6.554086925438162847e-01
4.100000000000012523e-01 -6.458235762888148157e-01
4.150000000000013678e-01 -6.360816423192603430e-01
4.200000000000012612e-01 -6.261828906351530888e-01
4.250000000000011546e-01 -6.161273212364938301e-01
4.300000000000012701e-01 -6.059149341232804575e-01
4.350000000000013856e-01 -5.955457292955145254e-01
4.400000000000012790e-01 -5.850197067531961448e-01
4.450000000000011724e-01 -5.743368664963249826e-01
4.500000000000012879e-01 -5.634972085249003726e-01
4.550000000000014033e-01 -5.525007328389225369e-01
4.600000000000012967e-01 -5.413474394383931410e-01
4.650000000000011902e-01 -5.300373283233099642e-01
4.700000000000013056e-01 -5.185703994936740058e-01
4.750000000000014211e-01 -5.069466529494851548e-01
4.800000000000013145e-01 -4.951660886907436887e-01
4.850000000000012079e-01 -4.832287067174494410e-01
4.900000000000013234e-01 -4.711345070296019122e-01
4.950000000000014388e-01 -4.588834896272014907e-01
5.000000000000013323e-01 -4.464756545102482321e-01
5.050000000000012257e-01 -4.339110016787430246e-01
5.100000000000013411e-01 -4.211895311326834257e-01
5.150000000000014566e-01 -4.083112428720715448e-01
5.200000000000013500e-01 -3.952761368969072153e-01
5.250000000000012434e-01 -3.820842132071899933e-01
5.300000000000013589e-01 -3.687354718029193790e-01
5.350000000000014744e-01 -3.552299126840954280e-01
5.400000000000013678e-01 -3.415675358507201387e-01
5.450000000000012612e-01 -3.277483413027909021e-01
5.500000000000013767e-01 -3.137723290403088838e-01
5.550000000000014921e-01 -2.996394990632739175e-01
5.600000000000013856e-01 -2.853498513716865581e-01
5.650000000000012790e-01 -2.709033859655463616e-01
5.700000000000013944e-01 -2.563001028448527729e-01
5.750000000000015099e-01 -2.415400020096063194e-01
5.800000000000014033e-01 -2.266230834598069177e-01
5.850000000000012967e-01 -2.115493471954557891e-01
5.900000000000014122e-01 -1.963187932165501581e-01
5.950000000000015277e-01 -1.809314215230922174e-01
6.000000000000014211e-01 -1.653872321150818836e-01
6.050000000000013145e-01 -1.496862249925192678e-01
6.100000000000014300e-01 -1.338284001554015668e-01
6.150000000000015454e-01 -1.178137576037320278e-01
6.200000000000014388e-01 -1.016422973375107619e-01
6.250000000000013323e-01 -8.531401935673553483e-02
6.300000000000014477e-01 -6.882892366140745677e-02
6.350000000000015632e-01 -5.218701025152643058e-02
6.400000000000014566e-01 -3.538827912709367057e-02
6.450000000000013500e-01 -1.843273028810695283e-02
6.500000000000014655e-01 -1.320363734567277193e-03
6.550000000000015810e-01 1.594882053352524032e-02
6.600000000000014744e-01 3.337482251617060469e-02
6.650000000000013678e-01 5.095764221336770289e-02
6.700000000000014833e-01 6.869727962511885944e-02
6.750000000000015987e-01 8.659373475142287391e-02
6.800000000000014921e-01 1.046470075922798365e-01
6.850000000000013856e-01 1.228570981476895391e-01
6.900000000000015010e-01 1.412240064176522036e-01
6.950000000000016165e-01 1.597477324021678025e-01
7.000000000000015099e-01 1.784282761012348228e-01
7.050000000000014033e-01 1.972656375148561236e-01
7.100000000000015188e-01 2.162598166430303726e-01
7.150000000000016342e-01 2.354108134857573753e-01
7.200000000000015277e-01 2.547186280430372984e-01
7.250000000000014211e-01 2.741832603148688929e-01
7.300000000000015365e-01 2.938047103012544903e-01
7.350000000000016520e-01 3.135829780021930913e-01
7.400000000000015454e-01 3.335180634176844183e-01
7.450000000000014388e-01 3.536099665477273613e-01
7.500000000000015543e-01 3.738586873923246401e-01
7.550000000000016698e-01 3.942642259514761438e-01
7.600000000000015632e-01 4.148265822251777646e-01
7.650000000000014566e-01 4.355457562134320559e-01
7.700000000000015721e-01 4.564217479162422375e-01
7.750000000000016875e-01 4.774545573336038129e-01
7.800000000000015810e-01 4.986441844655167821e-01
7.850000000000014744e-01 5.199906293119842537e-01
7.900000000000015898e-01 5.414938918730044515e-01
7.950000000000017053e-01 5.631539721485776528e-01
8.000000000000015987e-01 5.849708701387020815e-01
8.050000000000014921e-01 6.069445858433812901e-01
8.100000000000016076e-01 6.290751192626129473e-01
8.150000000000017231e-01 6.513624703963977192e-01
8.200000000000016165e-01 6.738066392447352726e-01
8.250000000000015099e-01 6.964076258076239423e-01
8.300000000000016254e-01 7.191654300850673920e-01
8.350000000000017408e-01 7.420800520770632902e-01
8.400000000000016342e-01 7.651514917836124141e-01
8.450000000000015277e-01 7.883797492047142086e-01
8.500000000000016431e-01 8.117648243403690067e-01
8.550000000000017586e-01 8.353067171905768085e-01
8.600000000000016520e-01 8.590054277553355044e-01
8.650000000000015454e-01 8.828609560346489804e-01
8.700000000000016609e-01 9.068733020285153490e-01
8.750000000000017764e-01 9.310424657369344992e-01
8.800000000000016698e-01 9.553684471599066530e-01
8.850000000000015632e-01 9.798512462974297010e-01
8.900000000000016787e-01 1.004490863149507751e+00
8.950000000000017941e-01 1.029287297716138250e+00
9.000000000000016875e-01 1.054240549997321974e+00
9.050000000000015810e-01 1.079350619993056259e+00
9.100000000000016964e-01 1.104617507703345769e+00
9.150000000000018119e-01 1.130041213128189614e+00
9.200000000000017053e-01 1.155621736267583133e+00
9.250000000000015987e-01 1.181359077121529433e+00
9.300000000000017142e-01 1.207253235690031845e+00
9.350000000000018296e-01 1.233304211973085485e+00
9.400000000000017231e-01 1.259512005970690351e+00
9.450000000000016165e-01 1.285876617682849776e+00
9.500000000000017319e-01 1.312398047109562205e+00
9.550000000000018474e-01 1.339076294250827193e+00
9.600000000000017408e-01 1.365911359106643408e+00
9.650000000000016342e-01 1.392903241677014625e+00
9.700000000000017497e-01 1.420051941961938180e+00
9.750000000000018652e-01 1.447357459961414961e+00
9.800000000000017586e-01 1.474819795675444745e+00
9.850000000000016520e-01 1.502438949104025312e+00
9.900000000000017675e-01 1.530214920247160659e+00
9.950000000000018829e-01 1.558147709104849010e+00
1.000000000000001776e+00 1.586237315677089921e+00
