-1.000000000000000000e+00 1.770363625464702162e+00
-9.949999999999999956e-01 1.770301579297770767e+00
-9.899999999999999911e-01 1.770239595963280843e+00
-9.849999999999999867e-01 1.770177824463749383e+00
-9.799999999999999822e-01 1.770116354207962539e+00
-9.749999999999999778e-01 1.770054738152899043e+00
-9.699999999999999734e-01 1.769993572335911702e+00
-9.649999999999999689e-01 1.769932439526306078e+00
-9.599999999999999645e-01 1.769871488724780173e+00
-9.549999999999999600e-01 1.769810570919722048e+00
-9.499999999999999556e-01 1.769749954322028751e+00
-9.449999999999999512e-01 1.769689430309077105e+00
-9.399999999999999467e-01 1.769629088286924778e+00
-9.349999999999999423e-01 1.769568809041734747e+00
-9.299999999999999378e-01 1.769508830980262681e+00
-9.249999999999999334e-01 1.769448915681200996e+00
-9.199999999999999289e-01 1.769389271764444382e+00
-9.149999999999999245e-01 1.769329660793223846e+00
-9.099999999999999201e-01 1.769270201983195401e+00
-9.049999999999999156e-01 1.769211044329600080e+00
-8.999999999999999112e-01 1.769151830208207210e+00
-8.949999999999999067e-01 1.769092917236881002e+00
-8.899999999999999023e-01 1.769034126598049150e+00
-8.849999999999998979e-01 1.768975428485751289e+00
-8.799999999999998934e-01 1.768917061309471572e+00
-8.749999999999998890e-01 1.768858667445888821e+00
-8.699999999999998845e-01 1.768800544899127525e+00
-8.649999999999998801e-01 1.768742395652330268e+00
-8.599999999999998757e-01 1.768684547521038875e+00
-8.549999999999998712e-01 1.768626911091919718e+00
-8.499999999999998668e-01 1.768569367155683247e+00
-8.449999999999998623e-01 1.768511945508285388e+00
-8.399999999999998579e-01 1.768454675942953580e+00
-8.349999999999998535e-01 1.768397528657365436e+00
-8.299999999999998490e-01 1.768340682460907809e+00
-8.249999999999998446e-01 1.768284018128829738e+00
-8.199999999999998401e-01 1.768227237649730776e+00
-8.149999999999998357e-01 1.768170817841669740e+00
-8.099999999999998312e-01 1.768114520294252978e+00
-8.049999999999998268e-01 1.768058404597573352e+00
-7.999999999999998224e-01 1.768002381341935214e+00
-7.949999999999998179e-01 1.767946539930667749e+00
-7.899999999999998135e-01 1.767890850553263116e+00
-7.849999999999998090e-01 1.767835343010224713e+00
-7.799999999999998046e-01 1.767779987496501670e+00
-7.749999999999998002e-01 1.767724813809868900e+00
-7.699999999999997957e-01 1.767669702731032411e+00
-7.649999999999997913e-01 1.767614743667868860e+00
-7.599999999999997868e-01 1.767560085618347765e+00
-7.549999999999997824e-01 1.767505430570159186e+00
-7.499999999999997780e-01 1.767450987120460448e+00
-7.449999999999997735e-01 1.767396665864103378e+00
-7.399999999999997691e-01 1.767342496596134405e+00
-7.349999999999997646e-01 1.767288658132306844e+00
-7.299999999999997602e-01 1.767234852435754400e+00
-7.249999999999997558e-01 1.767181139112031341e+00
-7.199999999999997513e-01 1.767127726776484886e+00
-7.149999999999997469e-01 1.767074347189114158e+00
-7.099999999999997424e-01 1.767021059964568375e+00
-7.049999999999997380e-01 1.766968103512331689e+00
-6.999999999999997335e-01 1.766915060598071685e+00
-6.949999999999997291e-01 1.766862378246619736e+00
-6.899999999999997247e-01 1.766809818043034719e+00
-6.849999999999997202e-01 1.766757499180235280e+00
-6.799999999999997158e-01 1.766705123637726027e+00
-6.749999999999997113e-01 1.766652959634589459e+00
-6.699999999999997069e-01 1.766601096568697793e+00
-6.649999999999997025e-01 1.766549355623388218e+00
-6.599999999999996980e-01 1.766497677191287474e+00
-6.549999999999996936e-01 1.766446210282188511e+00
-6.499999999999996891e-01 1.766394865473662756e+00
-6.449999999999996847e-01 1.766343732179953330e+00
-6.399999999999996803e-01 1.766292691181766239e+00
-6.349999999999996758e-01 1.766241802079198786e+00
-6.299999999999996714e-01 1.766191124476895746e+00
-6.249999999999996669e-01 1.766140539159201106e+00
-6.199999999999996625e-01 1.766090165329037953e+00
-6.149999999999996581e-01 1.766039973184083900e+00
-6.099999999999996536e-01 1.765989873310095826e+00
-6.049999999999996492e-01 1.765940044515551088e+00
-5.999999999999996447e-01 1.765890069566117271e+00
-5.949999999999996403e-01 1.765840514700462771e+00
-5.899999999999996358e-01 1.765791171301421381e+00
-5.849999999999996314e-01 1.765741860548692310e+00
-5.799999999999996270e-01 1.765692612242778958e+00
-5.749999999999996225e-01 1.765643605187611209e+00
-5.699999999999996181e-01 1.765594720173899512e+00
-5.649999999999996136e-01 1.765546076410023923e+00
-5.599999999999996092e-01 1.765497584480831827e+00
-5.549999999999996048e-01 1.765449184778040470e+00
-5.499999999999996003e-01 1.765401056109217715e+00
-5.449999999999995959e-01 1.765352989861744826e+00
-5.399999999999995914e-01 1.765304986021979383e+00
-5.349999999999995870e-01 1.765257283011228973e+00
-5.299999999999995826e-01 1.765209702011921289e+00
-5.249999999999995781e-01 1.765162302622334645e+00
-5.199999999999995737e-01 1.765115055031961200e+00
-5.149999999999995692e-01 1.765067840038787361e+00
-5.099999999999995648e-01 1.765020836444924024e+00
-5.049999999999995604e-01 1.764973984643907423e+00
-4.999999999999995559e-01 1.764927463445124411e+00
-4.949999999999995515e-01 1.764880915218887347e+00
-4.899999999999995470e-01 1.764834518772764094e+00
-4.849999999999995426e-01 1.764788333706851953e+00
-4.799999999999995381e-01 1.764742419622157721e+00
-4.749999999999995337e-01 1.764696418890812746e+00
-4.699999999999995293e-01 1.764650778546743348e+00
-4.649999999999995248e-01 1.764605170749851348e+00
-4.599999999999995204e-01 1.764559595506503209e+00
-4.549999999999995159e-01 1.764514410432744151e+00
-4.499999999999995115e-01 1.764469377115452042e+00
-4.449999999999995071e-01 1.764424316727959630e+00
-4.399999999999995026e-01 1.764379586904502029e+00
-4.349999999999994982e-01 1.764335008813864514e+00
-4.299999999999994937e-01 1.764290671869380711e+00
-4.249999999999994893e-01 1.764246158835808709e+00
-4.199999999999994849e-01 1.764201886942933450e+00
-4.149999999999994804e-01 1.764157945582260689e+00
-4.099999999999994760e-01 1.764114185749454444e+00
-4.049999999999994715e-01 1.764070518033909574e+00
-3.999999999999994671e-01 1.764026823218151074e+00
-3.949999999999994627e-01 1.763983399327221813e+00
-3.899999999999994582e-01 1.763940186744653582e+00
-3.849999999999994538e-01 1.763897155674490458e+00
-3.799999999999994493e-01 1.763854306106727998e+00
-3.749999999999994449e-01 1.763811518832986147e+00
-3.699999999999994404e-01 1.763768734240434677e+00
-3.649999999999994360e-01 1.763726488770876566e+00
-3.599999999999994316e-01 1.763684037361704648e+00
-3.549999999999994271e-01 1.763641976060276173e+00
-3.499999999999994227e-01 1.763599917427305153e+00
-3.449999999999994182e-01 1.763558099877732710e+00
-3.399999999999994138e-01 1.763516463809642554e+00
-3.349999999999994094e-01 1.763474860200508809e+00
-3.299999999999994049e-01 1.763433467866994286e+00
-3.249999999999994005e-01 1.763392346408286793e+00
-3.199999999999993960e-01 1.763351287209039109e+00
-3.149999999999993916e-01 1.763310379662575977e+00
-3.099999999999993872e-01 1.763269623776173356e+00
-3.049999999999993827e-01 1.763228989740232899e+00
-2.999999999999993783e-01 1.763188537155761404e+00
-2.949999999999993738e-01 1.763148236217707998e+00
-2.899999999999993694e-01 1.763108146527079478e+00
-2.849999999999993650e-01 1.763068178677818176e+00
-2.799999999999993605e-01 1.763028422066886813e+00
-2.749999999999993561e-01 1.762988787290046711e+00
-2.699999999999993516e-01 1.762949214740834103e+00
-2.649999999999993472e-01 1.762909972629236544e+00
-2.599999999999993427e-01 1.762870643724559594e+00
-2.549999999999993383e-01 1.762831704858504489e+00
-2.499999999999993339e-01 1.762792738803105275e+00
-2.449999999999993294e-01 1.762754043568852902e+00
-2.399999999999993250e-01 1.762715529751508692e+00
-2.349999999999993205e-01 1.762677137742789890e+00
-2.299999999999993161e-01 1.762638837735826636e+00
-2.249999999999993117e-01 1.762600689332535220e+00
-2.199999999999993072e-01 1.762562692535644127e+00
-2.149999999999993028e-01 1.762524877132923828e+00
-2.099999999999992983e-01 1.762487332539526941e+00
-2.049999999999992939e-01 1.762449760727682113e+00
-1.999999999999992895e-01 1.762412549119394933e+00
-1.949999999999992850e-01 1.762375399688713040e+00
-1.899999999999992806e-01 1.762338372043009693e+00
-1.849999999999992761e-01 1.762301466175918430e+00
-1.799999999999992717e-01 1.762264771493496918e+00
-1.749999999999992673e-01 1.762228138983223724e+00
-1.699999999999992628e-01 1.762191836855995897e+00
-1.649999999999992584e-01 1.762155537291724139e+00
-1.599999999999992539e-01 1.762119508503124488e+00
-1.549999999999992495e-01 1.762083601476766015e+00
-1.499999999999992450e-01 1.762047756607094451e+00
-1.449999999999992406e-01 1.762012242113192295e+00
-1.399999999999992362e-01 1.761976730161327831e+00
-1.349999999999992317e-01 1.761941429373214740e+00
-1.299999999999992273e-01 1.761906160926733245e+00
-1.249999999999992228e-01 1.761871342055306267e+00
-1.199999999999992184e-01 1.761836466107629784e+00
-1.149999999999992140e-01 1.761801860921982987e+00
-1.099999999999992095e-01 1.761767228457861600e+00
-1.049999999999992051e-01 1.761732926352229223e+00
-9.999999999999920064e-02 1.761698596968122255e+00
-9.499999999999919620e-02 1.761664597932499854e+00
-8.999999999999919176e-02 1.761630661025370026e+00
-8.499999999999918732e-02 1.761596905447836869e+00
-7.999999999999918288e-02 1.761563390803635665e+00
-7.499999999999917843e-02 1.761529968081154474e+00
-6.999999999999917399e-02 1.761496667079987200e+00
-6.499999999999916955e-02 1.761463547398412155e+00
-5.999999999999916511e-02 1.761430638839661222e+00
-5.499999999999916067e-02 1.761397732786568193e+00
-4.999999999999915623e-02 1.761365157059222364e+00
-4.499999999999915179e-02 1.761332643436722245e+00
-3.999999999999914735e-02 1.761300221713204772e+00
-3.499999999999914291e-02 1.761268070709880229e+00
-2.999999999999913847e-02 1.761236011602809848e+00
-2.499999999999913403e-02 1.761204104003004867e+00
-1.999999999999912959e-02 1.761172377700054748e+00
-1.499999999999912514e-02 1.761140802896184576e+00
-9.999999999999120703e-03 1.761109498797045925e+00
-4.999999999999116262e-03 1.761078137572545055e+00
8.881784197001252323e-16 1.761047017248634328e+00
5.000000000000781597e-03 1.761016078210664526e+00
1.000000000000089706e-02 1.760985320465911608e+00
1.500000000000101252e-02 1.760954744006190120e+00
2.000000000000090594e-02 1.760924199819888125e+00
2.500000000000079936e-02 1.760893836917708066e+00
3.000000000000091482e-02 1.760863655290554997e+00
3.500000000000103029e-02 1.760833684748027261e+00
4.000000000000092371e-02 1.760803746471643061e+00
4.500000000000081712e-02 1.760774168281491692e+00
5.000000000000093259e-02 1.760744562743744135e+00
5.500000000000104805e-02 1.760715138481933062e+00
6.000000000000094147e-02 1.760685925289285914e+00
6.500000000000083489e-02 1.760656923159436227e+00
7.000000000000095035e-02 1.760627863881486954e+00
7.500000000000106581e-02 1.760599224281682362e+00
8.000000000000095923e-02 1.760570527523773743e+00
8.500000000000085265e-02 1.760542101432397866e+00
9.000000000000096811e-02 1.760513796997761782e+00
9.500000000000108358e-02 1.760485524800165402e+00
1.000000000000009770e-01 1.760457612673340444e+00
1.050000000000008704e-01 1.760429762584058588e+00
1.100000000000009859e-01 1.760402183151305033e+00
1.150000000000011013e-01 1.760374606155997279e+00
1.200000000000009948e-01 1.760347240206206587e+00
1.250000000000008882e-01 1.760319966097190880e+00
1.300000000000010036e-01 1.760292932833286139e+00
1.350000000000011191e-01 1.760266170214086268e+00
1.400000000000010125e-01 1.760239350420411464e+00
1.450000000000009059e-01 1.760212741662249281e+00
1.500000000000010214e-01 1.760186343940509213e+00
1.550000000000011369e-01 1.760159978444894913e+00
1.600000000000010303e-01 1.760133943193173289e+00
1.650000000000009237e-01 1.760107910357069594e+00
1.700000000000010392e-01 1.760082148156575821e+00
1.750000000000011546e-01 1.760056358565739609e+00
1.800000000000010481e-01 1.760030899213339106e+00
1.850000000000009415e-01 1.760005561481298608e+00
1.900000000000010569e-01 1.759980315566386233e+00
1.950000000000011724e-01 1.759955280671525069e+00
2.000000000000010658e-01 1.759930397195708318e+00
2.050000000000009592e-01 1.759905754541355671e+00
2.100000000000010747e-01 1.759881144094938898e+00
2.150000000000011902e-01 1.759856714864431959e+00
2.200000000000010836e-01 1.759832496648519262e+00
2.250000000000009770e-01 1.759808310629628503e+00
2.300000000000010925e-01 1.759784514440175807e+00
2.350000000000012079e-01 1.759760690844009767e+00
2.400000000000011013e-01 1.759736959049510441e+00
2.450000000000009948e-01 1.759713438265967378e+00
2.500000000000011102e-01 1.759690217893071784e+00
2.550000000000012257e-01 1.759666940312959449e+00
2.600000000000011191e-01 1.759643933337534216e+00
2.650000000000010125e-01 1.759621196966796086e+00
2.700000000000011280e-01 1.759598492789441915e+00
2.750000000000012434e-01 1.759575910207891392e+00
2.800000000000011369e-01 1.759553508822241819e+00
2.850000000000010303e-01 1.759531318435725078e+00
2.900000000000011458e-01 1.759509100626124090e+00
2.950000000000012612e-01 1.759487213024035990e+00
3.000000000000011546e-01 1.759465447009566086e+00
3.050000000000010481e-01 1.759443891988772046e+00
3.100000000000011635e-01 1.759422398948222943e+00
3.150000000000012790e-01 1.759401176502356501e+00
3.200000000000011724e-01 1.759379926636134295e+00
3.250000000000010658e-01 1.759359036764285955e+00
3.300000000000011813e-01 1.759338119464805894e+00
3.350000000000012967e-01 1.759317442953138633e+00
3.400000000000011902e-01 1.759296947627367880e+00
3.450000000000010836e-01 1.759276424867598942e+00
3.500000000000011990e-01 1.759256321707758142e+00
3.550000000000013145e-01 1.759236191111190672e+00
3.600000000000012079e-01 1.759216450316776426e+00
3.650000000000011013e-01 1.759196592671392390e+00
3.700000000000012168e-01 1.759177005613415057e+00
3.750000000000013323e-01 1.759157599731329791e+00
3.800000000000012257e-01 1.759138315422310805e+00
3.850000000000011191e-01 1.759119182486861499e+00
3.900000000000012346e-01 1.759100111517105214e+00
3.950000000000013500e-01 1.759081311124751190e+00
4.000000000000012434e-01 1.759062721706973642e+00
4.050000000000011369e-01 1.759044194255798610e+00
4.100000000000012523e-01 1.759025818169098310e+00
4.150000000000013678e-01 1.759007623252833108e+00
4.200000000000012612e-01 1.758989579705590112e+00
4.250000000000011546e-01 1.758971717327872719e+00
4.300000000000012701e-01 1.758954006313720564e+00
4.350000000000013856e-01 1.758936387058488870e+00
4.400000000000012790e-01 1.758919038376111965e+00
4.450000000000011724e-01 1.758901811255887404e+00
4.500000000000012879e-01 1.758884616289938529e+00
4.550000000000014033e-01 1.758867602488967785e+00
4.600000000000012967e-01 1.758850889059536238e+00
4.650000000000011902e-01 1.758834237583974280e+00
4.700000000000013056e-01 1.758817767267023990e+00
4.750000000000014211e-01 1.758801329109806355e+00
4.800000000000013145e-01 1.758785280720181143e+00
4.850000000000012079e-01 1.758769175077864455e+00
4.900000000000013234e-01 1.758753280395572327e+00
4.950000000000014388e-01 1.758737656277040040e+00
5.000000000000013323e-01 1.758722153717022119e+00
5.050000000000012257e-01 1.758706653500772044e+00
5.100000000000013411e-01 1.758691423849191304e+00
5.150000000000014566e-01 1.758676375353493748e+00
5.200000000000013500e-01 1.758661448412672579e+00
5.250000000000012434e-01 1.758646732429147486e+00
5.300000000000013589e-01 1.758632078393125520e+00
5.350000000000014744e-01 1.758617575708845360e+00
5.400000000000013678e-01 1.758603373388828439e+00
5.450000000000012612e-01 1.758589173409850881e+00
5.500000000000013767e-01 1.758575154586756506e+00
5.550000000000014921e-01 1.758561197706617785e+00
5.600000000000013856e-01 1.758547600799025057e+00
5.650000000000012790e-01 1.758534006230652702e+00
5.700000000000013944e-01 1.758520682212397768e+00
5.750000000000015099e-01 1.758507569155986383e+00
5.800000000000014033e-01 1.758494428638291973e+00
5.850000000000012967e-01 1.758481558677990941e+00
5.900000000000014122e-01 1.758468720857413681e+00
5.950000000000015277e-01 1.758456153596958282e+00
6.000000000000014211e-01 1.758443678079052441e+00
6.050000000000013145e-01 1.758431473123087452e+00
6.100000000000014300e-01 1.758419419513407300e+00
6.150000000000015454e-01 1.758407338442444123e+00
6.200000000000014388e-01 1.758395498122913958e+00
6.250000000000013323e-01 1.758383838958357481e+00
6.300000000000014477e-01 1.758372360939679746e+00
6.350000000000015632e-01 1.758361034271834322e+00
6.400000000000014566e-01 1.758349799348357445e+00
6.450000000000013500e-01 1.758338715773893890e+00
6.500000000000014655e-01 1.758327872950863346e+00
6.550000000000015810e-01 1.758317181484122083e+00
6.600000000000014744e-01 1.758306581749925934e+00
6.650000000000013678e-01 1.758296163173431959e+00
6.700000000000014833e-01 1.758285866143628917e+00
6.750000000000015987e-01 1.758275780062936500e+00
6.800000000000014921e-01 1.758265845333076394e+00
6.850000000000013856e-01 1.758256002345765845e+00
6.900000000000015010e-01 1.758246310708378113e+00
6.950000000000016165e-01 1.758236859824242382e+00
7.000000000000015099e-01 1.758227470885790789e+00
7.050000000000014033e-01 1.758218441906242768e+00
7.100000000000015188e-01 1.758209385471778186e+00
7.150000000000016342e-01 1.758200480379960462e+00
7.200000000000015277e-01 1.758191845847355106e+00
7.250000000000014211e-01 1.758183213653970123e+00
7.300000000000015365e-01 1.758174911619894809e+00
7.350000000000016520e-01 1.758166641734638214e+00
7.400000000000015454e-01 1.758158493394253563e+00
7.450000000000014388e-01 1.758150526205204622e+00
7.500000000000015543e-01 1.758142799777593135e+00
7.550000000000016698e-01 1.758135165091621710e+00
7.600000000000015632e-01 1.758127711564261952e+00
7.650000000000014566e-01 1.758120290173897482e+00
7.700000000000015721e-01 1.758113318166684147e+00
7.750000000000016875e-01 1.758106229286673150e+00
7.800000000000015810e-01 1.758099381164461628e+00
7.850000000000014744e-01 1.758092684398539385e+00
7.900000000000015898e-01 1.758086258197286478e+00
7.950000000000017053e-01 1.758079715125964393e+00
8.000000000000015987e-01 1.758073532027188302e+00
8.050000000000014921e-01 1.758067410879553316e+00
8.100000000000016076e-01 1.758061560292040193e+00
8.150000000000017231e-01 1.758055831266679414e+00
8.200000000000016165e-01 1.758050253590331957e+00
8.250000000000015099e-01 1.758044767666538499e+00
8.300000000000016254e-01 1.758039373498027524e+00
8.350000000000017408e-01 1.758034279699236757e+00
8.400000000000016342e-01 1.758029396863199034e+00
8.450000000000015277e-01 1.758024516380024105e+00
8.500000000000016431e-01 1.758019787248590982e+00
8.550000000000017586e-01 1.758015269091734334e+00
8.600000000000016520e-01 1.758010961896721236e+00
8.650000000000015454e-01 1.758006895468602560e+00
8.700000000000016609e-01 1.758002801592843278e+00
8.750000000000017764e-01 1.757998888881152633e+00
8.800000000000016698e-01 1.757995097737071299e+00
8.850000000000015632e-01 1.757991547352608430e+00
8.900000000000016787e-01 1.757988118543940326e+00
8.950000000000017941e-01 1.757984811293786587e+00
9.000000000000016875e-01 1.757981655410836064e+00
9.050000000000015810e-01 1.757978859514983450e+00
9.100000000000016964e-01 1.757976006368258348e+00
9.150000000000018119e-01 1.757973274792780538e+00
9.200000000000017053e-01 1.757970754194607688e+00
9.250000000000015987e-01 1.757968474368786227e+00
9.300000000000017142e-01 1.757966196905832001e+00
9.350000000000018296e-01 1.757964339035529955e+00
9.400000000000017231e-01 1.757962394121127980e+00
9.450000000000016165e-01 1.757960689989991332e+00
9.500000000000017319e-01 1.757959167038384729e+00
9.550000000000018474e-01 1.757957646450554856e+00
9.600000000000017408e-01 1.757956485857098849e+00
9.650000000000016342e-01 1.757955357436108423e+00
9.700000000000017497e-01 1.757954469800202313e+00
9.750000000000018652e-01 1.757953703740090967e+00
9.800000000000017586e-01 1.757953148669108012e+00
9.850000000000016520e-01 1.757952595970996734e+00
9.900000000000017675e-01 1.757952284062517245e+00
9.950000000000018829e-01 1.757952153341753254e+00
1.000000000000001776e+00 1.757952014110847339e+00
