-1.000000000000000000e+00 9.395597479743769131e-01
-9.949999999999999956e-01 9.396216007845537010e-01
-9.899999999999999911e-01 9.396833914935227572e-01
-9.849999999999999867e-01 9.397449710914911325e-01
-9.799999999999999822e-01 9.398062501860435791e-01
-9.749999999999999778e-01 9.398676758092874284e-01
-9.699999999999999734e-01 9.399286519256888628e-01
-9.649999999999999689e-01 9.399895957732182783e-01
-9.599999999999999645e-01 9.400503583348067682e-01
-9.549999999999999600e-01 9.401110886457131333e-01
-9.499999999999999556e-01 9.401715184732124531e-01
-9.449999999999999512e-01 9.402318564526608302e-01
-9.399999999999999467e-01 9.402920131743626175e-01
-9.349999999999999423e-01 9.403521078539738287e-01
-9.299999999999999378e-01 9.404119020756438463e-01
-9.249999999999999334e-01 9.404716342679562135e-01
-9.199999999999999289e-01 9.405310958182921954e-01
-9.149999999999999245e-01 9.405905251488688723e-01
-9.099999999999999201e-01 9.406498030567631563e-01
-9.049999999999999156e-01 9.407087805358200772e-01
-8.999999999999999112e-01 9.407678152157272766e-01
-8.949999999999999067e-01 9.408265494804395335e-01
-8.899999999999999023e-01 9.408851621457101633e-01
-8.849999999999998979e-01 9.409436830193185219e-01
-8.799999999999998934e-01 9.410018736808665185e-01
-8.749999999999998890e-01 9.410600917718652259e-01
-8.699999999999998845e-01 9.411180392754572299e-01
-8.649999999999998801e-01 9.411760142103189342e-01
-8.599999999999998757e-01 9.412336887645464945e-01
-8.549999999999998712e-01 9.412911523441975792e-01
-8.499999999999998668e-01 9.413485241676566861e-01
-8.449999999999998623e-01 9.414057744389678906e-01
-8.399999999999998579e-01 9.414628733558088047e-01
-8.349999999999998535e-01 9.415198507259587846e-01
-8.299999999999998490e-01 9.415765277418499668e-01
-8.249999999999998446e-01 9.416330236191383651e-01
-8.199999999999998401e-01 9.416896363837763406e-01
-8.149999999999998357e-01 9.417458892086101319e-01
-8.099999999999998312e-01 9.418020205076713669e-01
-8.049999999999998268e-01 9.418579706854102174e-01
-7.999999999999998224e-01 9.419138291569792987e-01
-7.949999999999998179e-01 9.419695065135924583e-01
-7.899999999999998135e-01 9.420250325693955151e-01
-7.849999999999998090e-01 9.420803775220660814e-01
-7.799999999999998046e-01 9.421355711857499760e-01
-7.749999999999998002e-01 9.421905837517583482e-01
-7.699999999999997957e-01 9.422455344393851906e-01
-7.649999999999997913e-01 9.423003338480298030e-01
-7.599999999999997868e-01 9.423548329688087311e-01
-7.549999999999997824e-01 9.424093298340407987e-01
-7.499999999999997780e-01 9.424636158247408080e-01
-7.449999999999997735e-01 9.425177803533328902e-01
-7.399999999999997691e-01 9.425717936284085940e-01
-7.349999999999997646e-01 9.426254768342146040e-01
-7.299999999999997602e-01 9.426791280003412599e-01
-7.249999999999997558e-01 9.427326875303292386e-01
-7.199999999999997513e-01 9.427859468051933423e-01
-7.149999999999997469e-01 9.428391740612964700e-01
-7.099999999999997424e-01 9.428923096894463729e-01
-7.049999999999997380e-01 9.429451152765209176e-01
-6.999999999999997335e-01 9.429980080641284790e-01
-6.949999999999997291e-01 9.430505410128857680e-01
-6.899999999999997247e-01 9.431029525595617802e-01
-6.849999999999997202e-01 9.431551234875910072e-01
-6.799999999999997158e-01 9.432073518265637890e-01
-6.749999999999997113e-01 9.432593693628545939e-01
-6.699999999999997069e-01 9.433110866949532269e-01
-6.649999999999997025e-01 9.433626826395224985e-01
-6.599999999999996980e-01 9.434142168039356680e-01
-6.549999999999996936e-01 9.434655401802187757e-01
-6.499999999999996891e-01 9.435167421817054478e-01
-6.449999999999996847e-01 9.435677334050664999e-01
-6.399999999999996803e-01 9.436186330641389564e-01
-6.349999999999996758e-01 9.436693815624634940e-01
-6.299999999999996714e-01 9.437199192953953375e-01
-6.249999999999996669e-01 9.437703654749525217e-01
-6.199999999999996625e-01 9.438206008945739800e-01
-6.149999999999996581e-01 9.438706553693150259e-01
-6.099999999999996536e-01 9.439206183025048436e-01
-6.049999999999996492e-01 9.439703108856660752e-01
-5.999999999999996447e-01 9.440201503585881060e-01
-5.949999999999996403e-01 9.440695704826025381e-01
-5.899999999999996358e-01 9.441187798694186117e-01
-5.849999999999996314e-01 9.441679573484320631e-01
-5.799999999999996270e-01 9.442170731118635363e-01
-5.749999999999996225e-01 9.442659483557831468e-01
-5.699999999999996181e-01 9.443147022858424666e-01
-5.649999999999996136e-01 9.443632157082133549e-01
-5.599999999999996092e-01 9.444115780234965118e-01
-5.549999999999996048e-01 9.444598488490696386e-01
-5.499999999999996003e-01 9.445078493682699250e-01
-5.449999999999995959e-01 9.445557882009920636e-01
-5.399999999999995914e-01 9.446036653554215068e-01
-5.349999999999995870e-01 9.446512424211646053e-01
-5.299999999999995826e-01 9.446986982012417489e-01
-5.249999999999995781e-01 9.447459731101075509e-01
-5.199999999999995737e-01 9.447930969455369254e-01
-5.149999999999995692e-01 9.448401889204574022e-01
-5.099999999999995648e-01 9.448870702273011180e-01
-5.049999999999995604e-01 9.449338004779888056e-01
-4.999999999999995559e-01 9.449802008558576549e-01
-4.949999999999995515e-01 9.450266289978712653e-01
-4.899999999999995470e-01 9.450729060910048052e-01
-4.849999999999995426e-01 9.451189725333419833e-01
-4.799999999999995381e-01 9.451647687256949926e-01
-4.749999999999995337e-01 9.452106523013894535e-01
-4.699999999999995293e-01 9.452561762228610664e-01
-4.649999999999995248e-01 9.453016683283890220e-01
-4.599999999999995204e-01 9.453471286152448361e-01
-4.549999999999995159e-01 9.453921994601073298e-01
-4.499999999999995115e-01 9.454371192906505517e-01
-4.449999999999995071e-01 9.454820669208088280e-01
-4.399999999999995026e-01 9.455266847163470434e-01
-4.349999999999994982e-01 9.455711515139368917e-01
-4.299999999999994937e-01 9.456153778929687892e-01
-4.249999999999994893e-01 9.456597810995985842e-01
-4.199999999999994849e-01 9.457039438985843649e-01
-4.149999999999994804e-01 9.457477768929634099e-01
-4.099999999999994760e-01 9.457914290998046258e-01
-4.049999999999994715e-01 9.458349899169802288e-01
-3.999999999999994671e-01 9.458785785692411796e-01
-3.949999999999994627e-01 9.459218970297256224e-01
-3.899999999999994582e-01 9.459650049112637848e-01
-3.849999999999994538e-01 9.460079320152685600e-01
-3.799999999999994493e-01 9.460506783517443896e-01
-3.749999999999994449e-01 9.460933631254333509e-01
-3.699999999999994404e-01 9.461360459491656716e-01
-3.649999999999994360e-01 9.461781903811383732e-01
-3.599999999999994316e-01 9.462205414894155897e-01
-3.549999999999994271e-01 9.462625032248210832e-01
-3.499999999999994227e-01 9.463044630211838726e-01
-3.449999999999994182e-01 9.463461824653818244e-01
-3.399999999999994138e-01 9.463877211666071876e-01
-3.349999999999994094e-01 9.464292281328339218e-01
-3.299999999999994049e-01 9.464705245637701214e-01
-3.249999999999994005e-01 9.465115508474950534e-01
-3.199999999999993960e-01 9.465525156102698734e-01
-3.149999999999993916e-01 9.465933294478559024e-01
-3.099999999999993872e-01 9.466339923602531403e-01
-3.049999999999993827e-01 9.466745341570599326e-01
-2.999999999999993783e-01 9.467148952299935249e-01
-2.949999999999993738e-01 9.467551053913807468e-01
-2.899999999999993694e-01 9.467951050438527805e-01
-2.849999999999993650e-01 9.468349835789153790e-01
-2.799999999999993605e-01 9.468746516141577363e-01
-2.749999999999993561e-01 9.469141985483615631e-01
-2.699999999999993516e-01 9.469536839861716349e-01
-2.649999999999993472e-01 9.469928397176003987e-01
-2.599999999999993427e-01 9.470320829769802717e-01
-2.549999999999993383e-01 9.470709369307910297e-01
-2.499999999999993339e-01 9.471098188069986268e-01
-2.449999999999993294e-01 9.471484305896551437e-01
-2.399999999999993250e-01 9.471868616939131957e-01
-2.349999999999993205e-01 9.472251717225985690e-01
-2.299999999999993161e-01 9.472633904789431458e-01
-2.249999999999993117e-01 9.473014583646686138e-01
-2.199999999999993072e-01 9.473393753770464887e-01
-2.149999999999993028e-01 9.473771117319442769e-01
-2.099999999999992983e-01 9.474145780051144161e-01
-2.049999999999992939e-01 9.474520722334232037e-01
-1.999999999999992895e-01 9.474892069912270731e-01
-1.949999999999992850e-01 9.475262802990214173e-01
-1.899999999999992806e-01 9.475632325585279236e-01
-1.849999999999992761e-01 9.476000637706560870e-01
-1.799999999999992717e-01 9.476366845329862176e-01
-1.749999999999992673e-01 9.476732438598587382e-01
-1.699999999999992628e-01 9.477094735276436754e-01
-1.649999999999992584e-01 9.477457013691632515e-01
-1.599999999999992539e-01 9.477816591698824400e-01
-1.549999999999992495e-01 9.478174959377752007e-01
-1.499999999999992450e-01 9.478532712820337824e-01
-1.449999999999992406e-01 9.478887169872136642e-01
-1.399999999999992362e-01 9.479241608797706053e-01
-1.349999999999992317e-01 9.479593943416289026e-01
-1.299999999999992273e-01 9.479945961967273238e-01
-1.249999999999992228e-01 9.480293492116429466e-01
-1.199999999999992184e-01 9.480641600285848458e-01
-1.149999999999992140e-01 9.480987008183687781e-01
-1.099999999999992095e-01 9.481332696214990197e-01
-1.049999999999992051e-01 9.481675087973739924e-01
-9.999999999999920064e-02 9.482017759847762850e-01
-9.499999999999919620e-02 9.482357135567467399e-01
-8.999999999999919176e-02 9.482695897332773516e-01
-8.499999999999918732e-02 9.483032853132640216e-01
-7.999999999999918288e-02 9.483367406929714694e-01
-7.499999999999917843e-02 9.483701048858306226e-01
-6.999999999999917399e-02 9.484033480886095990e-01
-6.499999999999916955e-02 9.484364107030300861e-01
-5.999999999999916511e-02 9.484692629276791909e-01
-5.499999999999916067e-02 9.485021133797231219e-01
-4.999999999999915623e-02 9.485346342408915721e-01
-4.499999999999915179e-02 9.485670937284480519e-01
-3.999999999999914735e-02 9.485994620464366367e-01
-3.499999999999914291e-02 9.486315603791040107e-01
-2.999999999999913847e-02 9.486635675503889420e-01
-2.499999999999913403e-02 9.486954239474612027e-01
-1.999999999999912959e-02 9.487270997789123417e-01
-1.499999999999912514e-02 9.487586248443362624e-01
-9.999999999999120703e-03 9.487898799380813930e-01
-4.999999999999116262e-03 9.488211928902414716e-01
8.881784197001252323e-16 9.488522656766831265e-01
5.000000000000781597e-03 9.488831579047796172e-01
1.000000000000089706e-02 9.489138695763499332e-01
1.500000000000101252e-02 9.489444006923035690e-01
2.000000000000090594e-02 9.489749002715284210e-01
2.500000000000079936e-02 9.490052192996840663e-01
3.000000000000091482e-02 9.490353577822274733e-01
3.500000000000103029e-02 9.490652859186552437e-01
4.000000000000092371e-02 9.490951825183542301e-01
4.500000000000081712e-02 9.491247197648731149e-01
5.000000000000093259e-02 9.491542850884029381e-01
5.500000000000104805e-02 9.491836698745059753e-01
6.000000000000094147e-02 9.492128443190408493e-01
6.500000000000083489e-02 9.492418084356499808e-01
7.000000000000095035e-02 9.492708304334114278e-01
7.500000000000106581e-02 9.492994334824429448e-01
8.000000000000095923e-02 9.493280944244502084e-01
8.500000000000085265e-02 9.493564854347964488e-01
9.000000000000096811e-02 9.493847555269125937e-01
9.500000000000108358e-02 9.494129941041278276e-01
1.000000000000009770e-01 9.494408733490813379e-01
1.050000000000008704e-01 9.494686912877254859e-01
1.100000000000009859e-01 9.494962392992560840e-01
1.150000000000011013e-01 9.495237856136695687e-01
1.200000000000009948e-01 9.495511216101617524e-01
1.250000000000008882e-01 9.495783665007506702e-01
1.300000000000010036e-01 9.496053712811003411e-01
1.350000000000011191e-01 9.496321061443409040e-01
1.400000000000010125e-01 9.496588989205660969e-01
1.450000000000009059e-01 9.496854813888744307e-01
1.500000000000010214e-01 9.497118535519943894e-01
1.550000000000011369e-01 9.497381942238602992e-01
1.600000000000010303e-01 9.497642053903432302e-01
1.650000000000009237e-01 9.497902148724419735e-01
1.700000000000010392e-01 9.498159544465265558e-01
1.750000000000011546e-01 9.498417221440063063e-01
1.800000000000010481e-01 9.498671603379220674e-01
1.850000000000009415e-01 9.498924776463495423e-01
1.900000000000010569e-01 9.499177038725206135e-01
1.950000000000011724e-01 9.499427198044172460e-01
2.000000000000010658e-01 9.499675850557791623e-01
2.050000000000009592e-01 9.499922102150917258e-01
2.100000000000010747e-01 9.500168038995211450e-01
2.150000000000011902e-01 9.500412171065504285e-01
2.200000000000010836e-01 9.500654200247622416e-01
2.250000000000009770e-01 9.500895914790048469e-01
2.300000000000010925e-01 9.501133738386811078e-01
2.350000000000012079e-01 9.501371843363044523e-01
2.400000000000011013e-01 9.501609037634948240e-01
2.450000000000009948e-01 9.501844129200576194e-01
2.500000000000011102e-01 9.502076223917497177e-01
2.550000000000012257e-01 9.502308898091682554e-01
2.600000000000011191e-01 9.502538873549524201e-01
2.650000000000010125e-01 9.502766150200072648e-01
2.700000000000011280e-01 9.502993112301878487e-01
2.750000000000012434e-01 9.503218865794365033e-01
2.800000000000011369e-01 9.503442814658369375e-01
2.850000000000010303e-01 9.503664660825192900e-01
2.900000000000011458e-01 9.503886788571576094e-01
2.950000000000012612e-01 9.504105621536977910e-01
3.000000000000011546e-01 9.504323246011294746e-01
3.050000000000010481e-01 9.504538767843000446e-01
3.100000000000011635e-01 9.504753677184594185e-01
3.150000000000012790e-01 9.504965887909888611e-01
3.200000000000011724e-01 9.505178380187457865e-01
3.250000000000010658e-01 9.505387279851815752e-01
3.300000000000011813e-01 9.505596461141208042e-01
3.350000000000012967e-01 9.505803241846619844e-01
3.400000000000011902e-01 9.506008218023593859e-01
3.450000000000010836e-01 9.506213475871077012e-01
3.500000000000011990e-01 9.506414545031616203e-01
3.550000000000013145e-01 9.506615895908139269e-01
3.600000000000012079e-01 9.506813356111847302e-01
3.650000000000011013e-01 9.507011992119400734e-01
3.700000000000012168e-01 9.507207929601604324e-01
3.750000000000013323e-01 9.507402062655414543e-01
3.800000000000012257e-01 9.507594987254519570e-01
3.850000000000011191e-01 9.507786405484834891e-01
3.900000000000012346e-01 9.507977211425127084e-01
3.950000000000013500e-01 9.508165318885544171e-01
4.000000000000012434e-01 9.508351323894344009e-01
4.050000000000011369e-01 9.508536716640405562e-01
4.100000000000012523e-01 9.508720603035867303e-01
4.150000000000013678e-01 9.508902684984745779e-01
4.200000000000012612e-01 9.509083260683068861e-01
4.250000000000011546e-01 9.509262031962093520e-01
4.300000000000012701e-01 9.509439296917803208e-01
4.350000000000013856e-01 9.509615651651215362e-01
4.400000000000012790e-01 9.509789307950227144e-01
4.450000000000011724e-01 9.509961755958242779e-01
4.500000000000012879e-01 9.510133889754028846e-01
4.550000000000014033e-01 9.510304219266940695e-01
4.600000000000012967e-01 9.510471552394987871e-01
4.650000000000011902e-01 9.510638273242106866e-01
4.700000000000013056e-01 9.510803189851826378e-01
4.750000000000014211e-01 9.510967792249316322e-01
4.800000000000013145e-01 9.511128504246839643e-01
4.850000000000012079e-01 9.511289796119994921e-01
4.900000000000013234e-01 9.511448985705241999e-01
4.950000000000014388e-01 9.511605476983417962e-01
5.000000000000013323e-01 9.511760760061547249e-01
5.050000000000012257e-01 9.511916026941575897e-01
5.100000000000013411e-01 9.512068595541818272e-01
5.150000000000014566e-01 9.512219359931946006e-01
5.200000000000013500e-01 9.512368916103837169e-01
5.250000000000012434e-01 9.512516369996915078e-01
5.300000000000013589e-01 9.512663211763678905e-01
5.350000000000014744e-01 9.512808547325362074e-01
5.400000000000013678e-01 9.512950886574940146e-01
5.450000000000012612e-01 9.513093209726461996e-01
5.500000000000013767e-01 9.513233728686059099e-01
5.550000000000014921e-01 9.513373635510247173e-01
5.600000000000013856e-01 9.513509950012262184e-01
5.650000000000012790e-01 9.513646248361651292e-01
5.700000000000013944e-01 9.513779848540393491e-01
5.750000000000015099e-01 9.513911346449417383e-01
5.800000000000014033e-01 9.514043126319988719e-01
5.850000000000012967e-01 9.514172207947153570e-01
5.900000000000014122e-01 9.514300975453038323e-01
5.950000000000015277e-01 9.514427044742801431e-01
6.000000000000014211e-01 9.514552203901216476e-01
6.050000000000013145e-01 9.514674664807130089e-01
6.100000000000014300e-01 9.514795619544342831e-01
6.150000000000015454e-01 9.514916856261292910e-01
6.200000000000014388e-01 9.515035692739870488e-01
6.250000000000013323e-01 9.515152725035618264e-01
6.300000000000014477e-01 9.515267953203105922e-01
6.350000000000015632e-01 9.515381675156417973e-01
6.400000000000014566e-01 9.515494487014761749e-01
6.450000000000013500e-01 9.515605792713499600e-01
6.500000000000014655e-01 9.515714698192054843e-01
6.550000000000015810e-01 9.515822097474624375e-01
6.600000000000014744e-01 9.515928586762270047e-01
6.650000000000013678e-01 9.516033271803421290e-01
6.700000000000014833e-01 9.516136748671810697e-01
6.750000000000015987e-01 9.516238123397811055e-01
6.800000000000014921e-01 9.516337991946015595e-01
6.850000000000013856e-01 9.516436950399251860e-01
6.900000000000015010e-01 9.516534402683787253e-01
6.950000000000016165e-01 9.516629454729950144e-01
7.000000000000015099e-01 9.516723894704368636e-01
7.050000000000014033e-01 9.516814742365709012e-01
7.100000000000015188e-01 9.516905871906742309e-01
7.150000000000016342e-01 9.516995495370024205e-01
7.200000000000015277e-01 9.517082420589899616e-01
7.250000000000014211e-01 9.517169329711718806e-01
7.300000000000015365e-01 9.517252944552778704e-01
7.350000000000016520e-01 9.517336245290748398e-01
7.400000000000015454e-01 9.517418337910525938e-01
7.450000000000014388e-01 9.517498626292903996e-01
7.500000000000015543e-01 9.517576514464194393e-01
7.550000000000016698e-01 9.517653492458661990e-01
7.600000000000015632e-01 9.517728666215730104e-01
7.650000000000014566e-01 9.517803525933372644e-01
7.700000000000015721e-01 9.517873899186410913e-01
7.750000000000016875e-01 9.517945448443383416e-01
7.800000000000015810e-01 9.518014597489268258e-01
7.850000000000014744e-01 9.518082240284597706e-01
7.900000000000015898e-01 9.518147184763761093e-01
7.950000000000017053e-01 9.518213305237763766e-01
8.000000000000015987e-01 9.518275833353213589e-01
8.050000000000014921e-01 9.518337749305969542e-01
8.100000000000016076e-01 9.518396966897084699e-01
8.150000000000017231e-01 9.518454976324532968e-01
8.200000000000016165e-01 9.518511479519615737e-01
8.250000000000015099e-01 9.518567072501495918e-01
8.300000000000016254e-01 9.518621755279268459e-01
8.350000000000017408e-01 9.518673441672176327e-01
8.400000000000016342e-01 9.518723025786270941e-01
8.450000000000015277e-01 9.518772593720454811e-01
8.500000000000016431e-01 9.518820655413178233e-01
8.550000000000017586e-01 9.518866614745233878e-01
8.600000000000016520e-01 9.518910471734811640e-01
8.650000000000015454e-01 9.518951928422352271e-01
8.700000000000016609e-01 9.518993666898636352e-01
8.750000000000017764e-01 9.519033601028381586e-01
8.800000000000016698e-01 9.519072326885320567e-01
8.850000000000015632e-01 9.519108652367462842e-01
8.900000000000016787e-01 9.519143769476754446e-01
8.950000000000017941e-01 9.519177678349619587e-01
9.000000000000016875e-01 9.519210080844600075e-01
9.050000000000015810e-01 9.519238890817318666e-01
9.100000000000016964e-01 9.519268280629289425e-01
9.150000000000018119e-01 9.519296462077504462e-01
9.200000000000017053e-01 9.519322541083197198e-01
9.250000000000015987e-01 9.519346219641333651e-01
9.300000000000017142e-01 9.519369881901325048e-01
9.350000000000018296e-01 9.519389355583511847e-01
9.400000000000017231e-01 9.519409707073605009e-01
9.450000000000016165e-01 9.519427658007002524e-01
9.500000000000017319e-01 9.519443804475626880e-01
9.550000000000018474e-01 9.519459934637011234e-01
9.600000000000017408e-01 9.519472472185184220e-01
9.650000000000016342e-01 9.519484695375608485e-01
9.700000000000017497e-01 9.519494518009337103e-01
9.750000000000018652e-01 9.519503132215645369e-01
9.800000000000017586e-01 9.519509643861197024e-01
9.850000000000016520e-01 9.519516139072179417e-01
9.900000000000017675e-01 9.519520233790130792e-01
9.950000000000018829e-01 9.519522523906884803e-01
1.000000000000001776e+00 9.519524906455585356e-01
