-1.000000000000000000e+00 4.154019387451626244e-01
-9.949999999999999956e-01 4.153399892566085327e-01
-9.899999999999999911e-01 4.152781022348790430e-01
-9.849999999999999867e-01 4.152164266861291253e-01
-9.799999999999999822e-01 4.151550520109594800e-01
-9.749999999999999778e-01 4.150935311718058074e-01
-9.699999999999999734e-01 4.150324602051114198e-01
-9.649999999999999689e-01 4.149714218765439000e-01
-9.599999999999999645e-01 4.149105651949867024e-01
-9.549999999999999600e-01 4.148497411370044574e-01
-9.499999999999999556e-01 4.147892179244081490e-01
-9.449999999999999512e-01 4.147287869282081374e-01
-9.399999999999999467e-01 4.146685375562810805e-01
-9.349999999999999423e-01 4.146083505938804592e-01
-9.299999999999999378e-01 4.145484644523094175e-01
-9.249999999999999334e-01 4.144886407066223910e-01
-9.199999999999999289e-01 4.144290879730760935e-01
-9.149999999999999245e-01 4.143695678221774870e-01
-9.099999999999999201e-01 4.143101994632161222e-01
-9.049999999999999156e-01 4.142511318968900014e-01
-8.999999999999999112e-01 4.141920074962399667e-01
-8.949999999999999067e-01 4.141331838782207342e-01
-8.899999999999999023e-01 4.140744822261694935e-01
-8.849999999999998979e-01 4.140158727332163835e-01
-8.799999999999998934e-01 4.139575938143025269e-01
-8.749999999999998890e-01 4.138992878370117978e-01
-8.699999999999998845e-01 4.138412528118351474e-01
-8.649999999999998801e-01 4.137831907210056670e-01
-8.599999999999998757e-01 4.137254293782461900e-01
-8.549999999999998712e-01 4.136678793738610693e-01
-8.499999999999998668e-01 4.136104214940132806e-01
-8.449999999999998623e-01 4.135530855346587487e-01
-8.399999999999998579e-01 4.134959012935723877e-01
-8.349999999999998535e-01 4.134388389657033258e-01
-8.299999999999998490e-01 4.133820773595289211e-01
-8.249999999999998446e-01 4.133254972548456863e-01
-8.199999999999998401e-01 4.132688006329772179e-01
-8.149999999999998357e-01 4.132124643165298039e-01
-8.099999999999998312e-01 4.131562498932908056e-01
-8.049999999999998268e-01 4.131002169560815673e-01
-7.999999999999998224e-01 4.130442760924779577e-01
-7.949999999999998179e-01 4.129885167085376452e-01
-7.899999999999998135e-01 4.129329089919338003e-01
-7.849999999999998090e-01 4.128774827440793160e-01
-7.799999999999998046e-01 4.128222081553758471e-01
-7.749999999999998002e-01 4.127671150290552760e-01
-7.699999999999997957e-01 4.127120841458236100e-01
-7.649999999999997913e-01 4.126572049099195283e-01
-7.599999999999997868e-01 4.126026263247695169e-01
-7.549999999999997824e-01 4.125480503680591937e-01
-7.499999999999997780e-01 4.124936856478598202e-01
-7.449999999999997735e-01 4.124394427553852438e-01
-7.399999999999997691e-01 4.123853514838629053e-01
-7.349999999999997646e-01 4.123315906490461202e-01
-7.299999999999997602e-01 4.122778622177065699e-01
-7.249999999999997558e-01 4.122242257908510510e-01
-7.199999999999997513e-01 4.121708899856457720e-01
-7.149999999999997469e-01 4.121175865639088443e-01
-7.099999999999997424e-01 4.120643751375610009e-01
-7.049999999999997380e-01 4.120114941179053858e-01
-6.999999999999997335e-01 4.119585262669716030e-01
-6.949999999999997291e-01 4.119059186168669839e-01
-6.899999999999997247e-01 4.118534327417364693e-01
-6.849999999999997202e-01 4.118011878463221365e-01
-6.799999999999997158e-01 4.117488859055811190e-01
-6.749999999999997113e-01 4.116967951358674327e-01
-6.699999999999997069e-01 4.116450049368722830e-01
-6.649999999999997025e-01 4.115933364919328596e-01
-6.599999999999996980e-01 4.115417301936759031e-01
-6.549999999999996936e-01 4.114903350509848678e-01
-6.499999999999996891e-01 4.114390616459786543e-01
-6.449999999999996847e-01 4.113879993874434149e-01
-6.399999999999996803e-01 4.113370290588136413e-01
-6.349999999999996758e-01 4.112862102583676460e-01
-6.299999999999996714e-01 4.112356025907502044e-01
-6.249999999999996669e-01 4.111850868421242922e-01
-6.199999999999996625e-01 4.111347822172319866e-01
-6.149999999999996581e-01 4.110846589073844370e-01
-6.099999999999996536e-01 4.110346275037954911e-01
-6.049999999999996492e-01 4.109848668149425066e-01
-5.999999999999996447e-01 4.109349596037645824e-01
-5.949999999999996403e-01 4.108854721089301165e-01
-5.899999999999996358e-01 4.108361957160013844e-01
-5.849999999999996314e-01 4.107869516001301236e-01
-5.799999999999996270e-01 4.107377695654577110e-01
-5.749999999999996225e-01 4.106888284159140312e-01
-5.699999999999996181e-01 4.106400089440285228e-01
-5.649999999999996136e-01 4.105914303509052843e-01
-5.599999999999996092e-01 4.105430032286676578e-01
-5.549999999999996048e-01 4.104946679644854157e-01
-5.499999999999996003e-01 4.104466033704738948e-01
-5.449999999999995959e-01 4.103986008303763811e-01
-5.399999999999995914e-01 4.103506603332789382e-01
-5.349999999999995870e-01 4.103030202950321836e-01
-5.299999999999995826e-01 4.102555019053397700e-01
-5.249999999999995781e-01 4.102081647561135469e-01
-5.199999999999995737e-01 4.101609790432121372e-01
-5.149999999999995692e-01 4.101138255591649795e-01
-5.099999999999995648e-01 4.100668831088114530e-01
-5.049999999999995604e-01 4.100200920829593088e-01
-4.999999999999995559e-01 4.099736312946333783e-01
-4.949999999999995515e-01 4.099271431105080410e-01
-4.899999999999995470e-01 4.098808063408796443e-01
-4.849999999999995426e-01 4.098346805867549847e-01
-4.799999999999995381e-01 4.097888254482313641e-01
-4.749999999999995337e-01 4.097428832947116462e-01
-4.699999999999995293e-01 4.096973011619411409e-01
-4.649999999999995248e-01 4.096517512107311632e-01
-4.599999999999995204e-01 4.096062334456291865e-01
-4.549999999999995159e-01 4.095611054863184108e-01
-4.499999999999995115e-01 4.095161289124007453e-01
-4.449999999999995071e-01 4.094711249035754008e-01
-4.399999999999995026e-01 4.094264510940774926e-01
-4.349999999999994982e-01 4.093819286499638110e-01
-4.299999999999994937e-01 4.093376469882059610e-01
-4.249999999999994893e-01 4.092931888681050623e-01
-4.199999999999994849e-01 4.092489715221745428e-01
-4.149999999999994804e-01 4.092050843446486397e-01
-4.099999999999994760e-01 4.091613783248249092e-01
-4.049999999999994715e-01 4.091177640584646724e-01
-3.999999999999994671e-01 4.090741223244549474e-01
-3.949999999999994627e-01 4.090307511487480951e-01
-3.899999999999994582e-01 4.089875909166948986e-01
-3.849999999999994538e-01 4.089446118296109489e-01
-3.799999999999994493e-01 4.089018138774918043e-01
-3.749999999999994449e-01 4.088590778537763981e-01
-3.699999999999994404e-01 4.088163441456345026e-01
-3.649999999999994360e-01 4.087741491948690964e-01
-3.599999999999994316e-01 4.087317479361445294e-01
-3.549999999999994271e-01 4.086897364177275449e-01
-3.499999999999994227e-01 4.086477272030606400e-01
-3.449999999999994182e-01 4.086059587061754428e-01
-3.399999999999994138e-01 4.085643713215176831e-01
-3.349999999999994094e-01 4.085228160338374437e-01
-3.299999999999994049e-01 4.084814716516120825e-01
-3.249999999999994005e-01 4.084403977803958696e-01
-3.199999999999993960e-01 4.083993857993846177e-01
-3.149999999999993916e-01 4.083585251073600375e-01
-3.099999999999993872e-01 4.083178157079601078e-01
-3.049999999999993827e-01 4.082772277915864834e-01
-2.999999999999993783e-01 4.082368209628839395e-01
-2.949999999999993738e-01 4.081965654131636256e-01
-2.899999999999993694e-01 4.081565207416133489e-01
-2.849999999999993650e-01 4.081165975494513987e-01
-2.799999999999993605e-01 4.080768852263645385e-01
-2.749999999999993561e-01 4.080372943708425737e-01
-2.699999999999993516e-01 4.079977653773312340e-01
-2.649999999999993472e-01 4.079585664558180724e-01
-2.599999999999993427e-01 4.079192803737896611e-01
-2.549999999999993383e-01 4.078803839638567297e-01
-2.499999999999993339e-01 4.078414599980533239e-01
-2.449999999999993294e-01 4.078028064895988791e-01
-2.399999999999993250e-01 4.077643340287977480e-01
-2.349999999999993205e-01 4.077259830100956606e-01
-2.299999999999993161e-01 4.076877236284417449e-01
-2.249999999999993117e-01 4.076496154839333030e-01
-2.199999999999993072e-01 4.076116585792988189e-01
-2.149999999999993028e-01 4.075738827004897757e-01
-2.099999999999992983e-01 4.075363772672062623e-01
-2.049999999999992939e-01 4.074988442471294547e-01
-1.999999999999992895e-01 4.074616710640839301e-01
-1.949999999999992850e-01 4.074245596948458115e-01
-1.899999999999992806e-01 4.073875697422408848e-01
-1.849999999999992761e-01 4.073507012026311713e-01
-1.799999999999992717e-01 4.073140434802553500e-01
-1.749999999999992673e-01 4.072774475616824930e-01
-1.699999999999992628e-01 4.072411816641761106e-01
-1.649999999999992584e-01 4.072049179612804437e-01
-1.599999999999992539e-01 4.071689246666210238e-01
-1.549999999999992495e-01 4.071330527694954071e-01
-1.499999999999992450e-01 4.070972426625303342e-01
-1.449999999999992406e-01 4.070617625629893155e-01
-1.399999999999992362e-01 4.070262846407786128e-01
-1.349999999999992317e-01 4.069910175157929189e-01
-1.299999999999992273e-01 4.069557823650029604e-01
-1.249999999999992228e-01 4.069209964218316600e-01
-1.199999999999992184e-01 4.068861530395224690e-01
-1.149999999999992140e-01 4.068515800518071046e-01
-1.099999999999992095e-01 4.068169794181812904e-01
-1.049999999999992051e-01 4.067827087774276151e-01
-9.999999999999920064e-02 4.067484104916729848e-01
-9.499999999999919620e-02 4.067144421878765570e-01
-8.999999999999919176e-02 4.066805356460463372e-01
-8.499999999999918732e-02 4.066468100672864239e-01
-7.999999999999918288e-02 4.066133250553320977e-01
-7.499999999999917843e-02 4.065799315976619255e-01
-6.999999999999917399e-02 4.065466594956888002e-01
-6.499999999999916955e-02 4.065135683476910344e-01
-5.999999999999916511e-02 4.064806879559910158e-01
-5.499999999999916067e-02 4.064478097034225357e-01
-4.999999999999915623e-02 4.064152614091653959e-01
-4.499999999999915179e-02 4.063827748541370966e-01
-3.999999999999914735e-02 4.063503798333840678e-01
-3.499999999999914291e-02 4.063182551653881092e-01
-2.999999999999913847e-02 4.062862220262104529e-01
-2.499999999999913403e-02 4.062543400277718320e-01
-1.999999999999912959e-02 4.062226389605712029e-01
-1.499999999999912514e-02 4.061910890259241569e-01
-9.999999999999120703e-03 4.061598094294822658e-01
-4.999999999999116262e-03 4.061284723411517916e-01
8.881784197001252323e-16 4.060973757859756006e-01
5.000000000000781597e-03 4.060664601529424544e-01
1.000000000000089706e-02 4.060357254447808373e-01
1.500000000000101252e-02 4.060051716569432756e-01
2.000000000000090594e-02 4.059746497741798521e-01
2.500000000000079936e-02 4.059443088090120000e-01
3.000000000000091482e-02 4.059141487541637616e-01
3.500000000000103029e-02 4.058841994146860088e-01
4.000000000000092371e-02 4.058542819766444154e-01
4.500000000000081712e-02 4.058247242583092884e-01
5.000000000000093259e-02 4.057951388276705984e-01
5.500000000000104805e-02 4.057657343037135433e-01
6.000000000000094147e-02 4.057365404851225321e-01
6.500000000000083489e-02 4.057075573618931230e-01
7.000000000000095035e-02 4.056785167240377632e-01
7.500000000000106581e-02 4.056498953996197088e-01
8.000000000000095923e-02 4.056212165496617672e-01
8.500000000000085265e-02 4.055928079988007084e-01
9.000000000000096811e-02 4.055645207354245940e-01
9.500000000000108358e-02 4.055362653480187873e-01
1.000000000000009770e-01 4.055083696621295530e-01
1.050000000000008704e-01 4.054805356481665513e-01
1.100000000000009859e-01 4.054529719260244747e-01
1.150000000000011013e-01 4.054254102711638552e-01
1.200000000000009948e-01 4.053980592980224174e-01
1.250000000000008882e-01 4.053707997982201050e-01
1.300000000000010036e-01 4.053437807760928990e-01
1.350000000000011191e-01 4.053170320348726818e-01
1.400000000000010125e-01 4.052902257499226835e-01
1.450000000000009059e-01 4.052636301366874250e-01
1.500000000000010214e-01 4.052372451942574116e-01
1.550000000000011369e-01 4.052108921105173067e-01
1.600000000000010303e-01 4.051848689014150295e-01
1.650000000000009237e-01 4.051588477423138102e-01
1.700000000000010392e-01 4.051330968550246325e-01
1.750000000000011546e-01 4.051073182108666515e-01
1.800000000000010481e-01 4.050818694377085194e-01
1.850000000000009415e-01 4.050565419174745330e-01
1.900000000000010569e-01 4.050313058469328098e-01
1.950000000000011724e-01 4.050062804335539113e-01
2.000000000000010658e-01 4.049814060699645779e-01
2.050000000000009592e-01 4.049567721631319728e-01
2.100000000000010747e-01 4.049321700977088767e-01
2.150000000000011902e-01 4.049077488789407653e-01
2.200000000000010836e-01 4.048835383118785103e-01
2.250000000000009770e-01 4.048593595753118279e-01
2.300000000000010925e-01 4.048355703007473494e-01
2.350000000000012079e-01 4.048117532538526575e-01
2.400000000000011013e-01 4.047880276430078084e-01
2.450000000000009948e-01 4.047645126729548792e-01
2.500000000000011102e-01 4.047412977506610332e-01
2.550000000000012257e-01 4.047180252518955967e-01
2.600000000000011191e-01 4.046950229912908981e-01
2.650000000000010125e-01 4.046722909733944107e-01
2.700000000000011280e-01 4.046495907796270330e-01
2.750000000000012434e-01 4.046270118142274441e-01
2.800000000000011369e-01 4.046046136782024405e-01
2.850000000000010303e-01 4.045824261766028940e-01
2.900000000000011458e-01 4.045602108844832401e-01
2.950000000000012612e-01 4.045383254351690994e-01
3.000000000000011546e-01 4.045165612042183056e-01
3.050000000000010481e-01 4.044950076022360008e-01
3.100000000000011635e-01 4.044735156148817623e-01
3.150000000000012790e-01 4.044522938556838199e-01
3.200000000000011724e-01 4.044310443086942541e-01
3.250000000000010658e-01 4.044101543895521900e-01
3.300000000000011813e-01 4.043892366753425449e-01
3.350000000000012967e-01 4.043685593842383241e-01
3.400000000000011902e-01 4.043480629125042469e-01
3.450000000000010836e-01 4.043275386402456206e-01
3.500000000000011990e-01 4.043074336022982607e-01
3.550000000000013145e-01 4.042873007601883728e-01
3.600000000000012079e-01 4.042675573527958477e-01
3.650000000000011013e-01 4.042476967297261581e-01
3.700000000000012168e-01 4.042281063266273122e-01
3.750000000000013323e-01 4.042086967328941682e-01
3.800000000000012257e-01 4.041894083484294242e-01
3.850000000000011191e-01 4.041702709691890050e-01
3.900000000000012346e-01 4.041511951872962527e-01
3.950000000000013500e-01 4.041323896180983866e-01
4.000000000000012434e-01 4.041137946587696206e-01
4.050000000000011369e-01 4.040952612958790269e-01
4.100000000000012523e-01 4.040768789327557897e-01
4.150000000000013678e-01 4.040586773771792650e-01
4.200000000000012612e-01 4.040406268186416128e-01
4.250000000000011546e-01 4.040227570658316836e-01
4.300000000000012701e-01 4.040050383109701215e-01
4.350000000000013856e-01 4.039874109466836671e-01
4.400000000000012790e-01 4.039700537905446254e-01
4.450000000000011724e-01 4.039528178300315631e-01
4.500000000000012879e-01 4.039356136572678224e-01
4.550000000000014033e-01 4.039185902811368578e-01
4.600000000000012967e-01 4.039018669100187253e-01
4.650000000000011902e-01 4.038852051298817969e-01
4.700000000000013056e-01 4.038687241409206763e-01
4.750000000000014211e-01 4.038522749424373615e-01
4.800000000000013145e-01 4.038362151477485895e-01
4.850000000000012079e-01 4.038200977329324814e-01
4.900000000000013234e-01 4.038041909125240636e-01
4.950000000000014388e-01 4.037885542893491220e-01
5.000000000000013323e-01 4.037730388554336969e-01
5.050000000000012257e-01 4.037575254033072270e-01
5.100000000000013411e-01 4.037422821475047385e-01
5.150000000000014566e-01 4.037272196801495738e-01
5.200000000000013500e-01 4.037122784011444310e-01
5.250000000000012434e-01 4.036975477147279889e-01
5.300000000000013589e-01 4.036828786083788145e-01
5.350000000000014744e-01 4.036683604881545762e-01
5.400000000000013678e-01 4.036541423656672123e-01
5.450000000000012612e-01 4.036399262186023407e-01
5.500000000000013767e-01 4.036258908590752981e-01
5.550000000000014921e-01 4.036119170777965337e-01
5.600000000000013856e-01 4.035983028988994192e-01
5.650000000000012790e-01 4.035846906972437864e-01
5.700000000000013944e-01 4.035713486791792093e-01
5.750000000000015099e-01 4.035582172555223224e-01
5.800000000000014033e-01 4.035450580031465506e-01
5.850000000000012967e-01 4.035321689416377922e-01
5.900000000000014122e-01 4.035193116560549242e-01
5.950000000000015277e-01 4.035067245613390696e-01
6.000000000000014211e-01 4.034942288444653968e-01
6.050000000000013145e-01 4.034820033211872214e-01
6.100000000000014300e-01 4.034699287794865086e-01
6.150000000000015454e-01 4.034578264081574162e-01
6.200000000000014388e-01 4.034459644244634546e-01
6.250000000000013323e-01 4.034342832273978274e-01
6.300000000000014477e-01 4.034227828096845769e-01
6.350000000000015632e-01 4.034114333780962625e-01
6.400000000000014566e-01 4.034001753234406351e-01
6.450000000000013500e-01 4.033890682512719650e-01
6.500000000000014655e-01 4.033782015658289311e-01
6.550000000000015810e-01 4.033674858683298226e-01
6.600000000000014744e-01 4.033568615368494648e-01
6.650000000000013678e-01 4.033464179965449148e-01
6.700000000000014833e-01 4.033360956382239237e-01
6.750000000000015987e-01 4.033259838615776971e-01
6.800000000000014921e-01 4.033160230692374171e-01
6.850000000000013856e-01 4.033061536529203295e-01
6.900000000000015010e-01 4.032964352199996938e-01
6.950000000000016165e-01 4.032869571756236837e-01
7.000000000000015099e-01 4.032775407076769625e-01
7.050000000000014033e-01 4.032684838348359335e-01
7.100000000000015188e-01 4.032593991405519773e-01
7.150000000000016342e-01 4.032504654214790207e-01
7.200000000000015277e-01 4.032418018941825721e-01
7.250000000000014211e-01 4.032331403413991211e-01
7.300000000000015365e-01 4.032248085823084693e-01
7.350000000000016520e-01 4.032165086027816869e-01
7.400000000000015454e-01 4.032083298016004846e-01
7.450000000000014388e-01 4.032003317879571114e-01
7.500000000000015543e-01 4.031925741655868478e-01
7.550000000000016698e-01 4.031849079228777555e-01
7.600000000000015632e-01 4.031774224713444710e-01
7.650000000000014566e-01 4.031699687902801088e-01
7.700000000000015721e-01 4.031629641240215278e-01
7.750000000000016875e-01 4.031558422211674042e-01
7.800000000000015810e-01 4.031489607077674009e-01
7.850000000000014744e-01 4.031422301850398071e-01
7.900000000000015898e-01 4.031357698604551842e-01
7.950000000000017053e-01 4.031291923010940081e-01
8.000000000000015987e-01 4.031229743459334713e-01
8.050000000000014921e-01 4.031168179744781810e-01
8.100000000000016076e-01 4.031109318011658615e-01
8.150000000000017231e-01 4.031051668171130586e-01
8.200000000000016165e-01 4.030995528191851918e-01
8.250000000000015099e-01 4.030940302081944537e-01
8.300000000000016254e-01 4.030885989850503393e-01
8.350000000000017408e-01 4.030834677660095622e-01
8.400000000000016342e-01 4.030785471422859700e-01
8.450000000000015277e-01 4.030736285039893119e-01
8.500000000000016431e-01 4.030688608536365791e-01
8.550000000000017586e-01 4.030643038086054730e-01
8.600000000000016520e-01 4.030599573616200360e-01
8.650000000000015454e-01 4.030558513131836662e-01
8.700000000000016609e-01 4.030517174514898215e-01
8.750000000000017764e-01 4.030477643891572370e-01
8.800000000000016698e-01 4.030439325242696214e-01
8.850000000000015632e-01 4.030403410579310730e-01
8.900000000000016787e-01 4.030368707981324405e-01
8.950000000000017941e-01 4.030335217294123140e-01
9.000000000000016875e-01 4.030303236631880281e-01
9.050000000000015810e-01 4.030274852166257915e-01
9.100000000000016964e-01 4.030245891526647029e-01
9.150000000000018119e-01 4.030218142925150460e-01
9.200000000000017053e-01 4.030192500431439839e-01
9.250000000000015987e-01 4.030169262023264309e-01
9.300000000000017142e-01 4.030146043578497483e-01
9.350000000000018296e-01 4.030127017385893851e-01
9.400000000000017231e-01 4.030107117068837397e-01
9.450000000000016165e-01 4.030089620946455398e-01
9.500000000000017319e-01 4.030073932954110205e-01
9.550000000000018474e-01 4.030058264934268664e-01
9.600000000000017408e-01 4.030046193192902138e-01
9.650000000000016342e-01 4.030034439492737874e-01
9.700000000000017497e-01 4.030025089996343013e-01
9.750000000000018652e-01 4.030016952592632151e-01
9.800000000000017586e-01 4.030010921414941549e-01
9.850000000000016520e-01 4.030004910318893963e-01
9.900000000000017675e-01 4.030001303417520830e-01
9.950000000000018829e-01 4.029999504755323869e-01
1.000000000000001776e+00 4.029997617326444015e-01
