-1.000000000000000000e+00 2.177356754165796993e+00
-9.949999999999999956e-01 2.145393211783424459e+00
-9.899999999999999911e-01 2.113575340360949628e+00
-9.849999999999999867e-01 2.081903139898371169e+00
-9.799999999999999822e-01 2.050376610395689969e+00
-9.749999999999999778e-01 2.018995751852905585e+00
-9.699999999999999734e-01 1.987760564270017793e+00
-9.649999999999999689e-01 1.956671047647027706e+00
-9.599999999999999645e-01 1.925727201983933989e+00
-9.549999999999999600e-01 1.894929027280736866e+00
-9.499999999999999556e-01 1.864276523537438113e+00
-9.449999999999999512e-01 1.833769690754035064e+00
-9.399999999999999467e-01 1.803408528930529053e+00
-9.349999999999999423e-01 1.773193038066921190e+00
-9.299999999999999378e-01 1.743123218163209032e+00
-9.249999999999999334e-01 1.713199069219394799e+00
-9.199999999999999289e-01 1.683420591235476715e+00
-9.149999999999999245e-01 1.653787784211455669e+00
-9.099999999999999201e-01 1.624300648147332549e+00
-9.049999999999999156e-01 1.594959183043105355e+00
-8.999999999999999112e-01 1.565763388898775643e+00
-8.949999999999999067e-01 1.536713265714342525e+00
-8.899999999999999023e-01 1.507808813489806221e+00
-8.849999999999998979e-01 1.479050032225167843e+00
-8.799999999999998934e-01 1.450436921920425171e+00
-8.749999999999998890e-01 1.421969482575579757e+00
-8.699999999999998845e-01 1.393647714190632492e+00
-8.649999999999998801e-01 1.365471616765580709e+00
-8.599999999999998757e-01 1.337441190300426186e+00
-8.549999999999998712e-01 1.309556434795169588e+00
-8.499999999999998668e-01 1.281817350249808918e+00
-8.449999999999998623e-01 1.254223936664346395e+00
-8.399999999999998579e-01 1.226776194038779577e+00
-8.349999999999998535e-01 1.199474122373109797e+00
-8.299999999999998490e-01 1.172317721667338386e+00
-8.249999999999998446e-01 1.145306991921462458e+00
-8.199999999999998401e-01 1.118441933135484234e+00
-8.149999999999998357e-01 1.091722545309402381e+00
-8.099999999999998312e-01 1.065148828443217344e+00
-8.049999999999998268e-01 1.038720782536930454e+00
-7.999999999999998224e-01 1.012438407590539713e+00
-7.949999999999998179e-01 9.863017036040455654e-01
-7.899999999999998135e-01 9.603106705774496765e-01
-7.849999999999998090e-01 9.344653085107492707e-01
-7.799999999999998046e-01 9.087656174039473456e-01
-7.749999999999998002e-01 8.832115972570410145e-01
-7.699999999999997957e-01 8.578032480700319429e-01
-7.649999999999997913e-01 8.325405698429197976e-01
-7.599999999999997868e-01 8.074235625757055779e-01
-7.549999999999997824e-01 7.824522262683878404e-01
-7.499999999999997780e-01 7.576265609209664742e-01
-7.449999999999997735e-01 7.329465665334424784e-01
-7.399999999999997691e-01 7.084122431058147429e-01
-7.349999999999997646e-01 6.840235906380855990e-01
-7.299999999999997602e-01 6.597806091302520493e-01
-7.249999999999997558e-01 6.356832985823165361e-01
-7.199999999999997513e-01 6.117316589942770610e-01
-7.149999999999997469e-01 5.879256903661344014e-01
-7.099999999999997424e-01 5.642653926978897783e-01
-7.049999999999997380e-01 5.407507659895411933e-01
-6.999999999999997335e-01 5.173818102410897568e-01
-6.949999999999997291e-01 4.941585254525354687e-01
-6.899999999999997247e-01 4.710809116238778294e-01
-6.849999999999997202e-01 4.481489687551173939e-01
-6.799999999999997158e-01 4.253626968462541624e-01
-6.749999999999997113e-01 4.027220958972876352e-01
-6.699999999999997069e-01 3.802271659082183120e-01
-6.649999999999997025e-01 3.578779068790453599e-01
-6.599999999999996980e-01 3.356743188097699448e-01
-6.549999999999996936e-01 3.136164017003912896e-01
-6.499999999999996891e-01 2.917041555509092832e-01
-6.449999999999996847e-01 2.699375803613247582e-01
-6.399999999999996803e-01 2.483166761316370486e-01
-6.349999999999996758e-01 2.268414428618463763e-01
-6.299999999999996714e-01 2.055118805519525471e-01
-6.249999999999996669e-01 1.843279892019555333e-01
-6.199999999999996625e-01 1.632897688118557789e-01
-6.149999999999996581e-01 1.423972193816528398e-01
-6.099999999999996536e-01 1.216503409113465356e-01
-6.049999999999996492e-01 1.010491334009376851e-01
-5.999999999999996447e-01 8.059359685042566390e-02
-5.949999999999996403e-01 6.028373125981067310e-02
-5.899999999999996358e-01 4.011953662909273355e-02
-5.849999999999996314e-01 2.010101295827141157e-02
-5.799999999999996270e-01 2.281602473471316657e-04
-5.749999999999996225e-01 -1.949902150367990167e-02
-5.699999999999996181e-01 -3.908053229481051744e-02
-5.649999999999996136e-01 -5.851637212604368643e-02
-5.599999999999996092e-01 -7.780654099737981111e-02
-5.549999999999996048e-01 -9.695103890881910658e-02
-5.499999999999996003e-01 -1.159498658603613508e-01
-5.449999999999995959e-01 -1.348030218520071821e-01
-5.399999999999995914e-01 -1.535105068837555875e-01
-5.349999999999995870e-01 -1.720723209556069278e-01
-5.299999999999995826e-01 -1.904884640675616470e-01
-5.249999999999995781e-01 -2.087589362196191067e-01
-5.199999999999995737e-01 -2.268837374117797512e-01
-5.149999999999995692e-01 -2.448628676440433583e-01
-5.099999999999995648e-01 -2.626963269164099279e-01
-5.049999999999995604e-01 -2.803841152288798488e-01
-4.999999999999995559e-01 -2.979262325814525658e-01
-4.949999999999995515e-01 -3.153226789741282454e-01
-4.899999999999995470e-01 -3.325734544069072762e-01
-4.849999999999995426e-01 -3.496785588797890476e-01
-4.799999999999995381e-01 -3.666379923927737816e-01
-4.749999999999995337e-01 -3.834517549458617003e-01
-4.699999999999995293e-01 -4.001198465390525816e-01
-4.649999999999995248e-01 -4.166422671723468141e-01
-4.599999999999995204e-01 -4.330190168457437316e-01
-4.549999999999995159e-01 -4.492500955592437784e-01
-4.499999999999995115e-01 -4.653355033128470097e-01
-4.449999999999995071e-01 -4.812752401065531482e-01
-4.399999999999995026e-01 -4.970693059403621938e-01
-4.349999999999994982e-01 -5.127177008142743686e-01
-4.299999999999994937e-01 -5.282204247282895615e-01
-4.249999999999994893e-01 -5.435774776824080501e-01
-4.199999999999994849e-01 -5.587888596766292792e-01
-4.149999999999994804e-01 -5.738545707109535821e-01
-4.099999999999994760e-01 -5.887746107853811806e-01
-4.049999999999994715e-01 -6.035489798999115196e-01
-3.999999999999994671e-01 -6.181776780545448213e-01
-3.949999999999994627e-01 -6.326607052492813077e-01
-3.899999999999994582e-01 -6.469980614841207567e-01
-3.849999999999994538e-01 -6.611897467590636124e-01
-3.799999999999994493e-01 -6.752357610741090976e-01
-3.749999999999994449e-01 -6.891361044292576565e-01
-3.699999999999994404e-01 -7.028907768245095111e-01
-3.649999999999994360e-01 -7.164997782598641063e-01
-3.599999999999994316e-01 -7.299631087353217751e-01
-3.549999999999994271e-01 -7.432807682508825176e-01
-3.499999999999994227e-01 -7.564527568065462226e-01
-3.449999999999994182e-01 -7.694790744023133344e-01
-3.399999999999994138e-01 -7.823597210381831868e-01
-3.349999999999994094e-01 -7.950946967141560018e-01
-3.299999999999994049e-01 -8.076840014302321125e-01
-3.249999999999994005e-01 -8.201276351864110747e-01
-3.199999999999993960e-01 -8.324255979826929996e-01
-3.149999999999993916e-01 -8.445778898190779982e-01
-3.099999999999993872e-01 -8.565845106955660704e-01
-3.049999999999993827e-01 -8.684454606121574383e-01
-2.999999999999993783e-01 -8.801607395688514357e-01
-2.949999999999993738e-01 -8.917303475656486178e-01
-2.899999999999993694e-01 -9.031542846025489846e-01
-2.849999999999993650e-01 -9.144325506795522029e-01
-2.799999999999993605e-01 -9.255651457966584950e-01
-2.749999999999993561e-01 -9.365520699538677496e-01
-2.699999999999993516e-01 -9.473933231511801889e-01
-2.649999999999993472e-01 -9.580889053885957019e-01
-2.599999999999993427e-01 -9.686388166661140664e-01
-2.549999999999993383e-01 -9.790430569837356156e-01
-2.499999999999993339e-01 -9.893016263414601275e-01
-2.449999999999993294e-01 -9.994145247392877129e-01
-2.399999999999993250e-01 -1.009381752177218150e+00
-2.349999999999993205e-01 -1.019203308655251661e+00
-2.299999999999993161e-01 -1.028879194173388356e+00
-2.249999999999993117e-01 -1.038409408731628458e+00
-2.199999999999993072e-01 -1.047793952329971079e+00
-2.149999999999993028e-01 -1.057032824968416662e+00
-2.099999999999992983e-01 -1.066126026646965652e+00
-2.049999999999992939e-01 -1.075073557365617383e+00
-1.999999999999992895e-01 -1.083875417124372298e+00
-1.949999999999992850e-01 -1.092531605923230176e+00
-1.899999999999992806e-01 -1.101042123762191016e+00
-1.849999999999992761e-01 -1.109406970641255041e+00
-1.799999999999992717e-01 -1.117626146560422029e+00
-1.749999999999992673e-01 -1.125699651519692202e+00
-1.699999999999992628e-01 -1.133627485519065337e+00
-1.649999999999992584e-01 -1.141409648558541212e+00
-1.599999999999992539e-01 -1.149046140638120495e+00
-1.549999999999992495e-01 -1.156536961757802739e+00
-1.499999999999992450e-01 -1.163882111917587947e+00
-1.449999999999992406e-01 -1.171081591117476117e+00
-1.399999999999992362e-01 -1.178135399357467694e+00
-1.349999999999992317e-01 -1.185043536637561790e+00
-1.299999999999992273e-01 -1.191806002957759292e+00
-1.249999999999992228e-01 -1.198422798318059534e+00
-1.199999999999992184e-01 -1.204893922718462962e+00
-1.149999999999992140e-01 -1.211219376158969574e+00
-1.099999999999992095e-01 -1.217399158639578927e+00
-1.049999999999992051e-01 -1.223433270160291686e+00
-9.999999999999920064e-02 -1.229321710721106964e+00
-9.499999999999919620e-02 -1.235064480322025871e+00
-8.999999999999919176e-02 -1.240661578963047518e+00
-8.499999999999918732e-02 -1.246113006644171906e+00
-7.999999999999918288e-02 -1.251418763365399922e+00
-7.499999999999917843e-02 -1.256578849126730679e+00
-6.999999999999917399e-02 -1.261593263928164399e+00
-6.499999999999916955e-02 -1.266462007769701081e+00
-5.999999999999916511e-02 -1.271185080651341170e+00
-5.499999999999916067e-02 -1.275762482573084000e+00
-4.999999999999915623e-02 -1.280194213534930014e+00
-4.499999999999915179e-02 -1.284480273536878991e+00
-3.999999999999914735e-02 -1.288620662578930931e+00
-3.499999999999914291e-02 -1.292615380661086055e+00
-2.999999999999913847e-02 -1.296464427783344142e+00
-2.499999999999913403e-02 -1.300167803945705192e+00
-1.999999999999912959e-02 -1.303725509148169204e+00
-1.499999999999912514e-02 -1.307137543390736623e+00
-9.999999999999120703e-03 -1.310403906673406782e+00
-4.999999999999116262e-03 -1.313524598996179904e+00
8.881784197001252323e-16 -1.316499620359056211e+00
5.000000000000781597e-03 -1.319328970762035480e+00
1.000000000000089706e-02 -1.322012650205117934e+00
1.500000000000101252e-02 -1.324550658688303351e+00
2.000000000000090594e-02 -1.326942996211591730e+00
2.500000000000079936e-02 -1.329189662774983294e+00
3.000000000000091482e-02 -1.331290658378477820e+00
3.500000000000103029e-02 -1.333245983022075309e+00
4.000000000000092371e-02 -1.335055636705775983e+00
4.500000000000081712e-02 -1.336719619429579398e+00
5.000000000000093259e-02 -1.338237931193486219e+00
5.500000000000104805e-02 -1.339610571997496002e+00
6.000000000000094147e-02 -1.340837541841608527e+00
6.500000000000083489e-02 -1.341918840725824458e+00
7.000000000000095035e-02 -1.342854468650143129e+00
7.500000000000106581e-02 -1.343644425614564986e+00
8.000000000000095923e-02 -1.344288711619089804e+00
8.500000000000085265e-02 -1.344787326663717586e+00
9.000000000000096811e-02 -1.345140270748448552e+00
9.500000000000108358e-02 -1.345347543873282703e+00
1.000000000000009770e-01 -1.345409146038219594e+00
1.050000000000008704e-01 -1.345325077243259670e+00
1.100000000000009859e-01 -1.345095337488402709e+00
1.150000000000011013e-01 -1.344719926773648710e+00
1.200000000000009948e-01 -1.344198845098997896e+00
1.250000000000008882e-01 -1.343532092464450045e+00
1.300000000000010036e-01 -1.342719668870005378e+00
1.350000000000011191e-01 -1.341761574315663452e+00
1.400000000000010125e-01 -1.340657808801424933e+00
1.450000000000009059e-01 -1.339408372327289154e+00
1.500000000000010214e-01 -1.338013264893256560e+00
1.550000000000011369e-01 -1.336472486499326928e+00
1.600000000000010303e-01 -1.334786037145500481e+00
1.650000000000009237e-01 -1.332953916831776775e+00
1.700000000000010392e-01 -1.330976125558156253e+00
1.750000000000011546e-01 -1.328852663324638916e+00
1.800000000000010481e-01 -1.326583530131224542e+00
1.850000000000009415e-01 -1.324168725977913130e+00
1.900000000000010569e-01 -1.321608250864704681e+00
1.950000000000011724e-01 -1.318902104791599417e+00
2.000000000000010658e-01 -1.316050287758597115e+00
2.050000000000009592e-01 -1.313052799765697998e+00
2.100000000000010747e-01 -1.309909640812901621e+00
2.150000000000011902e-01 -1.306620810900208429e+00
2.200000000000010836e-01 -1.303186310027618200e+00
2.250000000000009770e-01 -1.299606138195131155e+00
2.300000000000010925e-01 -1.295880295402747073e+00
2.350000000000012079e-01 -1.292008781650465954e+00
2.400000000000011013e-01 -1.287991596938288019e+00
2.450000000000009948e-01 -1.283828741266213269e+00
2.500000000000011102e-01 -1.279520214634241038e+00
2.550000000000012257e-01 -1.275066017042372213e+00
2.600000000000011191e-01 -1.270466148490606351e+00
2.650000000000010125e-01 -1.265720608978943673e+00
2.700000000000011280e-01 -1.260829398507383736e+00
2.750000000000012434e-01 -1.255792517075926762e+00
2.800000000000011369e-01 -1.250609964684573194e+00
2.850000000000010303e-01 -1.245281741333322589e+00
2.900000000000011458e-01 -1.239807847022174947e+00
2.950000000000012612e-01 -1.234188281751130045e+00
3.000000000000011546e-01 -1.228423045520188772e+00
3.050000000000010481e-01 -1.222512138329350240e+00
3.100000000000011635e-01 -1.216455560178614670e+00
3.150000000000012790e-01 -1.210253311067982063e+00
3.200000000000011724e-01 -1.203905390997452862e+00
3.250000000000010658e-01 -1.197411799967026402e+00
3.300000000000011813e-01 -1.190772537976702905e+00
3.350000000000012967e-01 -1.183987605026482592e+00
3.400000000000011902e-01 -1.177057001116365242e+00
3.450000000000010836e-01 -1.169980726246351299e+00
3.500000000000011990e-01 -1.162758780416439874e+00
3.550000000000013145e-01 -1.155391163626631634e+00
3.600000000000012079e-01 -1.147877875876926357e+00
3.650000000000011013e-01 -1.140218917167324708e+00
3.700000000000012168e-01 -1.132414287497825356e+00
3.750000000000013323e-01 -1.124463986868428966e+00
3.800000000000012257e-01 -1.116368015279136428e+00
3.850000000000011191e-01 -1.108126372729946407e+00
3.900000000000012346e-01 -1.099739059220859128e+00
3.950000000000013500e-01 -1.091206074751875255e+00
4.000000000000012434e-01 -1.082527419322994566e+00
4.050000000000011369e-01 -1.073703092934216841e+00
4.100000000000012523e-01 -1.064733095585541855e+00
4.150000000000013678e-01 -1.055617427276970277e+00
4.200000000000012612e-01 -1.046356088008501217e+00
4.250000000000011546e-01 -1.036949077780136230e+00
4.300000000000012701e-01 -1.027396396591872874e+00
4.350000000000013856e-01 -1.017698044443713146e+00
4.400000000000012790e-01 -1.007854021335656824e+00
4.450000000000011724e-01 -9.978643272677035769e-01
4.500000000000012879e-01 -9.877289622398529589e-01
4.550000000000014033e-01 -9.774479262521048595e-01
4.600000000000012967e-01 -9.670212193044610549e-01
4.650000000000011902e-01 -9.564488413969195468e-01
4.700000000000013056e-01 -9.457307925294810014e-01
4.750000000000014211e-01 -9.348670727021455296e-01
4.800000000000013145e-01 -9.238576819149133534e-01
4.850000000000012079e-01 -9.127026201677843620e-01
4.900000000000013234e-01 -9.014018874607580001e-01
4.950000000000014388e-01 -8.899554837938347118e-01
5.000000000000013323e-01 -8.783634091670142752e-01
5.050000000000012257e-01 -8.666256635802979114e-01
5.100000000000013411e-01 -8.547422470336831779e-01
5.150000000000014566e-01 -8.427131595271719622e-01
5.200000000000013500e-01 -8.305384010607642642e-01
5.250000000000012434e-01 -8.182179716344595288e-01
5.300000000000013589e-01 -8.057518712482574230e-01
5.350000000000014744e-01 -7.931400999021579468e-01
5.400000000000013678e-01 -7.803826575961626544e-01
5.450000000000012612e-01 -7.674795443302696585e-01
5.500000000000013767e-01 -7.544307601044797362e-01
5.550000000000014921e-01 -7.412363049187927766e-01
5.600000000000013856e-01 -7.278961787732093347e-01
5.650000000000012790e-01 -7.144103816677289664e-01
5.700000000000013944e-01 -7.007789136023511167e-01
5.750000000000015099e-01 -6.870017745770763407e-01
5.800000000000014033e-01 -6.730789645919045272e-01
5.850000000000012967e-01 -6.590104836468367866e-01
5.900000000000014122e-01 -6.447963317418705653e-01
5.950000000000015277e-01 -6.304365088770078618e-01
6.000000000000014211e-01 -6.159310150522486760e-01
6.050000000000013145e-01 -6.012798502675932300e-01
6.100000000000014300e-01 -5.864830145230385261e-01
6.150000000000015454e-01 -5.715405078185880061e-01
6.200000000000014388e-01 -5.564523301542415590e-01
6.250000000000013323e-01 -5.412184815299970753e-01
6.300000000000014477e-01 -5.258389619458555542e-01
6.350000000000015632e-01 -5.103137714018172177e-01
6.400000000000014566e-01 -4.946429098978828987e-01
6.450000000000013500e-01 -4.788263774340505430e-01
6.500000000000014655e-01 -4.628641740103213165e-01
6.550000000000015810e-01 -4.467562996266949971e-01
6.600000000000014744e-01 -4.305027542831717513e-01
6.650000000000013678e-01 -4.141035379797527449e-01
6.700000000000014833e-01 -3.975586507164355354e-01
6.750000000000015987e-01 -3.808680924932215106e-01
6.800000000000014921e-01 -3.640318633101102264e-01
6.850000000000013856e-01 -3.470499631671022933e-01
6.900000000000015010e-01 -3.299223920641971564e-01
6.950000000000016165e-01 -3.126491500013951486e-01
7.000000000000015099e-01 -2.952302369786973801e-01
7.050000000000014033e-01 -2.776656529961015196e-01
7.100000000000015188e-01 -2.599553980536086217e-01
7.150000000000016342e-01 -2.420994721512186865e-01
7.200000000000015277e-01 -2.240978752889319359e-01
7.250000000000014211e-01 -2.059506074667493691e-01
7.300000000000015365e-01 -1.876576686846685160e-01
7.350000000000016520e-01 -1.692190589426908476e-01
7.400000000000015454e-01 -1.506347782408161140e-01
7.450000000000014388e-01 -1.319048265790458141e-01
7.500000000000015543e-01 -1.130292039573770196e-01
7.550000000000016698e-01 -9.400791037581016085e-02
7.600000000000015632e-01 -7.484094583434894310e-02
7.650000000000014566e-01 -5.552831033299068797e-02
7.700000000000015721e-01 -3.607000387173291134e-02
7.750000000000016875e-01 -1.646602645057933592e-02
7.800000000000015810e-01 3.283621930469618477e-03
7.850000000000014744e-01 2.317894127141706395e-02
7.900000000000015898e-01 4.321993157226133864e-02
7.950000000000017053e-01 6.340659283300285887e-02
8.000000000000015987e-01 8.373892505363955685e-02
8.050000000000014921e-01 1.042169282341749437e-01
8.100000000000016076e-01 1.248406023746071736e-01
8.150000000000017231e-01 1.456099474749364409e-01
8.200000000000016165e-01 1.665249635351625235e-01
8.250000000000015099e-01 1.875856505552842279e-01
8.300000000000016254e-01 2.087920085353041910e-01
8.350000000000017408e-01 2.301440374752213858e-01
8.400000000000016342e-01 2.516417373750354236e-01
8.450000000000015277e-01 2.732851082347463323e-01
8.500000000000016431e-01 2.950741500543544449e-01
8.550000000000017586e-01 3.170088628338593728e-01
8.600000000000016520e-01 3.390892465732597283e-01
8.650000000000015454e-01 3.613153012725585644e-01
8.700000000000016609e-01 3.836870269317543825e-01
8.750000000000017764e-01 4.062044235508470713e-01
8.800000000000016698e-01 4.288674911298368531e-01
8.850000000000015632e-01 4.516762296687219513e-01
8.900000000000016787e-01 4.746306391675057523e-01
8.950000000000017941e-01 4.977307196261863687e-01
9.000000000000016875e-01 5.209764710447640779e-01
9.050000000000015810e-01 5.443678934232371036e-01
9.100000000000016964e-01 5.679049867616087210e-01
9.150000000000018119e-01 5.915877510598787081e-01
9.200000000000017053e-01 6.154161863180427350e-01
9.250000000000015987e-01 6.393902925361034661e-01
9.300000000000017142e-01 6.635100697140644543e-01
9.350000000000018296e-01 6.877755178519210366e-01
9.400000000000017231e-01 7.121866369496726579e-01
9.450000000000016165e-01 7.367434270073228708e-01
9.500000000000017319e-01 7.614458880248703432e-01
9.550000000000018474e-01 7.862940200023146309e-01
9.600000000000017408e-01 8.112878229396540686e-01
9.650000000000016342e-01 8.364272968368919869e-01
9.700000000000017497e-01 8.617124416940272758e-01
9.750000000000018652e-01 8.871432575110592689e-01
9.800000000000017586e-01 9.127197442879885214e-01
9.850000000000016520e-01 9.384419020248125909e-01
9.900000000000017675e-01 9.643097307215359182e-01
9.950000000000018829e-01 9.903232303781556167e-01
1.000000000000001776e+00 1.016482400994672686e+00
