5.628698176510129603e-01 -7.201736334748893853e-01
6.102316765052879788e-01 -5.857938674553574421e-01
-8.755979194540506327e-01 1.425366061353476876e+00
5.149251143419464327e-02 -1.338662919265237061e+00
8.413350698268711181e-01 2.574065644737393854e-01
8.988224949390377638e-02 -1.345133633767367165e+00
-3.780750136802724093e-01 -6.806046008086724663e-01
9.955685856845968296e-01 9.932906356009584270e-01
9.989771332808445869e-01 1.011119079975375312e+00
9.936310117738849090e-01 9.831863133679739075e-01
