-1.000000000000000000e+00 1.938067550249507054e+00
-9.949999999999999956e-01 1.938005437551219234e+00
-9.899999999999999911e-01 1.937943525421069513e+00
-9.849999999999999867e-01 1.937881843667746740e+00
-9.799999999999999822e-01 1.937820362478924086e+00
-9.749999999999999778e-01 1.937758873230159384e+00
-9.699999999999999734e-01 1.937697614335484264e+00
-9.649999999999999689e-01 1.937636555983481390e+00
-9.599999999999999645e-01 1.937575429953249273e+00
-9.549999999999999600e-01 1.937514713068303696e+00
-9.499999999999999556e-01 1.937454047697138027e+00
-9.449999999999999512e-01 1.937393612647320129e+00
-9.399999999999999467e-01 1.937333318509154356e+00
-9.349999999999999423e-01 1.937272986454154466e+00
-9.299999999999999378e-01 1.937213063519884759e+00
-9.249999999999999334e-01 1.937153221868975539e+00
-9.199999999999999289e-01 1.937093521097886129e+00
-9.149999999999999245e-01 1.937033931402475151e+00
-9.099999999999999201e-01 1.936974571989303673e+00
-9.049999999999999156e-01 1.936915323633620734e+00
-8.999999999999999112e-01 1.936856275742393496e+00
-8.949999999999999067e-01 1.936797309099056452e+00
-8.899999999999999023e-01 1.936738662117641230e+00
-8.849999999999998979e-01 1.936679857950075689e+00
-8.799999999999998934e-01 1.936621403232202443e+00
-8.749999999999998890e-01 1.936563208548868875e+00
-8.699999999999998845e-01 1.936505005674626023e+00
-8.649999999999998801e-01 1.936447003226640096e+00
-8.599999999999998757e-01 1.936389111781573025e+00
-8.549999999999998712e-01 1.936331450551442845e+00
-8.499999999999998668e-01 1.936273959917052867e+00
-8.449999999999998623e-01 1.936216610073352218e+00
-8.399999999999998579e-01 1.936159430818115812e+00
-8.349999999999998535e-01 1.936102302937506625e+00
-8.299999999999998490e-01 1.936045345632628756e+00
-8.249999999999998446e-01 1.935988618495394054e+00
-8.199999999999998401e-01 1.935931972517828559e+00
-8.149999999999998357e-01 1.935875586508409629e+00
-8.099999999999998312e-01 1.935819430651172457e+00
-8.049999999999998268e-01 1.935763266528447435e+00
-7.999999999999998224e-01 1.935707213340429167e+00
-7.949999999999998179e-01 1.935651479699736388e+00
-7.899999999999998135e-01 1.935595707966677015e+00
-7.849999999999998090e-01 1.935540255773667173e+00
-7.799999999999998046e-01 1.935485033693730816e+00
-7.749999999999998002e-01 1.935429743712739015e+00
-7.699999999999997957e-01 1.935374743444008505e+00
-7.649999999999997913e-01 1.935319913678249737e+00
-7.599999999999997868e-01 1.935265135192530739e+00
-7.549999999999997824e-01 1.935210527196141062e+00
-7.499999999999997780e-01 1.935156149284630533e+00
-7.449999999999997735e-01 1.935101822641336344e+00
-7.399999999999997691e-01 1.935047815481703015e+00
-7.349999999999997646e-01 1.934993770169676441e+00
-7.299999999999997602e-01 1.934939984724842521e+00
-7.249999999999997558e-01 1.934886518740022598e+00
-7.199999999999997513e-01 1.934832895387153417e+00
-7.149999999999997469e-01 1.934779561679242921e+00
-7.099999999999997424e-01 1.934726487820335183e+00
-7.049999999999997380e-01 1.934673345973970005e+00
-6.999999999999997335e-01 1.934620612966391651e+00
-6.949999999999997291e-01 1.934567841766402285e+00
-6.899999999999997247e-01 1.934515360189543731e+00
-6.849999999999997202e-01 1.934462870209863627e+00
-6.799999999999997158e-01 1.934410669838762420e+00
-6.749999999999997113e-01 1.934358669669272945e+00
-6.699999999999997069e-01 1.934306720686145287e+00
-6.649999999999997025e-01 1.934254971888258456e+00
-6.599999999999996980e-01 1.934203333874102260e+00
-6.549999999999996936e-01 1.934151836432356664e+00
-6.499999999999996891e-01 1.934100628566448155e+00
-6.449999999999996847e-01 1.934049531463351901e+00
-6.399999999999996803e-01 1.933998455712462761e+00
-6.349999999999996758e-01 1.933947699325181180e+00
-6.299999999999996714e-01 1.933897053685250444e+00
-6.249999999999996669e-01 1.933846488978524736e+00
-6.199999999999996625e-01 1.933796124414293605e+00
-6.149999999999996581e-01 1.933745781171346767e+00
-6.099999999999996536e-01 1.933695757271089111e+00
-6.049999999999996492e-01 1.933645903692813750e+00
-5.999999999999996447e-01 1.933596220431973212e+00
-5.949999999999996403e-01 1.933546618079781343e+00
-5.899999999999996358e-01 1.933497096622595723e+00
-5.849999999999996314e-01 1.933447954086368714e+00
-5.799999999999996270e-01 1.933398803036361802e+00
-5.749999999999996225e-01 1.933349852073370290e+00
-5.699999999999996181e-01 1.933301011797702973e+00
-5.649999999999996136e-01 1.933252371603594089e+00
-5.599999999999996092e-01 1.933203901685083270e+00
-5.549999999999996048e-01 1.933155572242576614e+00
-5.499999999999996003e-01 1.933107413056568635e+00
-5.449999999999995959e-01 1.933059304926864730e+00
-5.399999999999995914e-01 1.933011516066180935e+00
-5.349999999999995870e-01 1.932963778244520814e+00
-5.299999999999995826e-01 1.932916240472586811e+00
-5.249999999999995781e-01 1.932868783537451396e+00
-5.199999999999995737e-01 1.932821556439812571e+00
-5.149999999999995692e-01 1.932774439967652302e+00
-5.099999999999995648e-01 1.932727434120970589e+00
-5.049999999999995604e-01 1.932680687901374927e+00
-4.999999999999995559e-01 1.932634111893712703e+00
-4.949999999999995515e-01 1.932587646497886613e+00
-4.899999999999995470e-01 1.932541321503486120e+00
-4.849999999999995426e-01 1.932495136905054256e+00
-4.799999999999995381e-01 1.932449152309054785e+00
-4.749999999999995337e-01 1.932403278302154082e+00
-4.699999999999995293e-01 1.932357634083637254e+00
-4.649999999999995248e-01 1.932312070640982871e+00
-4.599999999999995204e-01 1.932266766783577783e+00
-4.549999999999995159e-01 1.932221394683147242e+00
-4.499999999999995115e-01 1.932176371559471750e+00
-4.449999999999995071e-01 1.932131518598616982e+00
-4.399999999999995026e-01 1.932086805995532064e+00
-4.349999999999994982e-01 1.932042203940618652e+00
-4.299999999999994937e-01 1.931997682627916380e+00
-4.249999999999994893e-01 1.931953420867721594e+00
-4.199999999999994849e-01 1.931909299442559291e+00
-4.149999999999994804e-01 1.931865377954345764e+00
-4.099999999999994760e-01 1.931821477585508706e+00
-4.049999999999994715e-01 1.931777806948666854e+00
-3.999999999999994671e-01 1.931734366035634753e+00
-3.949999999999994627e-01 1.931690946226517713e+00
-3.899999999999994582e-01 1.931647756132115479e+00
-3.849999999999994538e-01 1.931604736150511759e+00
-3.799999999999994493e-01 1.931561737255542699e+00
-3.749999999999994449e-01 1.931519176681540717e+00
-3.699999999999994404e-01 1.931476458373872607e+00
-3.649999999999994360e-01 1.931434148573025755e+00
-3.599999999999994316e-01 1.931391859847899628e+00
-3.549999999999994271e-01 1.931349711398688829e+00
-3.499999999999994227e-01 1.931307762829128638e+00
-3.449999999999994182e-01 1.931266014132852593e+00
-3.399999999999994138e-01 1.931224316289153808e+00
-3.349999999999994094e-01 1.931182848120152062e+00
-3.299999999999994049e-01 1.931141490396548921e+00
-3.249999999999994005e-01 1.931100302731174612e+00
-3.199999999999993960e-01 1.931059344716850479e+00
-3.149999999999993916e-01 1.931018526949337843e+00
-3.099999999999993872e-01 1.930977760006208133e+00
-3.049999999999993827e-01 1.930937192907258737e+00
-2.999999999999993783e-01 1.930896766036930945e+00
-2.949999999999993738e-01 1.930856538994412563e+00
-2.899999999999993694e-01 1.930816481977381205e+00
-2.849999999999993650e-01 1.930776594977651417e+00
-2.799999999999993605e-01 1.930736877997042189e+00
-2.749999999999993561e-01 1.930697211810802560e+00
-2.699999999999993516e-01 1.930657715637317029e+00
-2.649999999999993472e-01 1.930618359662439776e+00
-2.599999999999993427e-01 1.930579233288590491e+00
-2.549999999999993383e-01 1.930540217305570128e+00
-2.499999999999993339e-01 1.930501490515489582e+00
-2.449999999999993294e-01 1.930462784705632817e+00
-2.399999999999993250e-01 1.930424159467002188e+00
-2.349999999999993205e-01 1.930385793615351009e+00
-2.299999999999993161e-01 1.930347567934113773e+00
-2.249999999999993117e-01 1.930309601628032556e+00
-2.199999999999993072e-01 1.930271745682766937e+00
-2.149999999999993028e-01 1.930233910687711774e+00
-2.099999999999992983e-01 1.930196275451344423e+00
-2.049999999999992939e-01 1.930158810166795025e+00
-1.999999999999992895e-01 1.930121634045172119e+00
-1.949999999999992850e-01 1.930084538459305055e+00
-1.899999999999992806e-01 1.930047553210606726e+00
-1.849999999999992761e-01 1.930010588887562495e+00
-1.799999999999992717e-01 1.929974032915815929e+00
-1.749999999999992673e-01 1.929937617071737055e+00
-1.699999999999992628e-01 1.929901222138760364e+00
-1.649999999999992584e-01 1.929864907722440126e+00
-1.599999999999992539e-01 1.929828971841452745e+00
-1.549999999999992495e-01 1.929792997255099340e+00
-1.499999999999992450e-01 1.929757460802357105e+00
-1.449999999999992406e-01 1.929721826035056598e+00
-1.399999999999992362e-01 1.929686450578337986e+00
-1.349999999999992317e-01 1.929651066203114329e+00
-1.299999999999992273e-01 1.929616000735841386e+00
-1.249999999999992228e-01 1.929580985950160699e+00
-1.199999999999992184e-01 1.929546260265560864e+00
-1.149999999999992140e-01 1.929511644855374630e+00
-1.099999999999992095e-01 1.929477229132935623e+00
-1.049999999999992051e-01 1.929442864069351504e+00
-9.999999999999920064e-02 1.929408609280180986e+00
-9.499999999999919620e-02 1.929374703171270244e+00
-8.999999999999919176e-02 1.929340817916163520e+00
-8.499999999999918732e-02 1.929307132327885643e+00
-7.999999999999918288e-02 1.929273556987646021e+00
-7.499999999999917843e-02 1.929240151505546397e+00
-6.999999999999917399e-02 1.929206915874310813e+00
-6.499999999999916955e-02 1.929173879897171151e+00
-5.999999999999916511e-02 1.929140954150789344e+00
-5.499999999999916067e-02 1.929108228052136997e+00
-4.999999999999915623e-02 1.929075492981319417e+00
-4.499999999999915179e-02 1.929043076745692975e+00
-3.999999999999914735e-02 1.929010919753345821e+00
-3.499999999999914291e-02 1.928978634562263483e+00
-2.999999999999913847e-02 1.928946668204553294e+00
-2.499999999999913403e-02 1.928914812065777529e+00
-1.999999999999912959e-02 1.928883185347040286e+00
-1.499999999999912514e-02 1.928851668829957067e+00
-9.999999999999120703e-03 1.928820351931499477e+00
-4.999999999999116262e-03 1.928789175035199310e+00
8.881784197001252323e-16 1.928758048730451424e+00
5.000000000000781597e-03 1.928727122028867758e+00
1.000000000000089706e-02 1.928696365126306933e+00
1.500000000000101252e-02 1.928665718408119734e+00
2.000000000000090594e-02 1.928635390488743884e+00
2.500000000000079936e-02 1.928605113148187389e+00
3.000000000000091482e-02 1.928575005591192326e+00
3.500000000000103029e-02 1.928545067817758696e+00
4.000000000000092371e-02 1.928515210406367419e+00
4.500000000000081712e-02 1.928485552577221984e+00
5.000000000000093259e-02 1.928456034707487721e+00
5.500000000000104805e-02 1.928426835624741376e+00
6.000000000000094147e-02 1.928397567881511510e+00
6.500000000000083489e-02 1.928368469901834192e+00
7.000000000000095035e-02 1.928339541676614477e+00
7.500000000000106581e-02 1.928310902416960904e+00
8.000000000000095923e-02 1.928282373305301167e+00
8.500000000000085265e-02 1.928254073543648861e+00
9.000000000000096811e-02 1.928225675306457720e+00
9.500000000000108358e-02 1.928197566022099796e+00
1.000000000000009770e-01 1.928169656276331967e+00
1.050000000000008704e-01 1.928141916267741340e+00
1.100000000000009859e-01 1.928114226783400387e+00
1.150000000000011013e-01 1.928086766629967475e+00
1.200000000000009948e-01 1.928059476210983281e+00
1.250000000000008882e-01 1.928032176694323585e+00
1.300000000000010036e-01 1.928005344928060527e+00
1.350000000000011191e-01 1.927978384852103932e+00
1.400000000000010125e-01 1.927951713698967229e+00
1.450000000000009059e-01 1.927925331472288395e+00
1.500000000000010214e-01 1.927898850730962454e+00
1.550000000000011369e-01 1.927872658909727921e+00
1.600000000000010303e-01 1.927846606986058919e+00
1.650000000000009237e-01 1.927820665158542557e+00
1.700000000000010392e-01 1.927794833428088328e+00
1.750000000000011546e-01 1.927769290596807128e+00
1.800000000000010481e-01 1.927743887659453481e+00
1.850000000000009415e-01 1.927718445792088620e+00
1.900000000000010569e-01 1.927693263019755410e+00
1.950000000000011724e-01 1.927668249932758204e+00
2.000000000000010658e-01 1.927643585339574361e+00
2.050000000000009592e-01 1.927618911612335229e+00
2.100000000000010747e-01 1.927594407559518164e+00
2.150000000000011902e-01 1.927570013580116370e+00
2.200000000000010836e-01 1.927545729658668439e+00
2.250000000000009770e-01 1.927521764425073503e+00
2.300000000000010925e-01 1.927497968851348720e+00
2.350000000000012079e-01 1.927474074722959063e+00
2.400000000000011013e-01 1.927450529066554896e+00
2.450000000000009948e-01 1.927427182872343270e+00
2.500000000000011102e-01 1.927403916924668170e+00
2.550000000000012257e-01 1.927380761024032996e+00
2.600000000000011191e-01 1.927357744973669629e+00
2.650000000000010125e-01 1.927334958170540791e+00
2.700000000000011280e-01 1.927312311214045781e+00
2.750000000000012434e-01 1.927289863701553418e+00
2.800000000000011369e-01 1.927267615630335218e+00
2.850000000000010303e-01 1.927245298781308680e+00
2.900000000000011458e-01 1.927223330375163801e+00
2.950000000000012612e-01 1.927201471999687943e+00
3.000000000000011546e-01 1.927179723653062116e+00
3.050000000000010481e-01 1.927158174734977525e+00
3.100000000000011635e-01 1.927136735835738524e+00
3.150000000000012790e-01 1.927115555965138061e+00
3.200000000000011724e-01 1.927094366905912626e+00
3.250000000000010658e-01 1.927073615686531571e+00
3.300000000000011813e-01 1.927052795662057338e+00
3.350000000000012967e-01 1.927032026040869983e+00
3.400000000000011902e-01 1.927011634649425265e+00
3.450000000000010836e-01 1.926991263857126047e+00
3.500000000000011990e-01 1.926971152076184968e+00
3.550000000000013145e-01 1.926951120491758207e+00
3.600000000000012079e-01 1.926931377722830963e+00
3.650000000000011013e-01 1.926911566136077614e+00
3.700000000000012168e-01 1.926892132759058018e+00
3.750000000000013323e-01 1.926872690167038105e+00
3.800000000000012257e-01 1.926853566182835653e+00
3.850000000000011191e-01 1.926834432974537936e+00
3.900000000000012346e-01 1.926815618364962734e+00
3.950000000000013500e-01 1.926796734926647492e+00
4.000000000000012434e-01 1.926778170084326280e+00
4.050000000000011369e-01 1.926759715220832891e+00
4.100000000000012523e-01 1.926741549148282662e+00
4.150000000000013678e-01 1.926723254632343174e+00
4.200000000000012612e-01 1.926705308511991621e+00
4.250000000000011546e-01 1.926687472354096986e+00
4.300000000000012701e-01 1.926669835572902389e+00
4.350000000000013856e-01 1.926652308758712184e+00
4.400000000000012790e-01 1.926634981318493534e+00
4.450000000000011724e-01 1.926617823448105060e+00
4.500000000000012879e-01 1.926600715929162266e+00
4.550000000000014033e-01 1.926583837576508973e+00
4.600000000000012967e-01 1.926567069186312597e+00
4.650000000000011902e-01 1.926550559759271142e+00
4.700000000000013056e-01 1.926534219891145927e+00
4.750000000000014211e-01 1.926517900570325015e+00
4.800000000000013145e-01 1.926501780599828795e+00
4.850000000000012079e-01 1.926485740775824684e+00
4.900000000000013234e-01 1.926469959911337515e+00
4.950000000000014388e-01 1.926454348593943156e+00
5.000000000000013323e-01 1.926438817416674443e+00
5.050000000000012257e-01 1.926423545189827724e+00
5.100000000000013411e-01 1.926408293501190361e+00
5.150000000000014566e-01 1.926393330555292938e+00
5.200000000000013500e-01 1.926378358343463493e+00
5.250000000000012434e-01 1.926363734477199774e+00
5.300000000000013589e-01 1.926349190742876250e+00
5.350000000000014744e-01 1.926334697333623058e+00
5.400000000000013678e-01 1.926320552274483067e+00
5.450000000000012612e-01 1.926306457531318461e+00
5.500000000000013767e-01 1.926292502520191352e+00
5.550000000000014921e-01 1.926278776640792945e+00
5.600000000000013856e-01 1.926265130883330290e+00
5.650000000000012790e-01 1.926251654651132572e+00
5.700000000000013944e-01 1.926238407546116083e+00
5.750000000000015099e-01 1.926225210754346495e+00
5.800000000000014033e-01 1.926212272885714061e+00
5.850000000000012967e-01 1.926199415134469906e+00
5.900000000000014122e-01 1.926186726898486246e+00
5.950000000000015277e-01 1.926174208177763081e+00
6.000000000000014211e-01 1.926161799369474625e+00
6.050000000000013145e-01 1.926149530271395793e+00
6.100000000000014300e-01 1.926137490288674758e+00
6.150000000000015454e-01 1.926125679424040005e+00
6.200000000000014388e-01 1.926113859248907989e+00
6.250000000000013323e-01 1.926102387396604332e+00
6.300000000000014477e-01 1.926090876436937993e+00
6.350000000000015632e-01 1.926079624388585376e+00
6.400000000000014566e-01 1.926068392832057885e+00
6.450000000000013500e-01 1.926057360578561362e+00
6.500000000000014655e-01 1.926046646839204346e+00
6.550000000000015810e-01 1.926035923784802595e+00
6.600000000000014744e-01 1.926025429833025715e+00
6.650000000000013678e-01 1.926015105377409942e+00
6.700000000000014833e-01 1.926004920618361371e+00
6.750000000000015987e-01 1.925994845747191153e+00
6.800000000000014921e-01 1.925985029778239710e+00
6.850000000000013856e-01 1.925975353495851028e+00
6.900000000000015010e-01 1.925965727497605418e+00
6.950000000000016165e-01 1.925956241185013074e+00
7.000000000000015099e-01 1.925946954163628266e+00
7.050000000000014033e-01 1.925937896236682878e+00
7.100000000000015188e-01 1.925928948188520895e+00
7.150000000000016342e-01 1.925920110022780296e+00
7.200000000000015277e-01 1.925911500946022148e+00
7.250000000000014211e-01 1.925903031550369793e+00
7.300000000000015365e-01 1.925894701834004241e+00
7.350000000000016520e-01 1.925886541599247881e+00
7.400000000000015454e-01 1.925878491240546442e+00
7.450000000000014388e-01 1.925870669964460991e+00
7.500000000000015543e-01 1.925863018166346752e+00
7.550000000000016698e-01 1.925855416637823669e+00
7.600000000000015632e-01 1.925848044186459607e+00
7.650000000000014566e-01 1.925840751807009088e+00
7.700000000000015721e-01 1.925833718308858966e+00
7.750000000000016875e-01 1.925826764871708452e+00
7.800000000000015810e-01 1.925820040517173926e+00
7.850000000000014744e-01 1.925813277019806424e+00
7.900000000000015898e-01 1.925806921406256311e+00
7.950000000000017053e-01 1.925800586253608504e+00
8.000000000000015987e-01 1.925794480171753253e+00
8.050000000000014921e-01 1.925788364751206405e+00
8.100000000000016076e-01 1.925782627408516579e+00
8.150000000000017231e-01 1.925776970126826360e+00
8.200000000000016165e-01 1.925771482309464933e+00
8.250000000000015099e-01 1.925765985148864434e+00
8.300000000000016254e-01 1.925760776657334805e+00
8.350000000000017408e-01 1.925755797234778743e+00
8.400000000000016342e-01 1.925750897865946332e+00
8.450000000000015277e-01 1.925746138163667798e+00
8.500000000000016431e-01 1.925741577723492970e+00
8.550000000000017586e-01 1.925737156933501115e+00
8.600000000000016520e-01 1.925732786400367491e+00
8.650000000000015454e-01 1.925728674737620327e+00
8.700000000000016609e-01 1.925724672926371728e+00
8.750000000000017764e-01 1.925720929981871610e+00
8.800000000000016698e-01 1.925717326688463960e+00
8.850000000000015632e-01 1.925713773649186056e+00
8.900000000000016787e-01 1.925710360262819609e+00
8.950000000000017941e-01 1.925707175935422288e+00
9.000000000000016875e-01 1.925704190863762211e+00
9.050000000000015810e-01 1.925701196438858620e+00
9.100000000000016964e-01 1.925698490676659436e+00
9.150000000000018119e-01 1.925696043773023280e+00
9.200000000000017053e-01 1.925693617311190042e+00
9.250000000000015987e-01 1.925691330507725230e+00
9.300000000000017142e-01 1.925689213152218304e+00
9.350000000000018296e-01 1.925687175843159071e+00
9.400000000000017231e-01 1.925685397389934383e+00
9.450000000000016165e-01 1.925683698988614356e+00
9.500000000000017319e-01 1.925682289241813283e+00
9.550000000000018474e-01 1.925680989342872795e+00
9.600000000000017408e-01 1.925679918501082444e+00
9.650000000000016342e-01 1.925678897899779418e+00
9.700000000000017497e-01 1.925678046747343775e+00
9.750000000000018652e-01 1.925677305442768716e+00
9.800000000000017586e-01 1.925676763384835954e+00
9.850000000000016520e-01 1.925676271572847487e+00
9.900000000000017675e-01 1.925676038617603059e+00
9.950000000000018829e-01 1.925676034714961293e+00
1.000000000000001776e+00 1.925676126593025561e+00
