-1.000000000000000000e+00 7.813109930527208924e-01
-9.949999999999999956e-01 7.813727443105382697e-01
-9.899999999999999911e-01 7.814342962953380045e-01
-9.849999999999999867e-01 7.814956192075261932e-01
-9.799999999999999822e-01 7.815567428612486545e-01
-9.749999999999999778e-01 7.816178758773095758e-01
-9.699999999999999734e-01 7.816787798398583398e-01
-9.649999999999999689e-01 7.817394845694072281e-01
-9.599999999999999645e-01 7.818002582777627829e-01
-9.549999999999999600e-01 7.818606241414092217e-01
-9.499999999999999556e-01 7.819209397936721651e-01
-9.449999999999999512e-01 7.819810264324407179e-01
-9.399999999999999467e-01 7.820409734637725485e-01
-9.349999999999999423e-01 7.821009597125159196e-01
-9.299999999999999378e-01 7.821605381465634999e-01
-9.249999999999999334e-01 7.822200365960090274e-01
-9.199999999999999289e-01 7.822793954680311579e-01
-9.149999999999999245e-01 7.823386445667712685e-01
-9.099999999999999201e-01 7.823976646947632396e-01
-9.049999999999999156e-01 7.824565750585681378e-01
-8.999999999999999112e-01 7.825152862712276836e-01
-8.949999999999999067e-01 7.825739175329364805e-01
-8.899999999999999023e-01 7.826322304423958265e-01
-8.849999999999998979e-01 7.826907018349449352e-01
-8.799999999999998934e-01 7.827488250820171523e-01
-8.749999999999998890e-01 7.828066895896701460e-01
-8.699999999999998845e-01 7.828645636033617627e-01
-8.649999999999998801e-01 7.829222384931928680e-01
-8.599999999999998757e-01 7.829798036825015295e-01
-8.549999999999998712e-01 7.830371399592697124e-01
-8.499999999999998668e-01 7.830943069426941072e-01
-8.449999999999998623e-01 7.831513344396445753e-01
-8.399999999999998579e-01 7.832081926487082235e-01
-8.349999999999998535e-01 7.832650007891790445e-01
-8.299999999999998490e-01 7.833216396635909184e-01
-8.249999999999998446e-01 7.833780496636610913e-01
-8.199999999999998401e-01 7.834343798082774590e-01
-8.149999999999998357e-01 7.834904512907816532e-01
-8.099999999999998312e-01 7.835462939198625243e-01
-8.049999999999998268e-01 7.836021461222846263e-01
-7.999999999999998224e-01 7.836578886960343659e-01
-7.949999999999998179e-01 7.837133130230360401e-01
-7.899999999999998135e-01 7.837687767429817320e-01
-7.849999999999998090e-01 7.838239222343692525e-01
-7.799999999999998046e-01 7.838788389041657645e-01
-7.749999999999998002e-01 7.839338247846900920e-01
-7.699999999999997957e-01 7.839885222553495403e-01
-7.649999999999997913e-01 7.840430505290716390e-01
-7.599999999999997868e-01 7.840975288233313911e-01
-7.549999999999997824e-01 7.841518379324772248e-01
-7.499999999999997780e-01 7.842059182573213327e-01
-7.449999999999997735e-01 7.842599486218024829e-01
-7.399999999999997691e-01 7.843136608050191860e-01
-7.349999999999997646e-01 7.843674124412065574e-01
-7.299999999999997602e-01 7.844209055144166776e-01
-7.249999999999997558e-01 7.844740804281902236e-01
-7.199999999999997513e-01 7.845274140178664091e-01
-7.149999999999997469e-01 7.845804592649803233e-01
-7.099999999999997424e-01 7.846332459709448592e-01
-7.049999999999997380e-01 7.846861019613062815e-01
-6.999999999999997335e-01 7.847385504170962811e-01
-6.949999999999997291e-01 7.847910383695126946e-01
-6.899999999999997247e-01 7.848432380066516778e-01
-6.849999999999997202e-01 7.848954473435516555e-01
-6.799999999999997158e-01 7.849473683742691499e-01
-6.749999999999997113e-01 7.849990905057713242e-01
-6.699999999999997069e-01 7.850507627624030427e-01
-6.649999999999997025e-01 7.851022361289143880e-01
-6.599999999999996980e-01 7.851536000195484810e-01
-6.549999999999996936e-01 7.852048246438063650e-01
-6.499999999999996891e-01 7.852557609891666068e-01
-6.449999999999996847e-01 7.853065878777489850e-01
-6.399999999999996803e-01 7.853573947201586414e-01
-6.349999999999996758e-01 7.854078834977191725e-01
-6.299999999999996714e-01 7.854582628376012288e-01
-6.249999999999996669e-01 7.855085625412177031e-01
-6.199999999999996625e-01 7.855586634101929810e-01
-6.149999999999996581e-01 7.856087442566423995e-01
-6.099999999999996536e-01 7.856585070664370285e-01
-6.049999999999996492e-01 7.857081008584647641e-01
-5.999999999999996447e-01 7.857575256354540905e-01
-5.949999999999996403e-01 7.858068708098291388e-01
-5.899999999999996358e-01 7.858561363861373827e-01
-5.849999999999996314e-01 7.859050243547973658e-01
-5.799999999999996270e-01 7.859539221341766968e-01
-5.749999999999996225e-01 7.860026211271180507e-01
-5.699999999999996181e-01 7.860512107387696012e-01
-5.649999999999996136e-01 7.860996015712591323e-01
-5.599999999999996092e-01 7.861478234287280209e-01
-5.549999999999996048e-01 7.861959061235030966e-01
-5.499999999999996003e-01 7.862438198550809609e-01
-5.449999999999995959e-01 7.862916838382081330e-01
-5.399999999999995914e-01 7.863392298583495865e-01
-5.349999999999995870e-01 7.863867261382258000e-01
-5.299999999999995826e-01 7.864340236725912980e-01
-5.249999999999995781e-01 7.864812416761925995e-01
-5.199999999999995737e-01 7.865282311410557448e-01
-5.149999999999995692e-01 7.865751112882937157e-01
-5.099999999999995648e-01 7.866218821106305548e-01
-5.049999999999995604e-01 7.866683946155537122e-01
-4.999999999999995559e-01 7.867147382054828775e-01
-4.949999999999995515e-01 7.867609724914292890e-01
-4.899999999999995470e-01 7.868070676710705591e-01
-4.849999999999995426e-01 7.868530237625965817e-01
-4.799999999999995381e-01 7.868987811577246028e-01
-4.749999999999995337e-01 7.869444292643312799e-01
-4.699999999999995293e-01 7.869898488867694830e-01
-4.649999999999995248e-01 7.870351890357416558e-01
-4.599999999999995204e-01 7.870802709073179138e-01
-4.549999999999995159e-01 7.871254223224970481e-01
-4.499999999999995115e-01 7.871702260596795675e-01
-4.449999999999995071e-01 7.872148609437137345e-01
-4.399999999999995026e-01 7.872593567723744634e-01
-4.349999999999994982e-01 7.873037433534411100e-01
-4.299999999999994937e-01 7.873480504983310091e-01
-4.249999999999994893e-01 7.873920993931098344e-01
-4.199999999999994849e-01 7.874360092570715786e-01
-4.149999999999994804e-01 7.874797204864809608e-01
-4.099999999999994760e-01 7.875234118970912967e-01
-4.049999999999994715e-01 7.875668748835598088e-01
-3.999999999999994671e-01 7.876101094486149812e-01
-3.949999999999994627e-01 7.876533242121515066e-01
-3.899999999999994582e-01 7.876963105651886288e-01
-3.849999999999994538e-01 7.877391281114616284e-01
-3.799999999999994493e-01 7.877819258698584015e-01
-3.749999999999994449e-01 7.878242866151414781e-01
-3.699999999999994404e-01 7.878668063946681066e-01
-3.649999999999994360e-01 7.879089189679508998e-01
-3.599999999999994316e-01 7.879510117751853393e-01
-3.549999999999994271e-01 7.879929656052628850e-01
-3.499999999999994227e-01 7.880347208617242138e-01
-3.449999999999994182e-01 7.880762775509357887e-01
-3.399999999999994138e-01 7.881177846826905586e-01
-3.349999999999994094e-01 7.881590634512396498e-01
-3.299999999999994049e-01 7.882002330695105918e-01
-3.249999999999994005e-01 7.882412339374060828e-01
-3.199999999999993960e-01 7.882820064602857890e-01
-3.149999999999993916e-01 7.883226400387504107e-01
-3.099999999999993872e-01 7.883632240934095314e-01
-3.049999999999993827e-01 7.884036096081037392e-01
-2.999999999999993783e-01 7.884438562002107354e-01
-2.949999999999993738e-01 7.884839042650857444e-01
-2.899999999999993694e-01 7.885237836123271116e-01
-2.849999999999993650e-01 7.885634942392063529e-01
-2.799999999999993605e-01 7.886030361548184153e-01
-2.749999999999993561e-01 7.886425285784572914e-01
-2.699999999999993516e-01 7.886818522935574727e-01
-2.649999999999993472e-01 7.887210371179027568e-01
-2.599999999999993427e-01 7.887599936363405284e-01
-2.549999999999993383e-01 7.887988410663457906e-01
-2.499999999999993339e-01 7.888374006130836058e-01
-2.449999999999993294e-01 7.888759404783560747e-01
-2.399999999999993250e-01 7.889144010802557894e-01
-2.349999999999993205e-01 7.889526035939344872e-01
-2.299999999999993161e-01 7.889906672450526237e-01
-2.249999999999993117e-01 7.890284728252301427e-01
-2.199999999999993072e-01 7.890661693433504986e-01
-2.149999999999993028e-01 7.891038462209327697e-01
-2.099999999999992983e-01 7.891413246367666723e-01
-2.049999999999992939e-01 7.891786344049980251e-01
-1.999999999999992895e-01 7.892156563163372773e-01
-1.949999999999992850e-01 7.892525989943171005e-01
-1.899999999999992806e-01 7.892894326429815699e-01
-1.849999999999992761e-01 7.893262466629313856e-01
-1.799999999999992717e-01 7.893626536357989387e-01
-1.749999999999992673e-01 7.893989217870331920e-01
-1.699999999999992628e-01 7.894351703331996539e-01
-1.649999999999992584e-01 7.894713396560111285e-01
-1.599999999999992539e-01 7.895071317604380745e-01
-1.549999999999992495e-01 7.895429638617135204e-01
-1.499999999999992450e-01 7.895783591390501677e-01
-1.449999999999992406e-01 7.896138540333415001e-01
-1.399999999999992362e-01 7.896490909230853283e-01
-1.349999999999992317e-01 7.896843380264546575e-01
-1.299999999999992273e-01 7.897192675333646328e-01
-1.249999999999992228e-01 7.897541476592597753e-01
-1.199999999999992184e-01 7.897887399901084571e-01
-1.149999999999992140e-01 7.898232233489399512e-01
-1.099999999999992095e-01 7.898575083224206317e-01
-1.049999999999992051e-01 7.898917439394428364e-01
-9.999999999999920064e-02 7.899258705844478534e-01
-9.499999999999919620e-02 7.899596498570464753e-01
-8.999999999999919176e-02 7.899934095727805250e-01
-8.499999999999918732e-02 7.900269709331770862e-01
-7.999999999999918288e-02 7.900604233406558485e-01
-7.499999999999917843e-02 7.900937071996669836e-01
-6.999999999999917399e-02 7.901268225102104914e-01
-6.499999999999916955e-02 7.901597394708734790e-01
-5.999999999999916511e-02 7.901925475031750246e-01
-5.499999999999916067e-02 7.902251571883245340e-01
-4.999999999999915623e-02 7.902577771553116470e-01
-4.499999999999915179e-02 7.902900795840470671e-01
-3.999999999999914735e-02 7.903221240755375909e-01
-3.499999999999914291e-02 7.903542980699787002e-01
-2.999999999999913847e-02 7.903861545352630635e-01
-2.499999999999913403e-02 7.904179020858284055e-01
-1.999999999999912959e-02 7.904494215169326488e-01
-1.499999999999912514e-02 7.904808320487792805e-01
-9.999999999999120703e-03 7.905120442680346748e-01
-4.999999999999116262e-03 7.905431177875290594e-01
8.881784197001252323e-16 7.905741420196865654e-01
5.000000000000781597e-03 7.906049679547142439e-01
1.000000000000089706e-02 7.906356253912965038e-01
1.500000000000101252e-02 7.906661739495395302e-01
2.000000000000090594e-02 7.906964050059106519e-01
2.500000000000079936e-02 7.907265867876778209e-01
3.000000000000091482e-02 7.907566000955559282e-01
3.500000000000103029e-02 7.907864449259069950e-01
4.000000000000092371e-02 7.908162106875171737e-01
4.500000000000081712e-02 7.908457781801918607e-01
5.000000000000093259e-02 7.908752070067568418e-01
5.500000000000104805e-02 7.909043183560062751e-01
6.000000000000094147e-02 7.909334996681356422e-01
6.500000000000083489e-02 7.909625125245658417e-01
7.000000000000095035e-02 7.909913569216588947e-01
7.500000000000106581e-02 7.910199136574012080e-01
8.000000000000095923e-02 7.910483615584600336e-01
8.500000000000085265e-02 7.910765814046318845e-01
9.000000000000096811e-02 7.911049010287389827e-01
9.500000000000108358e-02 7.911329330133232141e-01
1.000000000000009770e-01 7.911607667526188159e-01
1.050000000000008704e-01 7.911884320607716070e-01
1.100000000000009859e-01 7.912160481488901276e-01
1.150000000000011013e-01 7.912434362066780302e-01
1.200000000000009948e-01 7.912706558396895851e-01
1.250000000000008882e-01 7.912978858709540653e-01
1.300000000000010036e-01 7.913246494542183207e-01
1.350000000000011191e-01 7.913515426532105046e-01
1.400000000000010125e-01 7.913781482245032528e-01
1.450000000000009059e-01 7.914044661826484806e-01
1.500000000000010214e-01 7.914308839523802597e-01
1.550000000000011369e-01 7.914570141153309812e-01
1.600000000000010303e-01 7.914830056776556155e-01
1.650000000000009237e-01 7.915088884444050343e-01
1.700000000000010392e-01 7.915346624237646900e-01
1.750000000000011546e-01 7.915601488008907616e-01
1.800000000000010481e-01 7.915854965937616505e-01
1.850000000000009415e-01 7.916108846154021883e-01
1.900000000000010569e-01 7.916360148480454662e-01
1.950000000000011724e-01 7.916609767013871313e-01
2.000000000000010658e-01 7.916855913560358893e-01
2.050000000000009592e-01 7.917102164525933183e-01
2.100000000000010747e-01 7.917346731825820605e-01
2.150000000000011902e-01 7.917590211397329547e-01
2.200000000000010836e-01 7.917832603358694321e-01
2.250000000000009770e-01 7.918071821556442735e-01
2.300000000000010925e-01 7.918309356197643645e-01
2.350000000000012079e-01 7.918547889373077631e-01
2.400000000000011013e-01 7.918782950852620850e-01
2.450000000000009948e-01 7.919016030825152264e-01
2.500000000000011102e-01 7.919248321283522962e-01
2.550000000000012257e-01 7.919479524368218115e-01
2.600000000000011191e-01 7.919709341955969428e-01
2.650000000000010125e-01 7.919936880077149688e-01
2.700000000000011280e-01 7.920163032846905260e-01
2.750000000000012434e-01 7.920387204164218709e-01
2.800000000000011369e-01 7.920609394074564769e-01
2.850000000000010303e-01 7.920832284841528015e-01
2.900000000000011458e-01 7.921051704185448905e-01
2.950000000000012612e-01 7.921270036228453826e-01
3.000000000000011546e-01 7.921487281061492247e-01
3.050000000000010481e-01 7.921702544669462220e-01
3.100000000000011635e-01 7.921916721076560641e-01
3.150000000000012790e-01 7.922128320257617595e-01
3.200000000000011724e-01 7.922340024348888399e-01
3.250000000000010658e-01 7.922547363083869421e-01
3.300000000000011813e-01 7.922755402911936251e-01
3.350000000000012967e-01 7.922962951712908541e-01
3.400000000000011902e-01 7.923166731276798380e-01
3.450000000000010836e-01 7.923370317891387238e-01
3.500000000000011990e-01 7.923571327416358834e-01
3.550000000000013145e-01 7.923771547981961483e-01
3.600000000000012079e-01 7.923968893471102781e-01
3.650000000000011013e-01 7.924166940162469253e-01
3.700000000000012168e-01 7.924361217762272425e-01
3.750000000000013323e-01 7.924555600572422698e-01
3.800000000000012257e-01 7.924746810364742267e-01
3.850000000000011191e-01 7.924938125385598831e-01
3.900000000000012346e-01 7.925126267443194372e-01
3.950000000000013500e-01 7.925315110884914027e-01
4.000000000000012434e-01 7.925500781354277713e-01
4.050000000000011369e-01 7.925685365077517197e-01
4.100000000000012523e-01 7.925867073951669006e-01
4.150000000000013678e-01 7.926050080247297736e-01
4.200000000000012612e-01 7.926229615701960718e-01
4.250000000000011546e-01 7.926408064519638863e-01
4.300000000000012701e-01 7.926584532576090858e-01
4.350000000000013856e-01 7.926759914004652963e-01
4.400000000000012790e-01 7.926933314753843440e-01
4.450000000000011724e-01 7.927105032865076062e-01
4.500000000000012879e-01 7.927276260431246335e-01
4.550000000000014033e-01 7.927445209376675628e-01
4.600000000000012967e-01 7.927613071812449341e-01
4.650000000000011902e-01 7.927778357567878409e-01
4.700000000000013056e-01 7.927941960812678879e-01
4.750000000000014211e-01 7.928105371644780242e-01
4.800000000000013145e-01 7.928266801943029130e-01
4.850000000000012079e-01 7.928427443836700839e-01
4.900000000000013234e-01 7.928585509195547054e-01
4.950000000000014388e-01 7.928741892071049513e-01
5.000000000000013323e-01 7.928897486605639422e-01
5.050000000000012257e-01 7.929050504641783625e-01
5.100000000000013411e-01 7.929203330374368086e-01
5.150000000000014566e-01 7.929353281685327381e-01
5.200000000000013500e-01 7.929503338752330599e-01
5.250000000000012434e-01 7.929649925296691215e-01
5.300000000000013589e-01 7.929795723636563487e-01
5.350000000000014744e-01 7.929941031731506662e-01
5.400000000000013678e-01 7.930082869367471865e-01
5.450000000000012612e-01 7.930224216849457441e-01
5.500000000000013767e-01 7.930364180053222078e-01
5.550000000000014921e-01 7.930501864981853721e-01
5.600000000000013856e-01 7.930638761769661649e-01
5.650000000000012790e-01 7.930773976328784336e-01
5.700000000000013944e-01 7.930906912640058870e-01
5.750000000000015099e-01 7.931039358842828513e-01
5.800000000000014033e-01 7.931169228801810966e-01
5.850000000000012967e-01 7.931298310683634334e-01
5.900000000000014122e-01 7.931425710436816878e-01
5.950000000000015277e-01 7.931551428024978811e-01
6.000000000000014211e-01 7.931676059585517358e-01
6.050000000000013145e-01 7.931799307104303587e-01
6.100000000000014300e-01 7.931920276438906292e-01
6.150000000000015454e-01 7.932038967689369890e-01
6.200000000000014388e-01 7.932157765014200557e-01
6.250000000000013323e-01 7.932273092134711767e-01
6.300000000000014477e-01 7.932388823407383605e-01
6.350000000000015632e-01 7.932501978590882352e-01
6.400000000000014566e-01 7.932614941934663655e-01
6.450000000000013500e-01 7.932725925181149940e-01
6.500000000000014655e-01 7.932833736401154745e-01
6.550000000000015810e-01 7.932941653813760929e-01
6.600000000000014744e-01 7.933047293169512848e-01
6.650000000000013678e-01 7.933151250642187513e-01
6.700000000000014833e-01 7.933253824209534066e-01
6.750000000000015987e-01 7.933355311885681438e-01
6.800000000000014921e-01 7.933454223599984978e-01
6.850000000000013856e-01 7.933551751472625035e-01
6.900000000000015010e-01 7.933648789582368188e-01
6.950000000000016165e-01 7.933744443804973123e-01
7.000000000000015099e-01 7.933838118157656716e-01
7.050000000000014033e-01 7.933929514608100142e-01
7.100000000000015188e-01 7.934019825312863539e-01
7.150000000000016342e-01 7.934109050235567118e-01
7.200000000000015277e-01 7.934195997292410318e-01
7.250000000000014211e-01 7.934281560580349613e-01
7.300000000000015365e-01 7.934365740099385000e-01
7.350000000000016520e-01 7.934448237844482499e-01
7.400000000000015454e-01 7.934529649852994915e-01
7.450000000000014388e-01 7.934608784095691369e-01
7.500000000000015543e-01 7.934686236582639829e-01
7.550000000000016698e-01 7.934763199434020642e-01
7.600000000000015632e-01 7.934837884501395600e-01
7.650000000000014566e-01 7.934911781873599246e-01
7.700000000000015721e-01 7.934983103529522630e-01
7.750000000000016875e-01 7.935053637563034279e-01
7.800000000000015810e-01 7.935121893830729967e-01
7.850000000000014744e-01 7.935190554568909427e-01
7.900000000000015898e-01 7.935255149456499346e-01
7.950000000000017053e-01 7.935319552795410125e-01
8.000000000000015987e-01 7.935381678450359466e-01
8.050000000000014921e-01 7.935443910588948491e-01
8.100000000000016076e-01 7.935502374881981957e-01
8.150000000000017231e-01 7.935560051643553159e-01
8.200000000000016165e-01 7.935616046840370252e-01
8.250000000000015099e-01 7.935672148493542188e-01
8.300000000000016254e-01 7.935725376461779668e-01
8.350000000000017408e-01 7.935776326782435497e-01
8.400000000000016342e-01 7.935826489553439167e-01
8.450000000000015277e-01 7.935875268773817659e-01
8.500000000000016431e-01 7.935922068415313113e-01
8.550000000000017586e-01 7.935967484487993495e-01
8.600000000000016520e-01 7.936012411070625383e-01
8.650000000000015454e-01 7.936054762027926479e-01
8.700000000000016609e-01 7.936096027494206062e-01
8.750000000000017764e-01 7.936134717298775065e-01
8.800000000000016698e-01 7.936172023634573414e-01
8.850000000000015632e-01 7.936208840489418215e-01
8.900000000000016787e-01 7.936244273839112573e-01
8.950000000000017941e-01 7.936277429586700016e-01
9.000000000000016875e-01 7.936308605819069051e-01
9.050000000000015810e-01 7.936339888680596921e-01
9.100000000000016964e-01 7.936368297920854964e-01
9.150000000000018119e-01 7.936394131599446844e-01
9.200000000000017053e-01 7.936419773883973683e-01
9.250000000000015987e-01 7.936444032663350079e-01
9.300000000000017142e-01 7.936466609987111731e-01
9.350000000000018296e-01 7.936488399852170694e-01
9.400000000000017231e-01 7.936507614201038230e-01
9.450000000000016165e-01 7.936526041054823288e-01
9.500000000000017319e-01 7.936541594423762724e-01
9.550000000000018474e-01 7.936556062338060435e-01
9.600000000000017408e-01 7.936568252741200702e-01
9.650000000000016342e-01 7.936579953727052050e-01
9.700000000000017497e-01 7.936589973266383602e-01
9.750000000000018652e-01 7.936598907405643111e-01
9.800000000000017586e-01 7.936605862029684211e-01
9.850000000000016520e-01 7.936612327309195969e-01
9.900000000000017675e-01 7.936616217045231458e-01
9.950000000000018829e-01 7.936617829279204450e-01
1.000000000000001776e+00 7.936618496693701452e-01
