-1.000000000000000000e+00 5.783782785983930808e-01
-9.949999999999999956e-01 5.783163466203404823e-01
-9.899999999999999911e-01 5.782546145628657541e-01
-9.849999999999999867e-01 5.781931122301102732e-01
-9.799999999999999822e-01 5.781318098088377155e-01
-9.749999999999999778e-01 5.780704986764249043e-01
-9.699999999999999734e-01 5.780094172478129622e-01
-9.649999999999999689e-01 5.779485357070370810e-01
-9.599999999999999645e-01 5.778875858377432451e-01
-9.549999999999999600e-01 5.778270444634472369e-01
-9.499999999999999556e-01 5.777665539517329307e-01
-9.449999999999999512e-01 5.777062931074397056e-01
-9.399999999999999467e-01 5.776461725226909039e-01
-9.349999999999999423e-01 5.775860133708192734e-01
-9.299999999999999378e-01 5.775262626866606297e-01
-9.249999999999999334e-01 5.774665926364832558e-01
-9.199999999999999289e-01 5.774070628149274853e-01
-9.149999999999999245e-01 5.773476434178519412e-01
-9.099999999999999201e-01 5.772884536472702166e-01
-9.049999999999999156e-01 5.772293742875262978e-01
-8.999999999999999112e-01 5.771704947355829063e-01
-8.949999999999999067e-01 5.771116957830599858e-01
-8.899999999999999023e-01 5.770532158376227017e-01
-8.849999999999998979e-01 5.769945780575653771e-01
-8.799999999999998934e-01 5.769362890750926454e-01
-8.749999999999998890e-01 5.768782594795993646e-01
-8.699999999999998845e-01 5.768202210356321302e-01
-8.649999999999998801e-01 5.767623823667236138e-01
-8.599999999999998757e-01 5.767046540495357476e-01
-8.549999999999998712e-01 5.766471552960865665e-01
-8.499999999999998668e-01 5.765898264871793799e-01
-8.449999999999998623e-01 5.765326378168538213e-01
-8.399999999999998579e-01 5.764756190847037942e-01
-8.349999999999998535e-01 5.764186510741637903e-01
-8.299999999999998490e-01 5.763618529845189187e-01
-8.249999999999998446e-01 5.763052844158664811e-01
-8.199999999999998401e-01 5.762487963547755498e-01
-8.149999999999998357e-01 5.761925676088139880e-01
-8.099999999999998312e-01 5.761365683656549663e-01
-8.049999999999998268e-01 5.760805602030814043e-01
-7.999999999999998224e-01 5.760246623221974005e-01
-7.949999999999998179e-01 5.759690833383501740e-01
-7.899999999999998135e-01 5.759134656118476414e-01
-7.849999999999998090e-01 5.758581667696489603e-01
-7.799999999999998046e-01 5.758030973947825260e-01
-7.749999999999998002e-01 5.757479594640244613e-01
-7.699999999999997957e-01 5.756931105943294824e-01
-7.649999999999997913e-01 5.756384315745890490e-01
-7.599999999999997868e-01 5.755838031845996738e-01
-7.549999999999997824e-01 5.755293446318319184e-01
-7.499999999999997780e-01 5.754751155136546004e-01
-7.449999999999997735e-01 5.754209370097669307e-01
-7.399999999999997691e-01 5.753670773383419146e-01
-7.349999999999997646e-01 5.753131788642349420e-01
-7.299999999999997602e-01 5.752595396052129217e-01
-7.249999999999997558e-01 5.752062191559161874e-01
-7.199999999999997513e-01 5.751527406846435042e-01
-7.149999999999997469e-01 5.750995512071312987e-01
-7.099999999999997424e-01 5.750466209246951621e-01
-7.049999999999997380e-01 5.749936220063318615e-01
-6.999999999999997335e-01 5.749410312746476848e-01
-6.949999999999997291e-01 5.748884016984447953e-01
-6.899999999999997247e-01 5.748360610914460267e-01
-6.849999999999997202e-01 5.747837114331559860e-01
-6.799999999999997158e-01 5.747316507322466350e-01
-6.749999999999997113e-01 5.746797895817508106e-01
-6.699999999999997069e-01 5.746279789618711220e-01
-6.649999999999997025e-01 5.745763678796720342e-01
-6.599999999999996980e-01 5.745248669272768893e-01
-6.549999999999996936e-01 5.744735058942751493e-01
-6.499999999999996891e-01 5.744224337886407739e-01
-6.449999999999996847e-01 5.743714717928014579e-01
-6.399999999999996803e-01 5.743205304961520596e-01
-6.349999999999996758e-01 5.742699079137310036e-01
-6.299999999999996714e-01 5.742193954238246079e-01
-6.249999999999996669e-01 5.741689632186535164e-01
-6.199999999999996625e-01 5.741187305020503118e-01
-6.149999999999996581e-01 5.740685184573521838e-01
-6.099999999999996536e-01 5.740186251023260411e-01
-6.049999999999996492e-01 5.739689014171744930e-01
-5.999999999999996447e-01 5.739193473982595606e-01
-5.949999999999996403e-01 5.738698736349761020e-01
-5.899999999999996358e-01 5.738204801182291703e-01
-5.849999999999996314e-01 5.737714648657856742e-01
-5.799999999999996270e-01 5.737224404510925524e-01
-5.749999999999996225e-01 5.736736154731261195e-01
-5.699999999999996181e-01 5.736249005294666858e-01
-5.649999999999996136e-01 5.735763850161674782e-01
-5.599999999999996092e-01 5.735280391281776247e-01
-5.549999999999996048e-01 5.734798330595367588e-01
-5.499999999999996003e-01 5.734317966007438372e-01
-5.449999999999995959e-01 5.733838105443282984e-01
-5.399999999999995914e-01 5.733361431039156741e-01
-5.349999999999995870e-01 5.732885260531475069e-01
-5.299999999999995826e-01 5.732411083999977564e-01
-5.249999999999995781e-01 5.731937709306293982e-01
-5.199999999999995737e-01 5.731466626493784133e-01
-5.149999999999995692e-01 5.730996643396792933e-01
-5.099999999999995648e-01 5.730527760051700170e-01
-5.049999999999995604e-01 5.730061466429106076e-01
-4.999999999999995559e-01 5.729596868441149127e-01
-4.949999999999995515e-01 5.729133370032286621e-01
-4.899999999999995470e-01 5.728671269162077806e-01
-4.849999999999995426e-01 5.728210565712288371e-01
-4.799999999999995381e-01 5.727751855756650912e-01
-4.749999999999995337e-01 5.727294245189114008e-01
-4.699999999999995293e-01 5.726838925984338857e-01
-4.649999999999995248e-01 5.726384408026206074e-01
-4.599999999999995204e-01 5.725932479381299345e-01
-4.549999999999995159e-01 5.725479861803250969e-01
-4.499999999999995115e-01 5.725030727498960914e-01
-4.449999999999995071e-01 5.724583288274516235e-01
-4.399999999999995026e-01 5.724137246115788002e-01
-4.349999999999994982e-01 5.723692302935887710e-01
-4.299999999999994937e-01 5.723248160647926852e-01
-4.249999999999994893e-01 5.722806607373058796e-01
-4.199999999999994849e-01 5.722366450927438564e-01
-4.149999999999994804e-01 5.721928287339324015e-01
-4.099999999999994760e-01 5.721490328442087048e-01
-4.049999999999994715e-01 5.721054660325535224e-01
-3.999999999999994671e-01 5.720621282935098861e-01
-3.949999999999994627e-01 5.720188110071831034e-01
-3.899999999999994582e-01 5.719757227834634250e-01
-3.849999999999994538e-01 5.719328040195250651e-01
-3.799999999999994493e-01 5.718899056928421487e-01
-3.749999999999994449e-01 5.718474450331996195e-01
-3.699999999999994404e-01 5.718048259896022500e-01
-3.649999999999994360e-01 5.717626148025374277e-01
-3.599999999999994316e-01 5.717204240363571444e-01
-3.549999999999994271e-01 5.716783728967129719e-01
-3.499999999999994227e-01 5.716365209837022121e-01
-3.449999999999994182e-01 5.715948682909584022e-01
-3.399999999999994138e-01 5.715532658032316249e-01
-3.349999999999994094e-01 5.715118923344562063e-01
-3.299999999999994049e-01 5.714706286635191645e-01
-3.249999999999994005e-01 5.714295343968842644e-01
-3.199999999999993960e-01 5.713886691282823449e-01
-3.149999999999993916e-01 5.713479434552937164e-01
-3.099999999999993872e-01 5.713072679563993006e-01
-3.049999999999993827e-01 5.712667916495774989e-01
-2.999999999999993783e-01 5.712264549183601048e-01
-2.949999999999993738e-01 5.711863173646634095e-01
-2.899999999999993694e-01 5.711463491825270467e-01
-2.849999999999993650e-01 5.711065503692225320e-01
-2.799999999999993605e-01 5.710669209211118869e-01
-2.749999999999993561e-01 5.710273416161726345e-01
-2.699999999999993516e-01 5.709879316718797782e-01
-2.649999999999993472e-01 5.709486612722685095e-01
-2.599999999999993427e-01 5.709096198261249810e-01
-2.549999999999993383e-01 5.708706881196121685e-01
-2.499999999999993339e-01 5.708320449512029882e-01
-2.449999999999993294e-01 5.707934221136383712e-01
-2.399999999999993250e-01 5.707548791933731991e-01
-2.349999999999993205e-01 5.707165950107082608e-01
-2.299999999999993161e-01 5.706784503445305745e-01
-2.249999999999993117e-01 5.706405644014012069e-01
-2.199999999999993072e-01 5.706027881697082194e-01
-2.149999999999993028e-01 5.705650322333895019e-01
-2.099999999999992983e-01 5.705274754072888754e-01
-2.049999999999992939e-01 5.704900878808984999e-01
-1.999999999999992895e-01 5.704529888644174207e-01
-1.949999999999992850e-01 5.704159697324939771e-01
-1.899999999999992806e-01 5.703790602838125778e-01
-1.849999999999992761e-01 5.703421711123155546e-01
-1.799999999999992717e-01 5.703056896400084952e-01
-1.749999999999992673e-01 5.702693476423519314e-01
-1.699999999999992628e-01 5.702330259027803550e-01
-1.649999999999992584e-01 5.701967840332144988e-01
-1.599999999999992539e-01 5.701609200405073352e-01
-1.549999999999992495e-01 5.701250166966929100e-01
-1.499999999999992450e-01 5.700895508316534688e-01
-1.449999999999992406e-01 5.700539860008575488e-01
-1.399999999999992362e-01 5.700186798276263289e-01
-1.349999999999992317e-01 5.699833640883298358e-01
-1.299999999999992273e-01 5.699483666012383765e-01
-1.249999999999992228e-01 5.699134191454504617e-01
-1.199999999999992184e-01 5.698787601377262035e-01
-1.149999999999992140e-01 5.698442107532173395e-01
-1.099999999999992095e-01 5.698098604052574956e-01
-1.049999999999992051e-01 5.697755600649543339e-01
-9.999999999999920064e-02 5.697413693478665664e-01
-9.499999999999919620e-02 5.697075266571118846e-01
-8.999999999999919176e-02 5.696737041716914973e-01
-8.499999999999918732e-02 5.696400806973542785e-01
-7.999999999999918288e-02 5.696065668234950863e-01
-7.499999999999917843e-02 5.695732221529397066e-01
-6.999999999999917399e-02 5.695400466820501606e-01
-6.499999999999916955e-02 5.695070702131488360e-01
-5.999999999999916511e-02 5.694742033238071599e-01
-5.499999999999916067e-02 5.694415354319062317e-01
-4.999999999999915623e-02 5.694088579130038852e-01
-4.499999999999915179e-02 5.693764985808229540e-01
-3.999999999999914735e-02 5.693443978389041149e-01
-3.499999999999914291e-02 5.693121682461423916e-01
-2.999999999999913847e-02 5.692802568346451153e-01
-2.499999999999913403e-02 5.692484549899745616e-01
-1.999999999999912959e-02 5.692168819150538184e-01
-1.499999999999912514e-02 5.691854183905888931e-01
-9.999999999999120703e-03 5.691541538317324012e-01
-4.999999999999116262e-03 5.691230286238351255e-01
8.881784197001252323e-16 5.690919533553824294e-01
5.000000000000781597e-03 5.690610770370767568e-01
1.000000000000089706e-02 5.690303698675052146e-01
1.500000000000101252e-02 5.689997722292901017e-01
2.000000000000090594e-02 5.689694927414166159e-01
2.500000000000079936e-02 5.689392631802547839e-01
3.000000000000091482e-02 5.689092027478181990e-01
3.500000000000103029e-02 5.688793114459258504e-01
4.000000000000092371e-02 5.688494998594251228e-01
4.500000000000081712e-02 5.688198871985150618e-01
5.000000000000093259e-02 5.687904138503654394e-01
5.500000000000104805e-02 5.687612586343675503e-01
6.000000000000094147e-02 5.687320341066879337e-01
6.500000000000083489e-02 5.687029786886341753e-01
7.000000000000095035e-02 5.686740923774777912e-01
7.500000000000106581e-02 5.686454943797798478e-01
8.000000000000095923e-02 5.686170058734205668e-01
8.500000000000085265e-02 5.685887460695084883e-01
9.000000000000096811e-02 5.685603871388593689e-01
9.500000000000108358e-02 5.685323165043882909e-01
1.000000000000009770e-01 5.685044447618565755e-01
1.050000000000008704e-01 5.684767421034848667e-01
1.100000000000009859e-01 5.684490893172551296e-01
1.150000000000011013e-01 5.684216652116447221e-01
1.200000000000009948e-01 5.683944101856468478e-01
1.250000000000008882e-01 5.683671454116847599e-01
1.300000000000010036e-01 5.683403477369211032e-01
1.350000000000011191e-01 5.683134210994467139e-01
1.400000000000010125e-01 5.682867827372319880e-01
1.450000000000009059e-01 5.682604326448199572e-01
1.500000000000010214e-01 5.682339833892910974e-01
1.550000000000011369e-01 5.682078223971984698e-01
1.600000000000010303e-01 5.681818006542016519e-01
1.650000000000009237e-01 5.681558883570687613e-01
1.700000000000010392e-01 5.681300855021618190e-01
1.750000000000011546e-01 5.681045708979581832e-01
1.800000000000010481e-01 5.680791955328459153e-01
1.850000000000009415e-01 5.680537805883432156e-01
1.900000000000010569e-01 5.680286240858549718e-01
1.950000000000011724e-01 5.680036366156855365e-01
2.000000000000010658e-01 5.679789969917692360e-01
2.050000000000009592e-01 5.679543475798709551e-01
2.100000000000010747e-01 5.679298671884680516e-01
2.150000000000011902e-01 5.679054962201917078e-01
2.200000000000010836e-01 5.678812346613995032e-01
2.250000000000009770e-01 5.678572911347146146e-01
2.300000000000010925e-01 5.678335166157921776e-01
2.350000000000012079e-01 5.678096428928256501e-01
2.400000000000011013e-01 5.677861169906464056e-01
2.450000000000009948e-01 5.677627898949140217e-01
2.500000000000011102e-01 5.677395423981579370e-01
2.550000000000012257e-01 5.677164042936055921e-01
2.600000000000011191e-01 5.676934053890363430e-01
2.650000000000010125e-01 5.676706350814129109e-01
2.700000000000011280e-01 5.676480039646776277e-01
2.750000000000012434e-01 5.676255716425657738e-01
2.800000000000011369e-01 5.676033381114393706e-01
2.850000000000010303e-01 5.675810351485779393e-01
2.900000000000011458e-01 5.675590799783094553e-01
2.950000000000012612e-01 5.675372341884212801e-01
3.000000000000011546e-01 5.675154977734564454e-01
3.050000000000010481e-01 5.674939601340156514e-01
3.100000000000011635e-01 5.674725318640412297e-01
3.150000000000012790e-01 5.674513619696881506e-01
3.200000000000011724e-01 5.674301822355118929e-01
3.250000000000010658e-01 5.674094396890723146e-01
3.300000000000011813e-01 5.673886276854318567e-01
3.350000000000012967e-01 5.673678654347895645e-01
3.400000000000011902e-01 5.673474807608727133e-01
3.450000000000010836e-01 5.673271160339936614e-01
3.500000000000011990e-01 5.673070096672745422e-01
3.550000000000013145e-01 5.672869828467810294e-01
3.600000000000012079e-01 5.672672441878603422e-01
3.650000000000011013e-01 5.672474360599153442e-01
3.700000000000012168e-01 5.672280054914153880e-01
3.750000000000013323e-01 5.672085650548979174e-01
3.800000000000012257e-01 5.671894425731807132e-01
3.850000000000011191e-01 5.671703102179890266e-01
3.900000000000012346e-01 5.671514958103216486e-01
3.950000000000013500e-01 5.671326119190780446e-01
4.000000000000012434e-01 5.671140459744492546e-01
4.050000000000011369e-01 5.670955893565405859e-01
4.100000000000012523e-01 5.670774208765578805e-01
4.150000000000013678e-01 5.670591233038067003e-01
4.200000000000012612e-01 5.670411734708977747e-01
4.250000000000011546e-01 5.670233329510665499e-01
4.300000000000012701e-01 5.670056911576466518e-01
4.350000000000013856e-01 5.669881586791234440e-01
4.400000000000012790e-01 5.669708249215545948e-01
4.450000000000011724e-01 5.669536600807987270e-01
4.500000000000012879e-01 5.669365449430188164e-01
4.550000000000014033e-01 5.669196583194207051e-01
4.600000000000012967e-01 5.669028810025338316e-01
4.650000000000011902e-01 5.668863620012416504e-01
4.700000000000013056e-01 5.668700119049390196e-01
4.750000000000014211e-01 5.668536817029234953e-01
4.800000000000013145e-01 5.668375502027629409e-01
4.850000000000012079e-01 5.668214981960773002e-01
4.900000000000013234e-01 5.668057044958914048e-01
4.950000000000014388e-01 5.667900796934191021e-01
5.000000000000013323e-01 5.667745343780552503e-01
5.050000000000012257e-01 5.667592473628246807e-01
5.100000000000013411e-01 5.667439802318767761e-01
5.150000000000014566e-01 5.667290011933800997e-01
5.200000000000013500e-01 5.667140122341152164e-01
5.250000000000012434e-01 5.666993709737653262e-01
5.300000000000013589e-01 5.666848091896099504e-01
5.350000000000014744e-01 5.666702970802361961e-01
5.400000000000013678e-01 5.666561326688679401e-01
5.450000000000012612e-01 5.666420179231863585e-01
5.500000000000013767e-01 5.666280422574345721e-01
5.550000000000014921e-01 5.666142950713037862e-01
5.600000000000013856e-01 5.666006273531820625e-01
5.650000000000012790e-01 5.665871285091270693e-01
5.700000000000013944e-01 5.665738581410550978e-01
5.750000000000015099e-01 5.665606374350318220e-01
5.800000000000014033e-01 5.665476750027664821e-01
5.850000000000012967e-01 5.665347920330532361e-01
5.900000000000014122e-01 5.665220779274022789e-01
5.950000000000015277e-01 5.665095326876325998e-01
6.000000000000014211e-01 5.664970967054614448e-01
6.050000000000013145e-01 5.664847997804827173e-01
6.100000000000014300e-01 5.664727313223920646e-01
6.150000000000015454e-01 5.664608913275515079e-01
6.200000000000014388e-01 5.664490413737439667e-01
6.250000000000013323e-01 5.664375390915665776e-01
6.300000000000014477e-01 5.664259970480998163e-01
6.350000000000015632e-01 5.664147132647485705e-01
6.400000000000014566e-01 5.664034493192957598e-01
6.450000000000013500e-01 5.663923840302231838e-01
6.500000000000014655e-01 5.663816365995444357e-01
6.550000000000015810e-01 5.663708792017132509e-01
6.600000000000014744e-01 5.663603502580372151e-01
6.650000000000013678e-01 5.663499901565955952e-01
6.700000000000014833e-01 5.663397690987039823e-01
6.750000000000015987e-01 5.663296572793115047e-01
6.800000000000014921e-01 5.663198037091206061e-01
6.850000000000013856e-01 5.663100891742942622e-01
6.900000000000015010e-01 5.663004242696842994e-01
6.950000000000016165e-01 5.662908984022578807e-01
7.000000000000015099e-01 5.662815711739312974e-01
7.050000000000014033e-01 5.662724723879364319e-01
7.100000000000015188e-01 5.662634828286172706e-01
7.150000000000016342e-01 5.662546024996117922e-01
7.200000000000015277e-01 5.662459506083905580e-01
7.250000000000014211e-01 5.662374377461674158e-01
7.300000000000015365e-01 5.662290639120328706e-01
7.350000000000016520e-01 5.662208589073998155e-01
7.400000000000015454e-01 5.662127631276234752e-01
7.450000000000014388e-01 5.662048957774459268e-01
7.500000000000015543e-01 5.661971972540413844e-01
7.550000000000016698e-01 5.661895483472108026e-01
7.600000000000015632e-01 5.661821278681600234e-01
7.650000000000014566e-01 5.661747868098245817e-01
7.700000000000015721e-01 5.661677039779533516e-01
7.750000000000016875e-01 5.661607005577025120e-01
7.800000000000015810e-01 5.661539255670504645e-01
7.850000000000014744e-01 5.661471107814577408e-01
7.900000000000015898e-01 5.661407032303031883e-01
7.950000000000017053e-01 5.661343154870337457e-01
8.000000000000015987e-01 5.661281561633586534e-01
8.050000000000014921e-01 5.661219868461557780e-01
8.100000000000016076e-01 5.661161949601591914e-01
8.150000000000017231e-01 5.661104824812355218e-01
8.200000000000016165e-01 5.661049388127139537e-01
8.250000000000015099e-01 5.660993851497551077e-01
8.300000000000016254e-01 5.660941195055784192e-01
8.350000000000017408e-01 5.660890822782675968e-01
8.400000000000016342e-01 5.660841244553012075e-01
8.450000000000015277e-01 5.660793056431430159e-01
8.500000000000016431e-01 5.660746854409808293e-01
8.550000000000017586e-01 5.660702042423508829e-01
8.600000000000016520e-01 5.660657726466524764e-01
8.650000000000015454e-01 5.660615992674138397e-01
8.700000000000016609e-01 5.660575350884755608e-01
8.750000000000017764e-01 5.660537291259970516e-01
8.800000000000016698e-01 5.660500621625033091e-01
8.850000000000015632e-01 5.660464448001221172e-01
8.900000000000016787e-01 5.660429664394541760e-01
8.950000000000017941e-01 5.660397164883761434e-01
9.000000000000016875e-01 5.660366651409276528e-01
9.050000000000015810e-01 5.660336037853994640e-01
9.100000000000016964e-01 5.660308304422869696e-01
9.150000000000018119e-01 5.660283153065392980e-01
9.200000000000017053e-01 5.660258199613963370e-01
9.250000000000015987e-01 5.660234636206951109e-01
9.300000000000017142e-01 5.660212760767535656e-01
9.350000000000018296e-01 5.660191679289710009e-01
9.400000000000017231e-01 5.660173179849152802e-01
9.450000000000016165e-01 5.660155474415660137e-01
9.500000000000017319e-01 5.660140648997185053e-01
9.550000000000018474e-01 5.660126915545333759e-01
9.600000000000017408e-01 5.660115466134811868e-01
9.650000000000016342e-01 5.660104512635371066e-01
9.700000000000017497e-01 5.660095247103527072e-01
9.750000000000018652e-01 5.660087073511022027e-01
9.800000000000017586e-01 5.660080885909337667e-01
9.850000000000016520e-01 5.660075194209639449e-01
9.900000000000017675e-01 5.660072084565399564e-01
9.950000000000018829e-01 5.660071258935204241e-01
1.000000000000001776e+00 5.660071384618277079e-01
