-1.000000000000000000e+00 2.095202498882605902e+00
-9.949999999999999956e-01 2.063105253277099482e+00
-9.899999999999999911e-01 2.031154287971864036e+00
-9.849999999999999867e-01 1.999349602966897788e+00
-9.799999999999999822e-01 1.967691198262203178e+00
-9.749999999999999778e-01 1.936179073857777988e+00
-9.699999999999999734e-01 1.904813229753623993e+00
-9.649999999999999689e-01 1.873593665949740306e+00
-9.599999999999999645e-01 1.842520382446127369e+00
-9.549999999999999600e-01 1.811593379242784074e+00
-9.499999999999999556e-01 1.780812656339712863e+00
-9.449999999999999512e-01 1.750178213736910626e+00
-9.399999999999999467e-01 1.719690051434379363e+00
-9.349999999999999423e-01 1.689348169432119739e+00
-9.299999999999999378e-01 1.659152567730129313e+00
-9.249999999999999334e-01 1.629103246328410304e+00
-9.199999999999999289e-01 1.599200205226961158e+00
-9.149999999999999245e-01 1.569443444425782541e+00
-9.099999999999999201e-01 1.539832963924875120e+00
-9.049999999999999156e-01 1.510368763724237562e+00
-8.999999999999999112e-01 1.481050843823870977e+00
-8.949999999999999067e-01 1.451879204223774256e+00
-8.899999999999999023e-01 1.422853844923948063e+00
-8.849999999999998979e-01 1.393974765924393511e+00
-8.799999999999998934e-01 1.365241967225108155e+00
-8.749999999999998890e-01 1.336655448826093551e+00
-8.699999999999998845e-01 1.308215210727350364e+00
-8.649999999999998801e-01 1.279921252928876596e+00
-8.599999999999998757e-01 1.251773575430673580e+00
-8.549999999999998712e-01 1.223772178232741981e+00
-8.499999999999998668e-01 1.195917061335079801e+00
-8.449999999999998623e-01 1.168208224737689482e+00
-8.399999999999998579e-01 1.140645668440568361e+00
-8.349999999999998535e-01 1.113229392443717769e+00
-8.299999999999998490e-01 1.085959396747139039e+00
-8.249999999999998446e-01 1.058835681350829505e+00
-8.199999999999998401e-01 1.031858246254791167e+00
-8.149999999999998357e-01 1.005027091459022692e+00
-8.099999999999998312e-01 9.783422169635247467e-01
-8.049999999999998268e-01 9.518036227682983297e-01
-7.999999999999998224e-01 9.254113088733415537e-01
-7.949999999999998179e-01 8.991652752786550851e-01
-7.899999999999998135e-01 8.730655219842402559e-01
-7.849999999999998090e-01 8.471120489900946238e-01
-7.799999999999998046e-01 8.213048562962209642e-01
-7.749999999999998002e-01 7.956439439026165017e-01
-7.699999999999997957e-01 7.701293118092829015e-01
-7.649999999999997913e-01 7.447609600162194976e-01
-7.599999999999997868e-01 7.195388885234278442e-01
-7.549999999999997824e-01 6.944630973309061650e-01
-7.499999999999997780e-01 6.695335864386544600e-01
-7.449999999999997735e-01 6.447503558466735063e-01
-7.399999999999997691e-01 6.201134055549625268e-01
-7.349999999999997646e-01 5.956227355635236309e-01
-7.299999999999997602e-01 5.712783458723538210e-01
-7.249999999999997558e-01 5.470802364814556507e-01
-7.199999999999997513e-01 5.230284073908271214e-01
-7.149999999999997469e-01 4.991228586004688439e-01
-7.099999999999997424e-01 4.753635901103822614e-01
-7.049999999999997380e-01 4.517506019205652090e-01
-6.999999999999997335e-01 4.282838940310189635e-01
-6.949999999999997291e-01 4.049634664417433028e-01
-6.899999999999997247e-01 3.817893191527378383e-01
-6.849999999999997202e-01 3.587614521640031806e-01
-6.799999999999997158e-01 3.358798654755392743e-01
-6.749999999999997113e-01 3.131445590873456197e-01
-6.699999999999997069e-01 2.905555329994227165e-01
-6.649999999999997025e-01 2.681127872117697319e-01
-6.599999999999996980e-01 2.458163217243878318e-01
-6.549999999999996936e-01 2.236661365372762944e-01
-6.499999999999996891e-01 2.016622316504349255e-01
-6.449999999999996847e-01 1.798046070638645577e-01
-6.399999999999996803e-01 1.580932627775645527e-01
-6.349999999999996758e-01 1.365281987915351880e-01
-6.299999999999996714e-01 1.151094151057761722e-01
-6.249999999999996669e-01 9.383691172028754690e-02
-6.199999999999996625e-01 7.271068863506971458e-02
-6.149999999999996581e-01 5.173074585012227278e-02
-6.099999999999996536e-01 3.089708336544500639e-02
-6.049999999999996492e-01 1.020970118103874634e-02
-5.999999999999996447e-01 -1.033140070309713013e-02
-5.949999999999996403e-01 -3.072622228696241659e-02
-5.899999999999996358e-01 -5.097476357055711477e-02
-5.849999999999996314e-01 -7.107702455388163754e-02
-5.799999999999996270e-01 -9.103300523693556856e-02
-5.749999999999996225e-01 -1.108427056197186927e-01
-5.699999999999996181e-01 -1.305061257022318566e-01
-5.649999999999996136e-01 -1.500232654844740054e-01
-5.599999999999996092e-01 -1.693941249664455695e-01
-5.549999999999996048e-01 -1.886187041481467708e-01
-5.499999999999996003e-01 -2.076970030295773595e-01
-5.449999999999995959e-01 -2.266290216107379740e-01
-5.399999999999995914e-01 -2.454147598916276152e-01
-5.349999999999995870e-01 -2.640542178722466438e-01
-5.299999999999995826e-01 -2.825473955525955039e-01
-5.249999999999995781e-01 -3.008942929326735571e-01
-5.199999999999995737e-01 -3.190949100124811921e-01
-5.149999999999995692e-01 -3.371492467920182978e-01
-5.099999999999995648e-01 -3.550573032712847632e-01
-5.049999999999995604e-01 -3.728190794502810879e-01
-4.999999999999995559e-01 -3.904345753290066057e-01
-4.949999999999995515e-01 -4.079037909074615387e-01
-4.899999999999995470e-01 -4.252267261856462754e-01
-4.849999999999995426e-01 -4.424033811635602054e-01
-4.799999999999995381e-01 -4.594337558412036060e-01
-4.749999999999995337e-01 -4.763178502185765328e-01
-4.699999999999995293e-01 -4.930556642956789304e-01
-4.649999999999995248e-01 -5.096471980725111317e-01
-4.599999999999995204e-01 -5.260924515490724707e-01
-4.549999999999995159e-01 -5.423914247253633913e-01
-4.499999999999995115e-01 -5.585441176013838938e-01
-4.449999999999995071e-01 -5.745505301771337558e-01
-4.399999999999995026e-01 -5.904106624526129776e-01
-4.349999999999994982e-01 -6.061245144278218921e-01
-4.299999999999994937e-01 -6.216920861027601664e-01
-4.249999999999994893e-01 -6.371133774774281333e-01
-4.199999999999994849e-01 -6.523883885518253489e-01
-4.149999999999994804e-01 -6.675171193259521463e-01
-4.099999999999994760e-01 -6.824995697998086364e-01
-4.049999999999994715e-01 -6.973357399733942641e-01
-3.999999999999994671e-01 -7.120256298467094735e-01
-3.949999999999994627e-01 -7.265692394197541537e-01
-3.899999999999994582e-01 -7.409665686925283046e-01
-3.849999999999994538e-01 -7.552176176650321482e-01
-3.799999999999994493e-01 -7.693223863372652405e-01
-3.749999999999994449e-01 -7.832808747092279145e-01
-3.699999999999994404e-01 -7.970930827809201702e-01
-3.649999999999994360e-01 -8.107590105523417856e-01
-3.599999999999994316e-01 -8.242786580234927607e-01
-3.549999999999994271e-01 -8.376520251943733175e-01
-3.499999999999994227e-01 -8.508791120649833450e-01
-3.449999999999994182e-01 -8.639599186353231763e-01
-3.399999999999994138e-01 -8.768944449053921453e-01
-3.349999999999994094e-01 -8.896826908751905849e-01
-3.299999999999994049e-01 -9.023246565447187173e-01
-3.249999999999994005e-01 -9.148203419139762094e-01
-3.199999999999993960e-01 -9.271697469829631721e-01
-3.149999999999993916e-01 -9.393728717516794946e-01
-3.099999999999993872e-01 -9.514297162201255098e-01
-3.049999999999993827e-01 -9.633402803883009957e-01
-2.999999999999993783e-01 -9.751045642562058413e-01
-2.949999999999993738e-01 -9.867225678238402686e-01
-2.899999999999993694e-01 -9.981942910912042777e-01
-2.849999999999993650e-01 -1.009519734058297535e+00
-2.799999999999993605e-01 -1.020698896725120264e+00
-2.749999999999993561e-01 -1.031731779091672685e+00
-2.699999999999993516e-01 -1.042618381157954355e+00
-2.649999999999993472e-01 -1.053358702923965939e+00
-2.599999999999993427e-01 -1.063952744389706551e+00
-2.549999999999993383e-01 -1.074400505555176633e+00
-2.499999999999993339e-01 -1.084701986420376851e+00
-2.449999999999993294e-01 -1.094857186985305875e+00
-2.399999999999993250e-01 -1.104866107249964591e+00
-2.349999999999993205e-01 -1.114728747214352778e+00
-2.299999999999993161e-01 -1.124445106878470435e+00
-2.249999999999993117e-01 -1.134015186242317563e+00
-2.199999999999993072e-01 -1.143438985305894384e+00
-2.149999999999993028e-01 -1.152716504069200454e+00
-2.099999999999992983e-01 -1.161847742532236216e+00
-2.049999999999992939e-01 -1.170832700695001227e+00
-1.999999999999992895e-01 -1.179671378557495709e+00
-1.949999999999992850e-01 -1.188363776119719883e+00
-1.899999999999992806e-01 -1.196909893381673307e+00
-1.849999999999992761e-01 -1.205309730343356422e+00
-1.799999999999992717e-01 -1.213563287004768787e+00
-1.749999999999992673e-01 -1.221670563365910844e+00
-1.699999999999992628e-01 -1.229631559426782372e+00
-1.649999999999992584e-01 -1.237446275187383371e+00
-1.599999999999992539e-01 -1.245114710647713840e+00
-1.549999999999992495e-01 -1.252636865807773781e+00
-1.499999999999992450e-01 -1.260012740667563191e+00
-1.449999999999992406e-01 -1.267242335227082073e+00
-1.399999999999992362e-01 -1.274325649486330647e+00
-1.349999999999992317e-01 -1.281262683445308248e+00
-1.299999999999992273e-01 -1.288053437104015986e+00
-1.249999999999992228e-01 -1.294697910462452528e+00
-1.199999999999992184e-01 -1.301196103520618985e+00
-1.149999999999992140e-01 -1.307548016278514691e+00
-1.099999999999992095e-01 -1.313753648736140089e+00
-1.049999999999992051e-01 -1.319813000893494959e+00
-9.999999999999920064e-02 -1.325726072750578854e+00
-9.499999999999919620e-02 -1.331492864307392887e+00
-8.999999999999919176e-02 -1.337113375563936168e+00
-8.499999999999918732e-02 -1.342587606520208698e+00
-7.999999999999918288e-02 -1.347915557176210921e+00
-7.499999999999917843e-02 -1.353097227531942615e+00
-6.999999999999917399e-02 -1.358132617587403779e+00
-6.499999999999916955e-02 -1.363021727342594636e+00
-5.999999999999916511e-02 -1.367764556797514741e+00
-5.499999999999916067e-02 -1.372361105952164095e+00
-4.999999999999915623e-02 -1.376811374806543364e+00
-4.499999999999915179e-02 -1.381115363360651882e+00
-3.999999999999914735e-02 -1.385273071614489870e+00
-3.499999999999914291e-02 -1.389284499568057551e+00
-2.999999999999913847e-02 -1.393149647221354481e+00
-2.499999999999913403e-02 -1.396868514574381104e+00
-1.999999999999912959e-02 -1.400441101627136975e+00
-1.499999999999912514e-02 -1.403867408379622539e+00
-9.999999999999120703e-03 -1.407147434831837352e+00
-4.999999999999116262e-03 -1.410281180983781857e+00
8.881784197001252323e-16 -1.413268646835455833e+00
5.000000000000781597e-03 -1.416109832386859058e+00
1.000000000000089706e-02 -1.418804737637992197e+00
1.500000000000101252e-02 -1.421353362588854585e+00
2.000000000000090594e-02 -1.423755707239446444e+00
2.500000000000079936e-02 -1.426011771589767774e+00
3.000000000000091482e-02 -1.428121555639818796e+00
3.500000000000103029e-02 -1.430085059389598845e+00
4.000000000000092371e-02 -1.431902282839108809e+00
4.500000000000081712e-02 -1.433573225988348021e+00
5.000000000000093259e-02 -1.435097888837316704e+00
5.500000000000104805e-02 -1.436476271386015302e+00
6.000000000000094147e-02 -1.437708373634442927e+00
6.500000000000083489e-02 -1.438794195582600244e+00
7.000000000000095035e-02 -1.439733737230486810e+00
7.500000000000106581e-02 -1.440526998578102846e+00
8.000000000000095923e-02 -1.441173979625448576e+00
8.500000000000085265e-02 -1.441674680372523776e+00
9.000000000000096811e-02 -1.442029100819328447e+00
9.500000000000108358e-02 -1.442237240965862588e+00
1.000000000000009770e-01 -1.442299100812126200e+00
1.050000000000008704e-01 -1.442214680358119283e+00
1.100000000000009859e-01 -1.441983979603841837e+00
1.150000000000011013e-01 -1.441606998549293861e+00
1.200000000000009948e-01 -1.441083737194475356e+00
1.250000000000008882e-01 -1.440414195539386322e+00
1.300000000000010036e-01 -1.439598373584026980e+00
1.350000000000011191e-01 -1.438636271328396887e+00
1.400000000000010125e-01 -1.437527888772496487e+00
1.450000000000009059e-01 -1.436273225916325336e+00
1.500000000000010214e-01 -1.434872282759883877e+00
1.550000000000011369e-01 -1.433325059303171667e+00
1.600000000000010303e-01 -1.431631555546189150e+00
1.650000000000009237e-01 -1.429791771488936103e+00
1.700000000000010392e-01 -1.427805707131412305e+00
1.750000000000011546e-01 -1.425673362473618422e+00
1.800000000000010481e-01 -1.423394737515553565e+00
1.850000000000009415e-01 -1.420969832257218624e+00
1.900000000000010569e-01 -1.418398646698612708e+00
1.950000000000011724e-01 -1.415681180839736486e+00
2.000000000000010658e-01 -1.412817434680589956e+00
2.050000000000009592e-01 -1.409807408221172675e+00
2.100000000000010747e-01 -1.406651101461484865e+00
2.150000000000011902e-01 -1.403348514401526526e+00
2.200000000000010836e-01 -1.399899647041297879e+00
2.250000000000009770e-01 -1.396304499380798703e+00
2.300000000000010925e-01 -1.392563071420028775e+00
2.350000000000012079e-01 -1.388675363158988318e+00
2.400000000000011013e-01 -1.384641374597677554e+00
2.450000000000009948e-01 -1.380461105736096261e+00
2.500000000000011102e-01 -1.376134556574244217e+00
2.550000000000012257e-01 -1.371661727112121865e+00
2.600000000000011191e-01 -1.367042617349728983e+00
2.650000000000010125e-01 -1.362277227287065795e+00
2.700000000000011280e-01 -1.357365556924131633e+00
2.750000000000012434e-01 -1.352307606260926942e+00
2.800000000000011369e-01 -1.347103375297452166e+00
2.850000000000010303e-01 -1.341752864033706638e+00
2.900000000000011458e-01 -1.336256072469690803e+00
2.950000000000012612e-01 -1.330613000605403995e+00
3.000000000000011546e-01 -1.324823648440847101e+00
3.050000000000010481e-01 -1.318888015976019679e+00
3.100000000000011635e-01 -1.312806103210921504e+00
3.150000000000012790e-01 -1.306577910145552579e+00
3.200000000000011724e-01 -1.300203436779913790e+00
3.250000000000010658e-01 -1.293682683114004250e+00
3.300000000000011813e-01 -1.287015649147823959e+00
3.350000000000012967e-01 -1.280202334881373138e+00
3.400000000000011902e-01 -1.273242740314652011e+00
3.450000000000010836e-01 -1.266136865447660798e+00
3.500000000000011990e-01 -1.258884710280398167e+00
3.550000000000013145e-01 -1.251486274812865451e+00
3.600000000000012079e-01 -1.243941559045062428e+00
3.650000000000011013e-01 -1.236250562976988654e+00
3.700000000000012168e-01 -1.228413286608644350e+00
3.750000000000013323e-01 -1.220429729940029073e+00
3.800000000000012257e-01 -1.212299892971144377e+00
3.850000000000011191e-01 -1.204023775701988264e+00
3.900000000000012346e-01 -1.195601378132562065e+00
3.950000000000013500e-01 -1.187032700262864893e+00
4.000000000000012434e-01 -1.178317742092897635e+00
4.050000000000011369e-01 -1.169456503622660071e+00
4.100000000000012523e-01 -1.160448984852151533e+00
4.150000000000013678e-01 -1.151295185781372243e+00
4.200000000000012612e-01 -1.141995106410322869e+00
4.250000000000011546e-01 -1.132548746739003409e+00
4.300000000000012701e-01 -1.122956106767412532e+00
4.350000000000013856e-01 -1.113217186495551347e+00
4.400000000000012790e-01 -1.103331985923420300e+00
4.450000000000011724e-01 -1.093300505051018501e+00
4.500000000000012879e-01 -1.083122743878345728e+00
4.550000000000014033e-01 -1.072798702405402205e+00
4.600000000000012967e-01 -1.062328380632189262e+00
4.650000000000011902e-01 -1.051711778558704902e+00
4.700000000000013056e-01 -1.040948896184950234e+00
4.750000000000014211e-01 -1.030039733510924815e+00
4.800000000000013145e-01 -1.018984290536629533e+00
4.850000000000012079e-01 -1.007782567262063722e+00
4.900000000000013234e-01 -9.964345636872268264e-01
4.950000000000014388e-01 -9.849402798121195124e-01
5.000000000000013323e-01 -9.732997156367416691e-01
5.050000000000012257e-01 -9.615128711610941847e-01
5.100000000000013411e-01 -9.495797463851748388e-01
5.150000000000014566e-01 -9.375003413089854076e-01
5.200000000000013500e-01 -9.252746559325260023e-01
5.250000000000012434e-01 -9.129026902557959566e-01
5.300000000000013589e-01 -9.003844442787949376e-01
5.350000000000014744e-01 -8.877199180015230562e-01
5.400000000000013678e-01 -8.749091114239818667e-01
5.450000000000012612e-01 -8.619520245461693708e-01
5.500000000000013767e-01 -8.488486573680863456e-01
5.550000000000014921e-01 -8.355990098897327911e-01
5.600000000000013856e-01 -8.222030821111091514e-01
5.650000000000012790e-01 -8.086608740322150934e-01
5.700000000000013944e-01 -7.949723856530499511e-01
5.750000000000015099e-01 -7.811376169736143904e-01
5.800000000000014033e-01 -7.671565679939081894e-01
5.850000000000012967e-01 -7.530292387139325694e-01
5.900000000000014122e-01 -7.387556291336848657e-01
5.950000000000015277e-01 -7.243357392531671879e-01
6.000000000000014211e-01 -7.097695690723794248e-01
6.050000000000013145e-01 -6.950571185913217986e-01
6.100000000000014300e-01 -6.801983878099914227e-01
6.150000000000015454e-01 -6.651933767283917387e-01
6.200000000000014388e-01 -6.500420853465225246e-01
6.250000000000013323e-01 -6.347445136643816710e-01
6.300000000000014477e-01 -6.193006616819702881e-01
6.350000000000015632e-01 -6.037105293992884869e-01
6.400000000000014566e-01 -5.879741168163371556e-01
6.450000000000013500e-01 -5.720914239331142959e-01
6.500000000000014655e-01 -5.560624507496210178e-01
6.550000000000015810e-01 -5.398871972658569884e-01
6.600000000000014744e-01 -5.235656634818226518e-01
6.650000000000013678e-01 -5.070978493975187851e-01
6.700000000000014833e-01 -4.904837550129433343e-01
6.750000000000015987e-01 -4.737233803280974098e-01
6.800000000000014921e-01 -4.568167253429807340e-01
6.850000000000013856e-01 -4.397637900575938619e-01
6.900000000000015010e-01 -4.225645744719362384e-01
6.950000000000016165e-01 -4.052190785860081967e-01
7.000000000000015099e-01 -3.877273023998107915e-01
7.050000000000014033e-01 -3.700892459133418022e-01
7.100000000000015188e-01 -3.523049091266021726e-01
7.150000000000016342e-01 -3.343742920395919582e-01
7.200000000000015277e-01 -3.162973946523113811e-01
7.250000000000014211e-01 -2.980742169647614404e-01
7.300000000000015365e-01 -2.797047589769396936e-01
7.350000000000016520e-01 -2.611890206888475285e-01
7.400000000000015454e-01 -2.425270021004848064e-01
7.450000000000014388e-01 -2.237187032118529428e-01
7.500000000000015543e-01 -2.047641240229490234e-01
7.550000000000016698e-01 -1.856632645337734644e-01
7.600000000000015632e-01 -1.664161247443300407e-01
7.650000000000014566e-01 -1.470227046546160043e-01
7.700000000000015721e-01 -1.274830042646288852e-01
7.750000000000016875e-01 -1.077970235743724303e-01
7.800000000000015810e-01 -8.796476258384704205e-02
7.850000000000014744e-01 -6.798622129304961181e-02
7.900000000000015898e-01 -4.786139970198179105e-02
7.950000000000017053e-01 -2.759029781064317732e-02
8.000000000000015987e-01 -7.172915619035841878e-03
8.050000000000014921e-01 1.339074687284374544e-02
8.100000000000016076e-01 3.410068966499371634e-02
8.150000000000017231e-01 5.495691275741428072e-02
8.200000000000016165e-01 7.595941615010522174e-02
8.250000000000015099e-01 9.710819984306530428e-02
8.300000000000016254e-01 1.184032638362972206e-01
8.350000000000017408e-01 1.398446081297999577e-01
8.400000000000016342e-01 1.614322327235730437e-01
8.450000000000015277e-01 1.831661376176165201e-01
8.500000000000016431e-01 2.050463228119308035e-01
8.550000000000017586e-01 2.270727883065154773e-01
8.600000000000016520e-01 2.492455341013690706e-01
8.650000000000015454e-01 2.715645601964947198e-01
8.700000000000016609e-01 2.940298665918909538e-01
8.750000000000017764e-01 3.166414532875575505e-01
8.800000000000016698e-01 3.393993202834947875e-01
8.850000000000015632e-01 3.623034675797008886e-01
8.900000000000016787e-01 3.853538951761792952e-01
8.950000000000017941e-01 4.085506030729280647e-01
9.000000000000016875e-01 4.318935912699474189e-01
9.050000000000015810e-01 4.553828597672356926e-01
9.100000000000016964e-01 4.790184085647960499e-01
9.150000000000018119e-01 5.028002376626283798e-01
9.200000000000017053e-01 5.267283470607282414e-01
9.250000000000015987e-01 5.508027367590985213e-01
9.300000000000017142e-01 5.750234067577424391e-01
9.350000000000018296e-01 5.993903570566555539e-01
9.400000000000017231e-01 6.239035876558373106e-01
9.450000000000016165e-01 6.485630985552911509e-01
9.500000000000017319e-01 6.733688897550158536e-01
9.550000000000018474e-01 6.983209612550108636e-01
9.600000000000017408e-01 7.234193130552746265e-01
9.650000000000016342e-01 7.486639451558103620e-01
9.700000000000017497e-01 7.740548575566169598e-01
9.750000000000018652e-01 7.995920502576939759e-01
9.800000000000017586e-01 8.252755232590417434e-01
9.850000000000016520e-01 8.511052765606578197e-01
9.900000000000017675e-01 8.770813101625467567e-01
9.950000000000018829e-01 9.032036240647056680e-01
1.000000000000001776e+00 9.294722182671354416e-01
