5.628698176510129603e-01 -8.144482334721634409e-01
6.102316765052879788e-01 -6.795063580460477537e-01
-8.755979194540506327e-01 1.340066235463833078e+00
5.149251143419464327e-02 -1.435524654630520036e+00
8.413350698268711181e-01 1.672211740444958239e-01
8.988224949390377638e-02 -1.442022436075812042e+00
-3.780750136802724093e-01 -7.747136838823058813e-01
9.955685856845968296e-01 9.061834419180576639e-01
9.989771332808445869e-01 9.240864625220994721e-01
9.936310117738849090e-01 8.960368533919953471e-01
9.967957582147732865e-01 9.126211987663662706e-01
