-1.000000000000000000e+00 9.958292392921572755e-01
-9.949999999999999956e-01 9.957670528238447005e-01
-9.899999999999999911e-01 9.957050439575647616e-01
-9.849999999999999867e-01 9.956432424874543941e-01
-9.799999999999999822e-01 9.955814099931155070e-01
-9.749999999999999778e-01 9.955199040978692793e-01
-9.699999999999999734e-01 9.954584267803108233e-01
-9.649999999999999689e-01 9.953972164567455039e-01
-9.599999999999999645e-01 9.953361241091949196e-01
-9.549999999999999600e-01 9.952752391446262337e-01
-9.499999999999999556e-01 9.952145317639002897e-01
-9.449999999999999512e-01 9.951537039406099794e-01
-9.399999999999999467e-01 9.950933517111986149e-01
-9.349999999999999423e-01 9.950328790392228839e-01
-9.299999999999999378e-01 9.949728223542075867e-01
-9.249999999999999334e-01 9.949128240341957863e-01
-9.199999999999999289e-01 9.948529436779205426e-01
-9.149999999999999245e-01 9.947931514789667418e-01
-9.099999999999999201e-01 9.947336262608184043e-01
-9.049999999999999156e-01 9.946741891922608048e-01
-8.999999999999999112e-01 9.946150190995064477e-01
-8.949999999999999067e-01 9.945559967600781093e-01
-8.899999999999999023e-01 9.944969731678208191e-01
-8.849999999999998979e-01 9.944383059474199982e-01
-8.799999999999998934e-01 9.943796970751970221e-01
-8.749999999999998890e-01 9.943212061507944455e-01
-8.699999999999998845e-01 9.942628927820402751e-01
-8.649999999999998801e-01 9.942048165676675708e-01
-8.599999999999998757e-01 9.941468881025281590e-01
-8.549999999999998712e-01 9.940890179764716450e-01
-8.499999999999998668e-01 9.940313551951982518e-01
-8.449999999999998623e-01 9.939738103576525319e-01
-8.399999999999998579e-01 9.939164430671150186e-01
-8.349999999999998535e-01 9.938593427241864120e-01
-8.299999999999998490e-01 9.938022411097842124e-01
-8.249999999999998446e-01 9.937453766361210583e-01
-8.199999999999998401e-01 9.936886599044152391e-01
-8.149999999999998357e-01 9.936320312995627901e-01
-8.099999999999998312e-01 9.935755504293917184e-01
-8.049999999999998268e-01 9.935193663041497203e-01
-7.999999999999998224e-01 9.934632404984364840e-01
-7.949999999999998179e-01 9.934073220311399055e-01
-7.899999999999998135e-01 9.933515214898358536e-01
-7.849999999999998090e-01 9.932957792707890476e-01
-7.799999999999998046e-01 9.932402443756069843e-01
-7.749999999999998002e-01 9.931849764239411016e-01
-7.699999999999997957e-01 9.931298561937689229e-01
-7.649999999999997913e-01 9.930748538809490711e-01
-7.599999999999997868e-01 9.930198800803333725e-01
-7.549999999999997824e-01 9.929652328192384303e-01
-7.499999999999997780e-01 9.929106438658488187e-01
-7.449999999999997735e-01 9.928563516446553550e-01
-7.399999999999997691e-01 9.928020581292509306e-01
-7.349999999999997646e-01 9.927480315378085507e-01
-7.299999999999997602e-01 9.926940036553384417e-01
-7.249999999999997558e-01 9.926403022955634370e-01
-7.199999999999997513e-01 9.925865698351623578e-01
-7.149999999999997469e-01 9.925331937070547283e-01
-7.099999999999997424e-01 9.924799354840212473e-01
-7.049999999999997380e-01 9.924266759649578162e-01
-6.999999999999997335e-01 9.923737429681347422e-01
-6.949999999999997291e-01 9.923208980777014077e-01
-6.899999999999997247e-01 9.922681114840594674e-01
-6.849999999999997202e-01 9.922156514149316209e-01
-6.799999999999997158e-01 9.921631602397207317e-01
-6.749999999999997113e-01 9.921111147887637927e-01
-6.699999999999997069e-01 9.920590084289466759e-01
-6.649999999999997025e-01 9.920071093807161233e-01
-6.599999999999996980e-01 9.919554474386638176e-01
-6.549999999999996936e-01 9.919037841901223729e-01
-6.499999999999996891e-01 9.918524176587704133e-01
-6.449999999999996847e-01 9.918010796105187765e-01
-6.399999999999996803e-01 9.917499190760787897e-01
-6.349999999999996758e-01 9.916990552451858676e-01
-6.299999999999996714e-01 9.916481901082585537e-01
-6.249999999999996669e-01 9.915975024733194587e-01
-6.199999999999996625e-01 9.915469923353663617e-01
-6.149999999999996581e-01 9.914967491118256149e-01
-6.099999999999996536e-01 9.914465045631510876e-01
-6.049999999999996492e-01 9.913964375246502314e-01
-5.999999999999996447e-01 9.913465777795460454e-01
-5.949999999999996403e-01 9.912969253392072133e-01
-5.899999999999996358e-01 9.912473311892933125e-01
-5.849999999999996314e-01 9.911979145318179363e-01
-5.799999999999996270e-01 9.911486157689575194e-01
-5.749999999999996225e-01 9.910994945076305740e-01
-5.699999999999996181e-01 9.910505805410645408e-01
-5.649999999999996136e-01 9.910017844645659935e-01
-5.599999999999996092e-01 9.909531360863690352e-01
-5.549999999999996048e-01 9.909046950033877366e-01
-5.499999999999996003e-01 9.908564612215338130e-01
-5.449999999999995959e-01 9.908082261154556036e-01
-5.399999999999995914e-01 9.907601983086857800e-01
-5.349999999999995870e-01 9.907123777984958579e-01
-5.299999999999995826e-01 9.906646453760510340e-01
-5.249999999999995781e-01 9.906171202538240905e-01
-5.199999999999995737e-01 9.905696534092891525e-01
-5.149999999999995692e-01 9.905224534750738385e-01
-5.099999999999995648e-01 9.904754906311206142e-01
-5.049999999999995604e-01 9.904285860748638370e-01
-4.999999999999995559e-01 9.903817398008465389e-01
-4.949999999999995515e-01 9.903351306302790036e-01
-4.899999999999995470e-01 9.902886989521499927e-01
-4.849999999999995426e-01 9.902423553567638592e-01
-4.799999999999995381e-01 9.901963084667437798e-01
-4.749999999999995337e-01 9.901503198598726740e-01
-4.699999999999995293e-01 9.901044491462522856e-01
-4.649999999999995248e-01 9.900588155247129762e-01
-4.599999999999995204e-01 9.900132401899606194e-01
-4.549999999999995159e-01 9.899678125485076308e-01
-4.499999999999995115e-01 9.899226220050474367e-01
-4.449999999999995071e-01 9.898777579656377057e-01
-4.399999999999995026e-01 9.898327734008995904e-01
-4.349999999999994982e-01 9.897880259323352803e-01
-4.299999999999994937e-01 9.897434857635341032e-01
-4.249999999999994893e-01 9.896990038792461419e-01
-4.199999999999994849e-01 9.896547888984565944e-01
-4.149999999999994804e-01 9.896107514114698134e-01
-4.099999999999994760e-01 9.895667126075347042e-01
-4.049999999999994715e-01 9.895229705076014071e-01
-3.999999999999994671e-01 9.894792866949098098e-01
-3.949999999999994627e-01 9.894357505782460649e-01
-3.899999999999994582e-01 9.893924515663963248e-01
-3.849999999999994538e-01 9.893492108349670744e-01
-3.799999999999994493e-01 9.893062966171379813e-01
-3.749999999999994449e-01 9.892632916776671337e-01
-3.699999999999994404e-01 9.892205834467455716e-01
-3.649999999999994360e-01 9.891781123179095303e-01
-3.599999999999994316e-01 9.891357590841431957e-01
-3.549999999999994271e-01 9.890934939472169063e-01
-3.499999999999994227e-01 9.890513765049542272e-01
-3.449999999999994182e-01 9.890095259752849088e-01
-3.399999999999994138e-01 9.889677039287159133e-01
-3.349999999999994094e-01 9.889260891914597451e-01
-3.299999999999994049e-01 9.888845923551849992e-01
-3.249999999999994005e-01 9.888432134126157180e-01
-3.199999999999993960e-01 9.888021609913772991e-01
-3.149999999999993916e-01 9.887611370582414239e-01
-3.099999999999993872e-01 9.887203204357826181e-01
-3.049999999999993827e-01 9.886796515184466116e-01
-2.999999999999993783e-01 9.886391899090591906e-01
-2.949999999999993738e-01 9.885987269945468725e-01
-2.899999999999993694e-01 9.885584713902568765e-01
-2.849999999999993650e-01 9.885184827008339781e-01
-2.799999999999993605e-01 9.884784927103789087e-01
-2.749999999999993561e-01 9.884388888458994771e-01
-2.699999999999993516e-01 9.883991644733720605e-01
-2.649999999999993472e-01 9.883598262250012922e-01
-2.599999999999993427e-01 9.883205164779207408e-01
-2.549999999999993383e-01 9.882812650421834988e-01
-2.499999999999993339e-01 9.882423699373754644e-01
-2.449999999999993294e-01 9.882036523400126171e-01
-2.399999999999993250e-01 9.881649632548539230e-01
-2.349999999999993205e-01 9.881264218789107545e-01
-2.299999999999993161e-01 9.880879984266863758e-01
-2.249999999999993117e-01 9.880498418970597996e-01
-2.199999999999993072e-01 9.880118926926622080e-01
-2.149999999999993028e-01 9.879739421972368874e-01
-2.099999999999992983e-01 9.879362586316853267e-01
-2.049999999999992939e-01 9.878987227858084808e-01
-1.999999999999992895e-01 9.878613048627409299e-01
-1.949999999999992850e-01 9.878239154596082372e-01
-1.899999999999992806e-01 9.877869419984159904e-01
-1.849999999999992761e-01 9.877499970567038545e-01
-1.799999999999992717e-01 9.877132594447681768e-01
-1.749999999999992673e-01 9.876765801619109553e-01
-1.699999999999992628e-01 9.876401380111525796e-01
-1.649999999999992584e-01 9.876038435923470971e-01
-1.599999999999992539e-01 9.875676969086777390e-01
-1.549999999999992495e-01 9.875315787508549548e-01
-1.499999999999992450e-01 9.874957275365483511e-01
-1.449999999999992406e-01 9.874601134670735192e-01
-1.399999999999992362e-01 9.874244385201160767e-01
-1.349999999999992317e-01 9.873890901263218112e-01
-1.299999999999992273e-01 9.873538596707982506e-01
-1.249999999999992228e-01 9.873188663655634301e-01
-1.199999999999992184e-01 9.872839313989567600e-01
-1.149999999999992140e-01 9.872491441811286350e-01
-1.099999999999992095e-01 9.872145047048030975e-01
-1.049999999999992051e-01 9.871801619920512749e-01
-9.999999999999920064e-02 9.871457584113665362e-01
-9.499999999999919620e-02 9.871115621881978441e-01
-8.999999999999919176e-02 9.870777521346605354e-01
-8.499999999999918732e-02 9.870437620120862121e-01
-7.999999999999918288e-02 9.870100686567235826e-01
-7.499999999999917843e-02 9.869766422735262168e-01
-6.999999999999917399e-02 9.869433040390100942e-01
-6.499999999999916955e-02 9.869100539627249091e-01
-5.999999999999916511e-02 9.868770112544149598e-01
-5.499999999999916067e-02 9.868441461158505845e-01
-4.999999999999915623e-02 9.868113989378395345e-01
-4.499999999999915179e-02 9.867787995317991445e-01
-3.999999999999914735e-02 9.867464372987848620e-01
-3.499999999999914291e-02 9.867141334316835710e-01
-2.999999999999913847e-02 9.866820965522089537e-01
-2.499999999999913403e-02 9.866499690247616527e-01
-1.999999999999912959e-02 9.866182872993300990e-01
-1.499999999999912514e-02 9.865866043378952455e-01
-9.999999999999120703e-03 9.865551287676277425e-01
-4.999999999999116262e-03 9.865238307789292449e-01
8.881784197001252323e-16 9.864926209716537997e-01
5.000000000000781597e-03 9.864615887564065488e-01
1.000000000000089706e-02 9.864307937310110574e-01
1.500000000000101252e-02 9.863999080835634814e-01
2.000000000000090594e-02 9.863694682476813469e-01
2.500000000000079936e-02 9.863390569990366785e-01
3.000000000000091482e-02 9.863088233478771727e-01
3.500000000000103029e-02 9.862787374968826626e-01
4.000000000000092371e-02 9.862488292479207885e-01
4.500000000000081712e-02 9.862189495907438541e-01
5.000000000000093259e-02 9.861893965599444201e-01
5.500000000000104805e-02 9.861599019259807974e-01
6.000000000000094147e-02 9.861305849017805158e-01
6.500000000000083489e-02 9.861014454941647855e-01
7.000000000000095035e-02 9.860724538967184927e-01
7.500000000000106581e-02 9.860436399222232140e-01
8.000000000000095923e-02 9.860149737619900989e-01
8.500000000000085265e-02 9.859864256241559488e-01
9.000000000000096811e-02 9.859580551097275603e-01
9.500000000000108358e-02 9.859297430121438666e-01
1.000000000000009770e-01 9.859016681498866674e-01
1.050000000000008704e-01 9.858738305243202049e-01
1.100000000000009859e-01 9.858460513219649002e-01
1.150000000000011013e-01 9.858184795557969338e-01
1.200000000000009948e-01 9.857910556352686982e-01
1.250000000000008882e-01 9.857637795494662569e-01
1.300000000000010036e-01 9.857366215074359062e-01
1.350000000000011191e-01 9.857096709070498619e-01
1.400000000000010125e-01 9.856828085512967519e-01
1.450000000000009059e-01 9.856561536521946110e-01
1.500000000000010214e-01 9.856296764069663041e-01
1.550000000000011369e-01 9.856033470110157069e-01
1.600000000000010303e-01 9.855771654802589765e-01
1.650000000000009237e-01 9.855511318060559134e-01
1.700000000000010392e-01 9.855252161851746351e-01
1.750000000000011546e-01 9.854995378428208497e-01
1.800000000000010481e-01 9.854739477578329243e-01
1.850000000000009415e-01 9.854485353462729691e-01
1.900000000000010569e-01 9.854232112034475577e-01
1.950000000000011724e-01 9.853980945441032091e-01
2.000000000000010658e-01 9.853731853636924498e-01
2.050000000000009592e-01 9.853484240666654514e-01
2.100000000000010747e-01 9.853237510479226913e-01
2.150000000000011902e-01 9.852992557180693112e-01
2.200000000000010836e-01 9.852750572873043566e-01
2.250000000000009770e-01 9.852508279350837839e-01
2.300000000000010925e-01 9.852268060822604312e-01
2.350000000000012079e-01 9.852030215370684019e-01
2.400000000000011013e-01 9.851792358745621314e-01
2.450000000000009948e-01 9.851557769321113156e-01
2.500000000000011102e-01 9.851322870823020494e-01
2.550000000000012257e-01 9.851089153426579870e-01
2.600000000000011191e-01 9.850860193346813176e-01
2.650000000000010125e-01 9.850631520362691518e-01
2.700000000000011280e-01 9.850402836455538491e-01
2.750000000000012434e-01 9.850176823857106356e-01
2.800000000000011369e-01 9.849951396409375448e-01
2.850000000000010303e-01 9.849728938307231729e-01
2.900000000000011458e-01 9.849508257621488738e-01
2.950000000000012612e-01 9.849287566076379008e-01
3.000000000000011546e-01 9.849069844054207934e-01
3.050000000000010481e-01 9.848853005387860904e-01
3.100000000000011635e-01 9.848637646155617986e-01
3.150000000000012790e-01 9.848423468352445198e-01
3.200000000000011724e-01 9.848212558186384413e-01
3.250000000000010658e-01 9.848000445309077477e-01
3.300000000000011813e-01 9.847792196188089875e-01
3.350000000000012967e-01 9.847584532613433694e-01
3.400000000000011902e-01 9.847379242701714830e-01
3.450000000000010836e-01 9.847174836423215893e-01
3.500000000000011990e-01 9.846971909819837165e-01
3.550000000000013145e-01 9.846771655029948889e-01
3.600000000000012079e-01 9.846570495811244328e-01
3.650000000000011013e-01 9.846373200576232776e-01
3.700000000000012168e-01 9.846177385148218164e-01
3.750000000000013323e-01 9.845981261433331966e-01
3.800000000000012257e-01 9.845788405755735440e-01
3.850000000000011191e-01 9.845596135970078322e-01
3.900000000000012346e-01 9.845406240188419034e-01
3.950000000000013500e-01 9.845216930312341574e-01
4.000000000000012434e-01 9.845029696521629958e-01
4.050000000000011369e-01 9.844844240874914831e-01
4.100000000000012523e-01 9.844660265276212741e-01
4.150000000000013678e-01 9.844478663904334681e-01
4.200000000000012612e-01 9.844297052614416899e-01
4.250000000000011546e-01 9.844117517541741691e-01
4.300000000000012701e-01 9.843940952842382686e-01
4.350000000000013856e-01 9.843763782283128094e-01
4.400000000000012790e-01 9.843588390058863880e-01
4.450000000000011724e-01 9.843415968294317864e-01
4.500000000000012879e-01 9.843243834812307469e-01
4.550000000000014033e-01 9.843074075870896777e-01
4.600000000000012967e-01 9.842905499354452914e-01
4.650000000000011902e-01 9.842738999432691926e-01
4.700000000000013056e-01 9.842573383971791046e-01
4.750000000000014211e-01 9.842410441192948056e-01
4.800000000000013145e-01 9.842247190900303977e-01
4.850000000000012079e-01 9.842086911367511348e-01
4.900000000000013234e-01 9.841928112573947729e-01
4.950000000000014388e-01 9.841770198423143157e-01
5.000000000000013323e-01 9.841614063062076312e-01
5.050000000000012257e-01 9.841459408594852576e-01
5.100000000000013411e-01 9.841306532958293829e-01
5.150000000000014566e-01 9.841155436225159647e-01
5.200000000000013500e-01 9.841005820454080677e-01
5.250000000000012434e-01 9.840856195551674901e-01
5.300000000000013589e-01 9.840710733824886702e-01
5.350000000000014744e-01 9.840564965052687185e-01
5.400000000000013678e-01 9.840421273425414839e-01
5.450000000000012612e-01 9.840278764932515188e-01
5.500000000000013767e-01 9.840138631657788792e-01
5.550000000000014921e-01 9.839999979590681178e-01
5.600000000000013856e-01 9.839863106854460639e-01
5.650000000000012790e-01 9.839728013403652440e-01
5.700000000000013944e-01 9.839593805295914208e-01
5.750000000000015099e-01 9.839460184485284699e-01
5.800000000000014033e-01 9.839329535216672085e-01
5.850000000000012967e-01 9.839200367419431714e-01
5.900000000000014122e-01 9.839071787078461639e-01
5.950000000000015277e-01 9.838945880419993628e-01
6.000000000000014211e-01 9.838819965189538053e-01
6.050000000000013145e-01 9.838698213825916028e-01
6.100000000000014300e-01 9.838576156012601714e-01
6.150000000000015454e-01 9.838454685932953581e-01
6.200000000000014388e-01 9.838336783710071032e-01
6.250000000000013323e-01 9.838219767280458328e-01
6.300000000000014477e-01 9.838103338602701697e-01
6.350000000000015632e-01 9.837989882035396150e-01
6.400000000000014566e-01 9.837877609366438847e-01
6.450000000000013500e-01 9.837766222663555382e-01
6.500000000000014655e-01 9.837658404135760648e-01
6.550000000000015810e-01 9.837549981576154678e-01
6.600000000000014744e-01 9.837443637175562472e-01
6.650000000000013678e-01 9.837339072942592466e-01
6.700000000000014833e-01 9.837235990967707622e-01
6.750000000000015987e-01 9.837134391296382674e-01
6.800000000000014921e-01 9.837033975896298799e-01
6.850000000000013856e-01 9.836936532965916413e-01
6.900000000000015010e-01 9.836838784322532447e-01
6.950000000000016165e-01 9.836743114215602546e-01
7.000000000000015099e-01 9.836649522617841868e-01
7.050000000000014033e-01 9.836557711624260847e-01
7.100000000000015188e-01 9.836467085183864256e-01
7.150000000000016342e-01 9.836378239429501846e-01
7.200000000000015277e-01 9.836290876383424475e-01
7.250000000000014211e-01 9.836204996091106878e-01
7.300000000000015365e-01 9.836120002506101301e-01
7.350000000000016520e-01 9.836038279941528018e-01
7.400000000000015454e-01 9.835956252109605558e-01
7.450000000000014388e-01 9.835877197329461197e-01
7.500000000000015543e-01 9.835799029511287372e-01
7.550000000000016698e-01 9.835722046701045329e-01
7.600000000000015632e-01 9.835645950934628345e-01
7.650000000000014566e-01 9.835573126456944593e-01
7.700000000000015721e-01 9.835500593053945195e-01
7.750000000000016875e-01 9.835431033016499569e-01
7.800000000000015810e-01 9.835362658218906873e-01
7.850000000000014744e-01 9.835294574700634840e-01
7.900000000000015898e-01 9.835229166638379539e-01
7.950000000000017053e-01 9.835165838103927527e-01
8.000000000000015987e-01 9.835102800944293122e-01
8.050000000000014921e-01 9.835041843357936742e-01
8.100000000000016076e-01 9.834982667426226399e-01
8.150000000000017231e-01 9.834925571167838498e-01
8.200000000000016165e-01 9.834867276359142707e-01
8.250000000000015099e-01 9.834813743601040770e-01
8.300000000000016254e-01 9.834760502567911900e-01
8.350000000000017408e-01 9.834708149297108903e-01
8.400000000000016342e-01 9.834657876027046441e-01
8.450000000000015277e-01 9.834609980767305970e-01
8.500000000000016431e-01 9.834562377446269821e-01
8.550000000000017586e-01 9.834517748309332674e-01
8.600000000000016520e-01 9.834473411138384691e-01
8.650000000000015454e-01 9.834430558212767792e-01
8.700000000000016609e-01 9.834389487482946279e-01
8.750000000000017764e-01 9.834350497140400549e-01
8.800000000000016698e-01 9.834313289139169356e-01
8.850000000000015632e-01 9.834276373394965631e-01
8.900000000000016787e-01 9.834242730276452349e-01
8.950000000000017941e-01 9.834209975606933440e-01
9.000000000000016875e-01 9.834177513412720728e-01
9.050000000000015810e-01 9.834148621981109173e-01
9.100000000000016964e-01 9.834120321138977161e-01
9.150000000000018119e-01 9.834092908986855619e-01
9.200000000000017053e-01 9.834067279667175754e-01
9.250000000000015987e-01 9.834043433134462830e-01
9.300000000000017142e-01 9.834021965585231229e-01
9.350000000000018296e-01 9.834001088939254842e-01
9.400000000000017231e-01 9.833982591358614300e-01
9.450000000000016165e-01 9.833965578832755128e-01
9.500000000000017319e-01 9.833949753402118077e-01
9.550000000000018474e-01 9.833935413130854286e-01
9.600000000000017408e-01 9.833922856128589629e-01
9.650000000000016342e-01 9.833911486426183401e-01
9.700000000000017497e-01 9.833901006032244041e-01
9.750000000000018652e-01 9.833892607030572108e-01
9.800000000000017586e-01 9.833886587580815686e-01
9.850000000000016520e-01 9.833882947751186876e-01
9.900000000000017675e-01 9.833878707318541856e-01
9.950000000000018829e-01 9.833875952559134603e-01
1.000000000000001776e+00 9.833877104714412454e-01
