-1.000000000000000000e+00 1.114128183145163042e+00
-9.949999999999999956e-01 1.114190369613475617e+00
-9.899999999999999911e-01 1.114252378477936567e+00
-9.849999999999999867e-01 1.114314179949865924e+00
-9.799999999999999822e-01 1.114376012444204811e+00
-9.749999999999999778e-01 1.114437518341270028e+00
-9.699999999999999734e-01 1.114498995658828484e+00
-9.649999999999999689e-01 1.114560205980574814e+00
-9.599999999999999645e-01 1.114621298326306409e+00
-9.549999999999999600e-01 1.114682183290875095e+00
-9.499999999999999556e-01 1.114742890673420028e+00
-9.449999999999999512e-01 1.114803718494891349e+00
-9.399999999999999467e-01 1.114864070727940693e+00
-9.349999999999999423e-01 1.114924543399916423e+00
-9.299999999999999378e-01 1.114984600083112731e+00
-9.249999999999999334e-01 1.115044598403124532e+00
-9.199999999999999289e-01 1.115104478759399775e+00
-9.149999999999999245e-01 1.115164270956534587e+00
-9.099999999999999201e-01 1.115223796178320903e+00
-9.049999999999999156e-01 1.115283233245059513e+00
-8.999999999999999112e-01 1.115342403337813870e+00
-8.949999999999999067e-01 1.115401425677242209e+00
-8.899999999999999023e-01 1.115460449269499499e+00
-8.849999999999998979e-01 1.115519116489900320e+00
-8.799999999999998934e-01 1.115577725362123296e+00
-8.749999999999998890e-01 1.115636216284706883e+00
-8.699999999999998845e-01 1.115694529655280043e+00
-8.649999999999998801e-01 1.115752605869652747e+00
-8.599999999999998757e-01 1.115810534334792159e+00
-8.549999999999998712e-01 1.115868404462667662e+00
-8.499999999999998668e-01 1.115926067242122066e+00
-8.449999999999998623e-01 1.115983612077848797e+00
-8.399999999999998579e-01 1.116040979370205299e+00
-8.349999999999998535e-01 1.116098079711314917e+00
-8.299999999999998490e-01 1.116155181329355095e+00
-8.249999999999998446e-01 1.116212045799380270e+00
-8.199999999999998401e-01 1.116268762532905079e+00
-8.149999999999998357e-01 1.116325391137757528e+00
-8.099999999999998312e-01 1.116381872007928600e+00
-8.049999999999998268e-01 1.116438056134989587e+00
-7.999999999999998224e-01 1.116494181937064845e+00
-7.949999999999998179e-01 1.116550100406180412e+00
-7.899999999999998135e-01 1.116605900947484464e+00
-7.849999999999998090e-01 1.116661643164712281e+00
-7.799999999999998046e-01 1.116717178056256365e+00
-7.749999999999998002e-01 1.116772446011560227e+00
-7.699999999999997957e-01 1.116827566243551395e+00
-7.649999999999997913e-01 1.116882568556371247e+00
-7.599999999999997868e-01 1.116937542356986945e+00
-7.549999999999997824e-01 1.116992189618081888e+00
-7.499999999999997780e-01 1.117046778567833520e+00
-7.449999999999997735e-01 1.117101070792664963e+00
-7.399999999999997691e-01 1.117155364306250398e+00
-7.349999999999997646e-01 1.117209390897692778e+00
-7.299999999999997602e-01 1.117263418783800866e+00
-7.249999999999997558e-01 1.117317120139937892e+00
-7.199999999999997513e-01 1.117370852600338971e+00
-7.149999999999997469e-01 1.117424228730265590e+00
-7.099999999999997424e-01 1.117477486949661092e+00
-7.049999999999997380e-01 1.117530746468724523e+00
-6.999999999999997335e-01 1.117583679471004565e+00
-6.949999999999997291e-01 1.117636524359618910e+00
-6.899999999999997247e-01 1.117689310951441861e+00
-6.849999999999997202e-01 1.117741771020569708e+00
-6.799999999999997158e-01 1.117794262197599586e+00
-6.749999999999997113e-01 1.117846307646737536e+00
-6.699999999999997069e-01 1.117898414006554653e+00
-6.649999999999997025e-01 1.117950313052966216e+00
-6.599999999999996980e-01 1.118001974995018521e+00
-6.549999999999996936e-01 1.118053638241740977e+00
-6.499999999999996891e-01 1.118105004778549905e+00
-6.449999999999996847e-01 1.118156342823163563e+00
-6.399999999999996803e-01 1.118207503359422539e+00
-6.349999999999996758e-01 1.118258367188496472e+00
-6.299999999999996714e-01 1.118309232323604796e+00
-6.249999999999996669e-01 1.118359919962181870e+00
-6.199999999999996625e-01 1.118410430098315977e+00
-6.149999999999996581e-01 1.118460673323675714e+00
-6.099999999999996536e-01 1.118510917866893273e+00
-6.049999999999996492e-01 1.118560984912670087e+00
-5.999999999999996447e-01 1.118610844650498315e+00
-5.949999999999996403e-01 1.118660497092656136e+00
-5.899999999999996358e-01 1.118710091244389027e+00
-5.849999999999996314e-01 1.118759507901864403e+00
-5.799999999999996270e-01 1.118808806662905830e+00
-5.749999999999996225e-01 1.118857927927870755e+00
-5.699999999999996181e-01 1.118906841888979820e+00
-5.649999999999996136e-01 1.118955637967297356e+00
-5.599999999999996092e-01 1.119004286343675325e+00
-5.549999999999996048e-01 1.119052727428475613e+00
-5.499999999999996003e-01 1.119100961210329537e+00
-5.449999999999995959e-01 1.119149196320045725e+00
-5.399999999999995914e-01 1.119197224124996559e+00
-5.349999999999995870e-01 1.119245044631548502e+00
-5.299999999999995826e-01 1.119292777057631305e+00
-5.249999999999995781e-01 1.119340302179858249e+00
-5.199999999999995737e-01 1.119387769022574197e+00
-5.149999999999995692e-01 1.119434968958608501e+00
-5.099999999999995648e-01 1.119481931800742736e+00
-5.049999999999995604e-01 1.119528836356999513e+00
-4.999999999999995559e-01 1.119575682631016811e+00
-4.949999999999995515e-01 1.119622291801584346e+00
-4.899999999999995470e-01 1.119668723483351336e+00
-4.849999999999995426e-01 1.119715067073280501e+00
-4.799999999999995381e-01 1.119761113965119570e+00
-4.749999999999995337e-01 1.119807102573809665e+00
-4.699999999999995293e-01 1.119852973283792075e+00
-4.649999999999995248e-01 1.119898606905331384e+00
-4.599999999999995204e-01 1.119944182241902730e+00
-4.549999999999995159e-01 1.119989609881536730e+00
-4.499999999999995115e-01 1.120034800426815913e+00
-4.449999999999995071e-01 1.120079664464406655e+00
-4.399999999999995026e-01 1.120124649029144770e+00
-4.349999999999994982e-01 1.120169396495890091e+00
-4.299999999999994937e-01 1.120213936666510257e+00
-4.249999999999994893e-01 1.120258418552617208e+00
-4.199999999999994849e-01 1.120302633529768777e+00
-4.149999999999994804e-01 1.120346671016755558e+00
-4.099999999999994760e-01 1.120390709822509656e+00
-4.049999999999994715e-01 1.120434451920623964e+00
-3.999999999999994671e-01 1.120478135733315561e+00
-3.949999999999994627e-01 1.120521671849979306e+00
-3.899999999999994582e-01 1.120564970867286014e+00
-3.849999999999994538e-01 1.120608211596896275e+00
-3.799999999999994493e-01 1.120651125811087390e+00
-3.749999999999994449e-01 1.120694130748739248e+00
-3.699999999999994404e-01 1.120736838985117778e+00
-3.649999999999994360e-01 1.120779310108496851e+00
-3.599999999999994316e-01 1.120821663344082175e+00
-3.549999999999994271e-01 1.120863928482827454e+00
-3.499999999999994227e-01 1.120906045923271144e+00
-3.449999999999994182e-01 1.120947896454759452e+00
-3.399999999999994138e-01 1.120989718501328447e+00
-3.349999999999994094e-01 1.121031333234946636e+00
-3.299999999999994049e-01 1.121072830073040372e+00
-3.249999999999994005e-01 1.121114209015609653e+00
-3.199999999999993960e-01 1.121155261440486051e+00
-3.149999999999993916e-01 1.121196285369983947e+00
-3.099999999999993872e-01 1.121237101992442753e+00
-3.049999999999993827e-01 1.121277770909778759e+00
-2.999999999999993783e-01 1.121318232519166180e+00
-2.949999999999993738e-01 1.121358695433678498e+00
-2.899999999999993694e-01 1.121398951037968494e+00
-2.849999999999993650e-01 1.121438939725572403e+00
-2.799999999999993605e-01 1.121478929717846462e+00
-2.749999999999993561e-01 1.121518533580506904e+00
-2.699999999999993516e-01 1.121558257956672300e+00
-2.649999999999993472e-01 1.121597596201405089e+00
-2.599999999999993427e-01 1.121636905946666651e+00
-2.549999999999993383e-01 1.121676157386041872e+00
-2.499999999999993339e-01 1.121715052490849907e+00
-2.449999999999993294e-01 1.121753770086393764e+00
-2.399999999999993250e-01 1.121792459173371448e+00
-2.349999999999993205e-01 1.121831000547495627e+00
-2.299999999999993161e-01 1.121869424001538995e+00
-2.249999999999993117e-01 1.121907580529346582e+00
-2.199999999999993072e-01 1.121945529730106195e+00
-2.149999999999993028e-01 1.121983480230988484e+00
-2.099999999999992983e-01 1.122021163794721055e+00
-2.049999999999992939e-01 1.122058699640597901e+00
-1.999999999999992895e-01 1.122096117560027473e+00
-1.949999999999992850e-01 1.122133506966798144e+00
-1.899999999999992806e-01 1.122170480426171402e+00
-1.849999999999992761e-01 1.122207425367883538e+00
-1.799999999999992717e-01 1.122244162981638205e+00
-1.749999999999992673e-01 1.122280842262676437e+00
-1.699999999999992628e-01 1.122317284411615823e+00
-1.649999999999992584e-01 1.122353578830421306e+00
-1.599999999999992539e-01 1.122389725512271674e+00
-1.549999999999992495e-01 1.122425843673732437e+00
-1.499999999999992450e-01 1.122461694886220052e+00
-1.449999999999992406e-01 1.122497308953875894e+00
-1.399999999999992362e-01 1.122532983902652326e+00
-1.349999999999992317e-01 1.122568332292808613e+00
-1.299999999999992273e-01 1.122603562748332173e+00
-1.249999999999992228e-01 1.122638556055385983e+00
-1.199999999999992184e-01 1.122673491021992653e+00
-1.149999999999992140e-01 1.122708278241639768e+00
-1.099999999999992095e-01 1.122742917716146316e+00
-1.049999999999992051e-01 1.122777260430717128e+00
-9.999999999999920064e-02 1.122811664011401867e+00
-9.499999999999919620e-02 1.122845860232751569e+00
-8.999999999999919176e-02 1.122879670286288878e+00
-8.499999999999918732e-02 1.122913660407044212e+00
-7.999999999999918288e-02 1.122947353762406841e+00
-7.499999999999917843e-02 1.122980780147423197e+00
-6.999999999999917399e-02 1.123014118381939319e+00
-6.499999999999916955e-02 1.123047368458224504e+00
-5.999999999999916511e-02 1.123080411166534454e+00
-5.499999999999916067e-02 1.123113276303279839e+00
-4.999999999999915623e-02 1.123146023481290889e+00
-4.499999999999915179e-02 1.123178622889150269e+00
-3.999999999999914735e-02 1.123210985122164551e+00
-3.499999999999914291e-02 1.123243288985627863e+00
-2.999999999999913847e-02 1.123275325868740460e+00
-2.499999999999913403e-02 1.123307453396187761e+00
-1.999999999999912959e-02 1.123339135117981336e+00
-1.499999999999912514e-02 1.123370818081235178e+00
-9.999999999999120703e-03 1.123402293651502681e+00
-4.999999999999116262e-03 1.123433591636563200e+00
8.881784197001252323e-16 1.123464801445657635e+00
5.000000000000781597e-03 1.123495833662723875e+00
1.000000000000089706e-02 1.123526628686300377e+00
1.500000000000101252e-02 1.123557514335566943e+00
2.000000000000090594e-02 1.123587954167811098e+00
2.500000000000079936e-02 1.123618365418274756e+00
3.000000000000091482e-02 1.123648599069434262e+00
3.500000000000103029e-02 1.123678684918609783e+00
4.000000000000092371e-02 1.123708593165752667e+00
4.500000000000081712e-02 1.123738472824748591e+00
5.000000000000093259e-02 1.123768025855548025e+00
5.500000000000104805e-02 1.123797520489511648e+00
6.000000000000094147e-02 1.123826837513711929e+00
6.500000000000083489e-02 1.123855976919508670e+00
7.000000000000095035e-02 1.123884968516954963e+00
7.500000000000106581e-02 1.123913782495088221e+00
8.000000000000095923e-02 1.123942448651683357e+00
8.500000000000085265e-02 1.123970996793155486e+00
9.000000000000096811e-02 1.123999367305764885e+00
9.500000000000108358e-02 1.124027679403348579e+00
1.000000000000009770e-01 1.124055754265605778e+00
1.050000000000008704e-01 1.124083591891172240e+00
1.100000000000009859e-01 1.124111371093527545e+00
1.150000000000011013e-01 1.124138942854238543e+00
1.200000000000009948e-01 1.124166366778404758e+00
1.250000000000008882e-01 1.124193642862388209e+00
1.300000000000010036e-01 1.124220800908056539e+00
1.350000000000011191e-01 1.124247751504804604e+00
1.400000000000010125e-01 1.124274613858738725e+00
1.450000000000009059e-01 1.124301268759659855e+00
1.500000000000010214e-01 1.124327746004888162e+00
1.550000000000011369e-01 1.124354075399019770e+00
1.600000000000010303e-01 1.124380256933414479e+00
1.650000000000009237e-01 1.124406290607617542e+00
1.700000000000010392e-01 1.124432206226679831e+00
1.750000000000011546e-01 1.124457884572671595e+00
1.800000000000010481e-01 1.124483474652202553e+00
1.850000000000009415e-01 1.124508887063762508e+00
1.900000000000010569e-01 1.124534211206587919e+00
1.950000000000011724e-01 1.124559327867751257e+00
2.000000000000010658e-01 1.124584237044524038e+00
2.050000000000009592e-01 1.124608998343370025e+00
2.100000000000010747e-01 1.124633671362112786e+00
2.150000000000011902e-01 1.124658166691966166e+00
2.200000000000010836e-01 1.124682365122731120e+00
2.250000000000009770e-01 1.124706594474951693e+00
2.300000000000010925e-01 1.124730616327775046e+00
2.350000000000012079e-01 1.124754400874786064e+00
2.400000000000011013e-01 1.124778186535473345e+00
2.450000000000009948e-01 1.124801645476105172e+00
2.500000000000011102e-01 1.124825135325914438e+00
2.550000000000012257e-01 1.124848507069196479e+00
2.600000000000011191e-01 1.124871403073535170e+00
2.650000000000010125e-01 1.124894270371947336e+00
2.700000000000011280e-01 1.124917138760843649e+00
2.750000000000012434e-01 1.124939740020686862e+00
2.800000000000011369e-01 1.124962282767278943e+00
2.850000000000010303e-01 1.124984528575674325e+00
2.900000000000011458e-01 1.125006596646067614e+00
2.950000000000012612e-01 1.125028665798759597e+00
3.000000000000011546e-01 1.125050438000976705e+00
3.050000000000010481e-01 1.125072121867611408e+00
3.100000000000011635e-01 1.125093657790835699e+00
3.150000000000012790e-01 1.125115075572971968e+00
3.200000000000011724e-01 1.125136166589578046e+00
3.250000000000010658e-01 1.125157377873670761e+00
3.300000000000011813e-01 1.125178202787588511e+00
3.350000000000012967e-01 1.125198969145054129e+00
3.400000000000011902e-01 1.125219498136226015e+00
3.450000000000010836e-01 1.125239938764075909e+00
3.500000000000011990e-01 1.125260231426232771e+00
3.550000000000013145e-01 1.125280256903402609e+00
3.600000000000012079e-01 1.125300372825273065e+00
3.650000000000011013e-01 1.125320102346955231e+00
3.700000000000012168e-01 1.125339683891575682e+00
3.750000000000013323e-01 1.125359296261245312e+00
3.800000000000012257e-01 1.125378581827185975e+00
3.850000000000011191e-01 1.125397808809389666e+00
3.900000000000012346e-01 1.125416798385736605e+00
3.950000000000013500e-01 1.125435729371525362e+00
4.000000000000012434e-01 1.125454452750596523e+00
4.050000000000011369e-01 1.125472998315268036e+00
4.100000000000012523e-01 1.125491395875138245e+00
4.150000000000013678e-01 1.125509556014145041e+00
4.200000000000012612e-01 1.125527717143136819e+00
4.250000000000011546e-01 1.125545670650404340e+00
4.300000000000012701e-01 1.125563327120340240e+00
4.350000000000013856e-01 1.125581044174446710e+00
4.400000000000012790e-01 1.125598583396873131e+00
4.450000000000011724e-01 1.125615825573327733e+00
4.500000000000012879e-01 1.125633038919709783e+00
4.550000000000014033e-01 1.125650014813850852e+00
4.600000000000012967e-01 1.125666872467314228e+00
4.650000000000011902e-01 1.125683522459490327e+00
4.700000000000013056e-01 1.125700084005580415e+00
4.750000000000014211e-01 1.125716378279826735e+00
4.800000000000013145e-01 1.125732703310910132e+00
4.850000000000012079e-01 1.125748731266008384e+00
4.900000000000013234e-01 1.125764611143545757e+00
4.950000000000014388e-01 1.125780402558626214e+00
5.000000000000013323e-01 1.125796016092913909e+00
5.050000000000012257e-01 1.125811481541455272e+00
5.100000000000013411e-01 1.125826769103292158e+00
5.150000000000014566e-01 1.125841878776605576e+00
5.200000000000013500e-01 1.125856840351894483e+00
5.250000000000012434e-01 1.125871802843954050e+00
5.300000000000013589e-01 1.125886349016632870e+00
5.350000000000014744e-01 1.125900925893852822e+00
5.400000000000013678e-01 1.125915295054761067e+00
5.450000000000012612e-01 1.125929545905870022e+00
5.500000000000013767e-01 1.125943559231523672e+00
5.550000000000014921e-01 1.125957424436415444e+00
5.600000000000013856e-01 1.125971111713675477e+00
5.650000000000012790e-01 1.125984621055118318e+00
5.700000000000013944e-01 1.125998041867711130e+00
5.750000000000015099e-01 1.126011403950593071e+00
5.800000000000014033e-01 1.126024468873816353e+00
5.850000000000012967e-01 1.126037385653540390e+00
5.900000000000014122e-01 1.126050243687637398e+00
5.950000000000015277e-01 1.126062834357122178e+00
6.000000000000014211e-01 1.126075425878348746e+00
6.050000000000013145e-01 1.126087601011072969e+00
6.100000000000014300e-01 1.126099806796042380e+00
6.150000000000015454e-01 1.126111953805826182e+00
6.200000000000014388e-01 1.126123744026295448e+00
6.250000000000013323e-01 1.126135445669256718e+00
6.300000000000014477e-01 1.126147088533394403e+00
6.350000000000015632e-01 1.126158434193762936e+00
6.400000000000014566e-01 1.126169661460658666e+00
6.450000000000013500e-01 1.126180800129128023e+00
6.500000000000014655e-01 1.126191581981907497e+00
6.550000000000015810e-01 1.126202424237868094e+00
6.600000000000014744e-01 1.126213058679746304e+00
6.650000000000013678e-01 1.126223515101224315e+00
6.700000000000014833e-01 1.126233823298712799e+00
6.750000000000015987e-01 1.126243983265845294e+00
6.800000000000014921e-01 1.126254024805853682e+00
6.850000000000013856e-01 1.126263769097072931e+00
6.900000000000015010e-01 1.126273543961411328e+00
6.950000000000016165e-01 1.126283110973923307e+00
7.000000000000015099e-01 1.126292470131880386e+00
7.050000000000014033e-01 1.126301651234876466e+00
7.100000000000015188e-01 1.126310713878916125e+00
7.150000000000016342e-01 1.126319598448895398e+00
7.200000000000015277e-01 1.126328334755322125e+00
7.250000000000014211e-01 1.126336922784553884e+00
7.300000000000015365e-01 1.126345422143054442e+00
7.350000000000016520e-01 1.126353594399511771e+00
7.400000000000015454e-01 1.126361797182704017e+00
7.450000000000014388e-01 1.126369702660718453e+00
7.500000000000015543e-01 1.126377519442535835e+00
7.550000000000016698e-01 1.126385217723560039e+00
7.600000000000015632e-01 1.126392827298382748e+00
7.650000000000014566e-01 1.126400109749789102e+00
7.700000000000015721e-01 1.126407363088270053e+00
7.750000000000016875e-01 1.126414319090195626e+00
7.800000000000015810e-01 1.126421156569954896e+00
7.850000000000014744e-01 1.126427964923601088e+00
7.900000000000015898e-01 1.126434505728007629e+00
7.950000000000017053e-01 1.126440838585090809e+00
8.000000000000015987e-01 1.126447142299235260e+00
8.050000000000014921e-01 1.126453238057870898e+00
8.100000000000016076e-01 1.126459155649222943e+00
8.150000000000017231e-01 1.126464865276880722e+00
8.200000000000016165e-01 1.126470694754112323e+00
8.250000000000015099e-01 1.126476048029922516e+00
8.300000000000016254e-01 1.126481372136873382e+00
8.350000000000017408e-01 1.126486607460315703e+00
8.400000000000016342e-01 1.126491634792778918e+00
8.450000000000015277e-01 1.126496424318752965e+00
8.500000000000016431e-01 1.126501184647218601e+00
8.550000000000017586e-01 1.126505647559093326e+00
8.600000000000016520e-01 1.126510081278007114e+00
8.650000000000015454e-01 1.126514366570568804e+00
8.700000000000016609e-01 1.126518473643550955e+00
8.750000000000017764e-01 1.126522372675986539e+00
8.800000000000016698e-01 1.126526093477928647e+00
8.850000000000015632e-01 1.126529785054168009e+00
8.900000000000016787e-01 1.126533149366019337e+00
8.950000000000017941e-01 1.126536424831152239e+00
9.000000000000016875e-01 1.126539671052392499e+00
9.050000000000015810e-01 1.126542560191915676e+00
9.100000000000016964e-01 1.126545390277947867e+00
9.150000000000018119e-01 1.126548131493160021e+00
9.200000000000017053e-01 1.126550694425128007e+00
9.250000000000015987e-01 1.126553079078399300e+00
9.300000000000017142e-01 1.126555225831503471e+00
9.350000000000018296e-01 1.126557313499739088e+00
9.400000000000017231e-01 1.126559163257803142e+00
9.450000000000016165e-01 1.126560864508570070e+00
9.500000000000017319e-01 1.126562447051633775e+00
9.550000000000018474e-01 1.126563881076941165e+00
9.600000000000017408e-01 1.126565136777167631e+00
9.650000000000016342e-01 1.126566273747408253e+00
9.700000000000017497e-01 1.126567321788621179e+00
9.750000000000018652e-01 1.126568161686969383e+00
9.800000000000017586e-01 1.126568763630126035e+00
9.850000000000016520e-01 1.126569127616726895e+00
9.900000000000017675e-01 1.126569551659991397e+00
9.950000000000018829e-01 1.126569827135932123e+00
1.000000000000001776e+00 1.126569711920404337e+00
