-1.000000000000000000e+00 -5.914947192650288343e-02
-9.949999999999999956e-01 -5.921165839481545845e-02
-9.899999999999999911e-01 -5.927366726018590271e-02
-9.849999999999999867e-01 -5.933546873120576493e-02
-9.799999999999999822e-01 -5.939730122554465197e-02
-9.749999999999999778e-01 -5.945880712170037441e-02
-9.699999999999999734e-01 -5.952028443925883039e-02
-9.649999999999999689e-01 -5.958149476191465510e-02
-9.599999999999999645e-01 -5.964258710855574463e-02
-9.549999999999999600e-01 -5.970347207312443061e-02
-9.499999999999999556e-01 -5.976417945475986926e-02
-9.449999999999999512e-01 -5.982500727714068489e-02
-9.399999999999999467e-01 -5.988535950837103883e-02
-9.349999999999999423e-01 -5.994583218034676975e-02
-9.299999999999999378e-01 -6.000588886445257231e-02
-9.249999999999999334e-01 -6.006588718446437269e-02
-9.199999999999999289e-01 -6.012576754073961638e-02
-9.149999999999999245e-01 -6.018555973878392251e-02
-9.099999999999999201e-01 -6.024508495875124936e-02
-9.049999999999999156e-01 -6.030452202639935422e-02
-8.999999999999999112e-01 -6.036369211915371125e-02
-8.949999999999999067e-01 -6.042271445858204970e-02
-8.899999999999999023e-01 -6.048173805083933985e-02
-8.849999999999998979e-01 -6.054040527124016080e-02
-8.799999999999998934e-01 -6.059901414346313686e-02
-8.749999999999998890e-01 -6.065750506695621880e-02
-8.699999999999998845e-01 -6.071581843661988387e-02
-8.649999999999998801e-01 -6.077389465099258814e-02
-8.599999999999998757e-01 -6.083182311613200000e-02
-8.549999999999998712e-01 -6.088969324309800868e-02
-8.499999999999998668e-01 -6.094735602346190717e-02
-8.449999999999998623e-01 -6.100490086009813240e-02
-8.399999999999998579e-01 -6.106226815154514043e-02
-8.349999999999998535e-01 -6.111936849356425228e-02
-8.299999999999998490e-01 -6.117647010978544131e-02
-8.249999999999998446e-01 -6.123333458162960596e-02
-8.199999999999998401e-01 -6.129005131424491992e-02
-8.149999999999998357e-01 -6.134667991909736884e-02
-8.099999999999998312e-01 -6.140316078926844057e-02
-8.049999999999998268e-01 -6.145934491541993339e-02
-7.999999999999998224e-01 -6.151547071931418031e-02
-7.949999999999998179e-01 -6.157138918752025347e-02
-7.899999999999998135e-01 -6.162718972882430535e-02
-7.849999999999998090e-01 -6.168293194696161663e-02
-7.799999999999998046e-01 -6.173846684032469057e-02
-7.749999999999998002e-01 -6.179373479380956269e-02
-7.699999999999997957e-01 -6.184885502489123610e-02
-7.649999999999997913e-01 -6.190385733771108789e-02
-7.599999999999997868e-01 -6.195883113832678646e-02
-7.549999999999997824e-01 -6.201347839942172868e-02
-7.499999999999997780e-01 -6.206806735099235084e-02
-7.449999999999997735e-01 -6.212235957400480402e-02
-7.399999999999997691e-01 -6.217665308849973371e-02
-7.349999999999997646e-01 -6.223067967994211358e-02
-7.299999999999997602e-01 -6.228470756423121202e-02
-7.249999999999997558e-01 -6.233840892218722729e-02
-7.199999999999997513e-01 -6.239214138258830644e-02
-7.149999999999997469e-01 -6.244551751160543063e-02
-7.099999999999997424e-01 -6.249877573281992227e-02
-7.049999999999997380e-01 -6.255203525188335334e-02
-6.999999999999997335e-01 -6.260496825143491151e-02
-6.949999999999997291e-01 -6.265781314095875132e-02
-6.899999999999997247e-01 -6.271059973369119689e-02
-6.849999999999997202e-01 -6.276305980281904340e-02
-6.799999999999997158e-01 -6.281555097893942730e-02
-6.749999999999997113e-01 -6.286759642898687162e-02
-6.699999999999997069e-01 -6.291970278880398837e-02
-6.649999999999997025e-01 -6.297160183612504625e-02
-6.599999999999996980e-01 -6.302326377817735192e-02
-6.549999999999996936e-01 -6.307492702580930199e-02
-6.499999999999996891e-01 -6.312629355988974567e-02
-6.449999999999996847e-01 -6.317763160632239305e-02
-6.399999999999996803e-01 -6.322879214167187456e-02
-6.349999999999996758e-01 -6.327965597165530198e-02
-6.299999999999996714e-01 -6.333052110767312115e-02
-6.249999999999996669e-01 -6.338120874443120556e-02
-6.199999999999996625e-01 -6.343171888147480786e-02
-6.149999999999996581e-01 -6.348196210592504940e-02
-6.099999999999996536e-01 -6.353220665187109262e-02
-6.049999999999996492e-01 -6.358227369400992757e-02
-5.999999999999996447e-01 -6.363213343547613476e-02
-5.949999999999996403e-01 -6.368178587672446156e-02
-5.899999999999996358e-01 -6.373138002754785703e-02
-5.849999999999996314e-01 -6.378079668502323329e-02
-5.799999999999996270e-01 -6.383009544697415549e-02
-5.749999999999996225e-01 -6.387921671012009028e-02
-5.699999999999996181e-01 -6.392813067395763937e-02
-5.649999999999996136e-01 -6.397692675136568141e-02
-5.599999999999996092e-01 -6.402557512865314493e-02
-5.549999999999996048e-01 -6.407401621254393831e-02
-5.499999999999996003e-01 -6.412224999439786188e-02
-5.449999999999995959e-01 -6.417048510229506064e-02
-5.399999999999995914e-01 -6.421851290815538960e-02
-5.349999999999995870e-01 -6.426633341652632225e-02
-5.299999999999995826e-01 -6.431406584079013555e-02
-5.249999999999995781e-01 -6.436159096301707905e-02
-5.199999999999995737e-01 -6.440905780664252234e-02
-5.149999999999995692e-01 -6.445625774176733103e-02
-5.099999999999995648e-01 -6.450322058481106069e-02
-5.049999999999995604e-01 -6.455012514106783783e-02
-4.999999999999995559e-01 -6.459697141508513596e-02
-4.949999999999995515e-01 -6.464358058565267129e-02
-4.899999999999995470e-01 -6.469001226560067153e-02
-4.849999999999995426e-01 -6.473635585825832095e-02
-4.799999999999995381e-01 -6.478240274918789510e-02
-4.749999999999995337e-01 -6.482839135696849553e-02
-4.699999999999995293e-01 -6.487426206876989454e-02
-4.649999999999995248e-01 -6.491989569030920393e-02
-4.599999999999995204e-01 -6.496547102597105550e-02
-4.549999999999995159e-01 -6.501089866651454940e-02
-4.499999999999995115e-01 -6.505608921088423813e-02
-4.449999999999995071e-01 -6.510095324938447447e-02
-4.399999999999995026e-01 -6.514593781412258977e-02
-4.349999999999994982e-01 -6.519068528177740518e-02
-4.299999999999994937e-01 -6.523522545148807694e-02
-4.249999999999994893e-01 -6.527970733668553294e-02
-4.199999999999994849e-01 -6.532392231565609109e-02
-4.149999999999994804e-01 -6.536795980264287209e-02
-4.099999999999994760e-01 -6.541199860748747597e-02
-4.049999999999994715e-01 -6.545574070651127840e-02
-3.999999999999994671e-01 -6.549942451920287567e-02
-3.949999999999994627e-01 -6.554296063586662058e-02
-3.899999999999994582e-01 -6.558625965044484474e-02
-3.849999999999994538e-01 -6.562950038096460048e-02
-3.799999999999994493e-01 -6.567241459697470418e-02
-3.749999999999994449e-01 -6.571541953553605708e-02
-3.699999999999994404e-01 -6.575812776918610325e-02
-3.649999999999994360e-01 -6.580059889529366046e-02
-3.599999999999994316e-01 -6.584295212996948976e-02
-3.549999999999994271e-01 -6.588521726780527388e-02
-3.499999999999994227e-01 -6.592733470915845828e-02
-3.449999999999994182e-01 -6.596918523973727133e-02
-3.399999999999994138e-01 -6.601100728630626691e-02
-3.349999999999994094e-01 -6.605262202174344566e-02
-3.299999999999994049e-01 -6.609411885892768623e-02
-3.249999999999994005e-01 -6.613549780149696744e-02
-3.199999999999993960e-01 -6.617655022455437575e-02
-3.149999999999993916e-01 -6.621757415587126161e-02
-3.099999999999993872e-01 -6.625839077833006741e-02
-3.049999999999993827e-01 -6.629905969566607382e-02
-2.999999999999993783e-01 -6.633952130505349487e-02
-2.949999999999993738e-01 -6.637998421956581296e-02
-2.899999999999993694e-01 -6.642023982385580894e-02
-2.849999999999993650e-01 -6.646022851236921269e-02
-2.799999999999993605e-01 -6.650021850373377674e-02
-2.749999999999993561e-01 -6.653982236730371369e-02
-2.699999999999993516e-01 -6.657954674165011966e-02
-2.649999999999993472e-01 -6.661888498820189852e-02
-2.599999999999993427e-01 -6.665819473437295528e-02
-2.549999999999993383e-01 -6.669744617192918668e-02
-2.499999999999993339e-01 -6.673634127673722105e-02
-2.449999999999993294e-01 -6.677505887319057365e-02
-2.399999999999993250e-01 -6.681374795925876242e-02
-2.349999999999993205e-01 -6.685228933429243625e-02
-2.299999999999993161e-01 -6.689071278742630966e-02
-2.249999999999993117e-01 -6.692886931614339119e-02
-2.199999999999993072e-01 -6.696681851872199331e-02
-2.149999999999993028e-01 -6.700476901687579812e-02
-2.099999999999992983e-01 -6.704245258151786402e-02
-2.049999999999992939e-01 -6.707998842739471002e-02
-1.999999999999992895e-01 -6.711740634864327149e-02
-1.949999999999992850e-01 -6.715479575359495357e-02
-1.899999999999992806e-01 -6.719176921387770562e-02
-1.849999999999992761e-01 -6.722871415558984154e-02
-1.799999999999992717e-01 -6.726545176843501395e-02
-1.749999999999992673e-01 -6.730213105038274080e-02
-1.699999999999992628e-01 -6.733857320023162174e-02
-1.649999999999992584e-01 -6.737486761903710430e-02
-1.599999999999992539e-01 -6.741101430179696763e-02
-1.549999999999992495e-01 -6.744713246143874130e-02
-1.499999999999992450e-01 -6.748298367483585025e-02
-1.449999999999992406e-01 -6.751859774340118747e-02
-1.399999999999992362e-01 -6.755427269126812462e-02
-1.349999999999992317e-01 -6.758962108324340079e-02
-1.299999999999992273e-01 -6.762485153876696131e-02
-1.249999999999992228e-01 -6.765984484491127660e-02
-1.199999999999992184e-01 -6.769477981151794665e-02
-1.149999999999992140e-01 -6.772956703025556635e-02
-1.099999999999992095e-01 -6.776420650567160919e-02
-1.049999999999992051e-01 -6.779854921933292644e-02
-9.999999999999920064e-02 -6.783295280001766514e-02
-9.499999999999919620e-02 -6.786714902227686252e-02
-8.999999999999919176e-02 -6.790095907581417123e-02
-8.499999999999918732e-02 -6.793494919747899985e-02
-7.999999999999918288e-02 -6.796864255284162937e-02
-7.499999999999917843e-02 -6.800206893694848986e-02
-6.999999999999917399e-02 -6.803540717146461247e-02
-6.499999999999916955e-02 -6.806865724774979753e-02
-5.999999999999916511e-02 -6.810169995605974691e-02
-5.499999999999916067e-02 -6.813456509371462744e-02
-4.999999999999915623e-02 -6.816731227172567742e-02
-4.499999999999915179e-02 -6.819991167867556214e-02
-3.999999999999914735e-02 -6.823227391168984468e-02
-3.499999999999914291e-02 -6.826457777697214624e-02
-2.999999999999913847e-02 -6.829661465826575295e-02
-2.499999999999913403e-02 -6.832874218571305391e-02
-1.999999999999912959e-02 -6.836042390932561830e-02
-1.499999999999912514e-02 -6.839210687166996649e-02
-9.999999999999120703e-03 -6.842358244193746941e-02
-4.999999999999116262e-03 -6.845488042881697766e-02
8.881784197001252323e-16 -6.848609023700191756e-02
5.000000000000781597e-03 -6.851712245315866312e-02
1.000000000000089706e-02 -6.854791747764465981e-02
1.500000000000101252e-02 -6.857880312600173056e-02
2.000000000000090594e-02 -6.860924296006487566e-02
2.500000000000079936e-02 -6.863965420961903874e-02
3.000000000000091482e-02 -6.866988786077854456e-02
3.500000000000103029e-02 -6.869997371086355997e-02
4.000000000000092371e-02 -6.872988195891593932e-02
4.500000000000081712e-02 -6.875976161700236844e-02
5.000000000000093259e-02 -6.878931464780180249e-02
5.500000000000104805e-02 -6.881880928176542511e-02
6.000000000000094147e-02 -6.884812630596570671e-02
6.500000000000083489e-02 -6.887726571267194231e-02
7.000000000000095035e-02 -6.890625731011823518e-02
7.500000000000106581e-02 -6.893507128643250326e-02
8.000000000000095923e-02 -6.896373744484662893e-02
8.500000000000085265e-02 -6.899228558449976845e-02
9.000000000000096811e-02 -6.902065609801866231e-02
9.500000000000108358e-02 -6.904896819560235599e-02
1.000000000000009770e-01 -6.907704305785955512e-02
1.050000000000008704e-01 -6.910488068342601764e-02
1.100000000000009859e-01 -6.913265988578132237e-02
1.150000000000011013e-01 -6.916023164922080468e-02
1.200000000000009948e-01 -6.918765557156802970e-02
1.250000000000008882e-01 -6.921493165646097623e-02
1.300000000000010036e-01 -6.924208970031031640e-02
1.350000000000011191e-01 -6.926904029887737124e-02
1.400000000000010125e-01 -6.929590265372098656e-02
1.450000000000009059e-01 -6.932255755373262218e-02
1.500000000000010214e-01 -6.934903479896092904e-02
1.550000000000011369e-01 -6.937536419400203158e-02
1.600000000000010303e-01 -6.940154572657775134e-02
1.650000000000009237e-01 -6.942757940078081447e-02
1.700000000000010392e-01 -6.945349502075259807e-02
1.750000000000011546e-01 -6.947917336492537288e-02
1.800000000000010481e-01 -6.950476344718481414e-02
1.850000000000009415e-01 -6.953017585874476936e-02
1.900000000000010569e-01 -6.955550000157018076e-02
1.950000000000011724e-01 -6.958061666182402405e-02
2.000000000000010658e-01 -6.960552584041579394e-02
2.050000000000009592e-01 -6.963028713835228700e-02
2.100000000000010747e-01 -6.965496015709504718e-02
2.150000000000011902e-01 -6.967945548694842728e-02
2.200000000000010836e-01 -6.970365391771338182e-02
2.250000000000009770e-01 -6.972788326993395458e-02
2.300000000000010925e-01 -6.975190512275730725e-02
2.350000000000012079e-01 -6.977568966885883128e-02
2.400000000000011013e-01 -6.979947533045560704e-02
2.450000000000009948e-01 -6.982293427199692815e-02
2.500000000000011102e-01 -6.984642412180619431e-02
2.550000000000012257e-01 -6.986979586326924618e-02
2.600000000000011191e-01 -6.989269186942692613e-02
2.650000000000010125e-01 -6.991555916783909197e-02
2.700000000000011280e-01 -6.993842755764489993e-02
2.750000000000012434e-01 -6.996102881748811342e-02
2.800000000000011369e-01 -6.998357156317069894e-02
2.850000000000010303e-01 -7.000581737247557612e-02
2.900000000000011458e-01 -7.002788544195936993e-02
2.950000000000012612e-01 -7.004995459556084825e-02
3.000000000000011546e-01 -7.007172679777795565e-02
3.050000000000010481e-01 -7.009341066441265866e-02
3.100000000000011635e-01 -7.011494658763695043e-02
3.150000000000012790e-01 -7.013636436886372394e-02
3.200000000000011724e-01 -7.015745538546980242e-02
3.250000000000010658e-01 -7.017866667138150660e-02
3.300000000000011813e-01 -7.019949158438976156e-02
3.350000000000012967e-01 -7.022025794185537961e-02
3.400000000000011902e-01 -7.024078693302726606e-02
3.450000000000010836e-01 -7.026122756087715970e-02
3.500000000000011990e-01 -7.028152022212452721e-02
3.550000000000013145e-01 -7.030154570020386018e-02
3.600000000000012079e-01 -7.032166162207431626e-02
3.650000000000011013e-01 -7.034139114466597675e-02
3.700000000000012168e-01 -7.036097268837693264e-02
3.750000000000013323e-01 -7.038058505895605776e-02
3.800000000000012257e-01 -7.039987062580621568e-02
3.850000000000011191e-01 -7.041909760619091685e-02
3.900000000000012346e-01 -7.043808718344735098e-02
3.950000000000013500e-01 -7.045701817014560220e-02
4.000000000000012434e-01 -7.047574154921676381e-02
4.050000000000011369e-01 -7.049428711388827651e-02
4.100000000000012523e-01 -7.051268467375848559e-02
4.150000000000013678e-01 -7.053084481185578625e-02
4.200000000000012612e-01 -7.054900594084756449e-02
4.250000000000011546e-01 -7.056695944811508525e-02
4.300000000000012701e-01 -7.058461591805098578e-02
4.350000000000013856e-01 -7.060233297306695022e-02
4.400000000000012790e-01 -7.061987219549337169e-02
4.450000000000011724e-01 -7.063711437194797327e-02
4.500000000000012879e-01 -7.065432771923951805e-02
4.550000000000014033e-01 -7.067130361338058719e-02
4.600000000000012967e-01 -7.068816126593446825e-02
4.650000000000011902e-01 -7.070481125811056700e-02
4.700000000000013056e-01 -7.072137280420065508e-02
4.750000000000014211e-01 -7.073766708026596461e-02
4.800000000000013145e-01 -7.075399211043986725e-02
4.850000000000012079e-01 -7.077002006462862482e-02
4.900000000000013234e-01 -7.078589994307549205e-02
4.950000000000014388e-01 -7.080169135815594927e-02
5.000000000000013323e-01 -7.081730489335313905e-02
5.050000000000012257e-01 -7.083277034098500735e-02
5.100000000000013411e-01 -7.084805790373138734e-02
5.150000000000014566e-01 -7.086316757704480551e-02
5.200000000000013500e-01 -7.087812915324320784e-02
5.250000000000012434e-01 -7.089309164439328015e-02
5.300000000000013589e-01 -7.090763781707210001e-02
5.350000000000014744e-01 -7.092221469429205172e-02
5.400000000000013678e-01 -7.093658385610979167e-02
5.450000000000012612e-01 -7.095083470630925149e-02
5.500000000000013767e-01 -7.096484803287239629e-02
5.550000000000014921e-01 -7.097871323867366300e-02
5.600000000000013856e-01 -7.099240051411470631e-02
5.650000000000012790e-01 -7.100590985737653682e-02
5.700000000000013944e-01 -7.101933066905985470e-02
5.750000000000015099e-01 -7.103269275103230029e-02
5.800000000000014033e-01 -7.104575767607457237e-02
5.850000000000012967e-01 -7.105867445579860942e-02
5.900000000000014122e-01 -7.107153248989561689e-02
5.950000000000015277e-01 -7.108412315756140742e-02
6.000000000000014211e-01 -7.109671467969747027e-02
6.050000000000013145e-01 -7.110888981424068334e-02
6.100000000000014300e-01 -7.112109559739110409e-02
6.150000000000015454e-01 -7.113324260626541218e-02
6.200000000000014388e-01 -7.114503282764417236e-02
6.250000000000013323e-01 -7.115673447060544277e-02
6.300000000000014477e-01 -7.116837733656211640e-02
6.350000000000015632e-01 -7.117972299511166057e-02
6.400000000000014566e-01 -7.119095026200739085e-02
6.450000000000013500e-01 -7.120208893138624262e-02
6.500000000000014655e-01 -7.121287078416571603e-02
6.550000000000015810e-01 -7.122371304012631299e-02
6.600000000000014744e-01 -7.123434748109502834e-02
6.650000000000013678e-01 -7.124480390348253422e-02
6.700000000000014833e-01 -7.125511210097101866e-02
6.750000000000015987e-01 -7.126527206810351345e-02
6.800000000000014921e-01 -7.127531360811190098e-02
6.850000000000013856e-01 -7.128505790024064481e-02
6.900000000000015010e-01 -7.129483276457904140e-02
6.950000000000016165e-01 -7.130439977618152625e-02
7.000000000000015099e-01 -7.131375893504809937e-02
7.050000000000014033e-01 -7.132294003622519085e-02
7.100000000000015188e-01 -7.133200268026484991e-02
7.150000000000016342e-01 -7.134088725297260680e-02
7.200000000000015277e-01 -7.134962355848983862e-02
7.250000000000014211e-01 -7.135821158772159833e-02
7.300000000000015365e-01 -7.136671094622215605e-02
7.350000000000016520e-01 -7.137488320267948438e-02
7.400000000000015454e-01 -7.138308598587173037e-02
7.450000000000014388e-01 -7.139099146388616646e-02
7.500000000000015543e-01 -7.139880824570354889e-02
7.550000000000016698e-01 -7.140650652672775323e-02
7.600000000000015632e-01 -7.141411610245995689e-02
7.650000000000014566e-01 -7.142139855204732157e-02
7.700000000000015721e-01 -7.142865189143776661e-02
7.750000000000016875e-01 -7.143560789427283453e-02
7.800000000000015810e-01 -7.144244537403210416e-02
7.850000000000014744e-01 -7.144925372676880215e-02
7.900000000000015898e-01 -7.145579453208483756e-02
7.950000000000017053e-01 -7.146212738734902814e-02
8.000000000000015987e-01 -7.146843110240297392e-02
8.050000000000014921e-01 -7.147452686103861197e-02
8.100000000000016076e-01 -7.148044445330015151e-02
8.150000000000017231e-01 -7.148615408004843630e-02
8.200000000000016165e-01 -7.149198355909902602e-02
8.250000000000015099e-01 -7.149733683490921976e-02
8.300000000000016254e-01 -7.150266094004109618e-02
8.350000000000017408e-01 -7.150789626530240639e-02
8.400000000000016342e-01 -7.151292359503713669e-02
8.450000000000015277e-01 -7.151771312101118383e-02
8.500000000000016431e-01 -7.152247345129580935e-02
8.550000000000017586e-01 -7.152693636408002931e-02
8.600000000000016520e-01 -7.153137008208432235e-02
8.650000000000015454e-01 -7.153565537464601221e-02
8.700000000000016609e-01 -7.153976244762816350e-02
8.750000000000017764e-01 -7.154366148097324185e-02
8.800000000000016698e-01 -7.154738228200585581e-02
8.850000000000015632e-01 -7.155107385733572301e-02
8.900000000000016787e-01 -7.155443816918705124e-02
8.950000000000017941e-01 -7.155771363522944739e-02
9.000000000000016875e-01 -7.156095985556021333e-02
9.050000000000015810e-01 -7.156384899690237944e-02
9.100000000000016964e-01 -7.156667908202507533e-02
9.150000000000018119e-01 -7.156942029723722953e-02
9.200000000000017053e-01 -7.157198322920521605e-02
9.250000000000015987e-01 -7.157436788247650838e-02
9.300000000000017142e-01 -7.157651463649017387e-02
9.350000000000018296e-01 -7.157860230290680192e-02
9.400000000000017231e-01 -7.158045206097085611e-02
9.450000000000016165e-01 -7.158215331264727865e-02
9.500000000000017319e-01 -7.158373585571098374e-02
9.550000000000018474e-01 -7.158516988192786812e-02
9.600000000000017408e-01 -7.158642558215433382e-02
9.650000000000016342e-01 -7.158756255239495658e-02
9.700000000000017497e-01 -7.158861059269838734e-02
9.750000000000018652e-01 -7.158945049195608590e-02
9.800000000000017586e-01 -7.159005243602223345e-02
9.850000000000016520e-01 -7.159041642080410384e-02
9.900000000000017675e-01 -7.159084046406860580e-02
9.950000000000018829e-01 -7.159111594000933110e-02
1.000000000000001776e+00 -7.159100072448154606e-02
