-1.000000000000000000e+00 2.503921198742760534e+00
-9.949999999999999956e-01 2.470939780479358472e+00
-9.899999999999999911e-01 2.438108672053326487e+00
-9.849999999999999867e-01 2.405427873464660582e+00
-9.799999999999999822e-01 2.372897384713363866e+00
-9.749999999999999778e-01 2.340517205799434564e+00
-9.699999999999999734e-01 2.308287336722871785e+00
-9.649999999999999689e-01 2.276207777483678640e+00
-9.599999999999999645e-01 2.244278528081852020e+00
-9.549999999999999600e-01 2.212499588517392368e+00
-9.499999999999999556e-01 2.180870958790303238e+00
-9.449999999999999512e-01 2.149392638900579744e+00
-9.399999999999999467e-01 2.118064628848224107e+00
-9.349999999999999423e-01 2.086886928633237659e+00
-9.299999999999999378e-01 2.055859538255617736e+00
-9.249999999999999334e-01 2.024982457715366557e+00
-9.199999999999999289e-01 1.994255687012482348e+00
-9.149999999999999245e-01 1.963679226146965773e+00
-9.099999999999999201e-01 1.933253075118818387e+00
-9.049999999999999156e-01 1.902977233928037304e+00
-8.999999999999999112e-01 1.872851702574624744e+00
-8.949999999999999067e-01 1.842876481058579596e+00
-8.899999999999999023e-01 1.813051569379902084e+00
-8.849999999999998979e-01 1.783376967538593538e+00
-8.799999999999998934e-01 1.753852675534651295e+00
-8.749999999999998890e-01 1.724478693368077131e+00
-8.699999999999998845e-01 1.695255021038871934e+00
-8.649999999999998801e-01 1.666181658547033040e+00
-8.599999999999998757e-01 1.637258605892562224e+00
-8.549999999999998712e-01 1.608485863075460376e+00
-8.499999999999998668e-01 1.579863430095724830e+00
-8.449999999999998623e-01 1.551391306953358917e+00
-8.399999999999998579e-01 1.523069493648359085e+00
-8.349999999999998535e-01 1.494897990180727110e+00
-8.299999999999998490e-01 1.466876796550464324e+00
-8.249999999999998446e-01 1.439005912757568062e+00
-8.199999999999998401e-01 1.411285338802040101e+00
-8.149999999999998357e-01 1.383715074683879553e+00
-8.099999999999998312e-01 1.356295120403086640e+00
-8.049999999999998268e-01 1.329025475959662694e+00
-7.999999999999998224e-01 1.301906141353605495e+00
-7.949999999999998179e-01 1.274937116584915930e+00
-7.899999999999998135e-01 1.248118401653595333e+00
-7.849999999999998090e-01 1.221449996559641038e+00
-7.799999999999998046e-01 1.194931901303056154e+00
-7.749999999999998002e-01 1.168564115883837573e+00
-7.699999999999997957e-01 1.142346640301987071e+00
-7.649999999999997913e-01 1.116279474557504425e+00
-7.599999999999997868e-01 1.090362618650390525e+00
-7.549999999999997824e-01 1.064596072580644037e+00
-7.499999999999997780e-01 1.038979836348264518e+00
-7.449999999999997735e-01 1.013513909953253300e+00
-7.399999999999997691e-01 9.881982933956091619e-01
-7.349999999999997646e-01 9.630329866753344348e-01
-7.299999999999997602e-01 9.380179897924261212e-01
-7.249999999999997558e-01 9.131533027468866637e-01
-7.199999999999997513e-01 8.884389255387140638e-01
-7.149999999999997469e-01 8.638748581679092098e-01
-7.099999999999997424e-01 8.394611006344731008e-01
-7.049999999999997380e-01 8.151976529384039605e-01
-6.999999999999997335e-01 7.910845150797027880e-01
-6.949999999999997291e-01 7.671216870583694725e-01
-6.899999999999997247e-01 7.433091688744036807e-01
-6.849999999999997202e-01 7.196469605278059678e-01
-6.799999999999997158e-01 6.961350620185763338e-01
-6.749999999999997113e-01 6.727734733467141126e-01
-6.699999999999997069e-01 6.495621945122199703e-01
-6.649999999999997025e-01 6.265012255150930187e-01
-6.599999999999996980e-01 6.035905663553343681e-01
-6.549999999999996936e-01 5.808302170329434633e-01
-6.499999999999996891e-01 5.582201775479198602e-01
-6.449999999999996847e-01 5.357604479002646691e-01
-6.399999999999996803e-01 5.134510280899771129e-01
-6.349999999999996758e-01 4.912919181170573579e-01
-6.299999999999996714e-01 4.692831179815053488e-01
-6.249999999999996669e-01 4.474246276833209190e-01
-6.199999999999996625e-01 4.257164472225046237e-01
-6.149999999999996581e-01 4.041585765990559631e-01
-6.099999999999996536e-01 3.827510158129747153e-01
-6.049999999999996492e-01 3.614937648642618240e-01
-5.999999999999996447e-01 3.403868237529165119e-01
-5.949999999999996403e-01 3.194301924789391123e-01
-5.899999999999996358e-01 2.986238710423295695e-01
-5.849999999999996314e-01 2.779678594430874949e-01
-5.799999999999996270e-01 2.574621576812132773e-01
-5.749999999999996225e-01 2.371067657567071107e-01
-5.699999999999996181e-01 2.169016836695681905e-01
-5.649999999999996136e-01 1.968469114197975434e-01
-5.599999999999996092e-01 1.769424490073948086e-01
-5.549999999999996048e-01 1.571882964323596810e-01
-5.499999999999996003e-01 1.375844536946924657e-01
-5.449999999999995959e-01 1.181309207943924411e-01
-5.399999999999995914e-01 9.882769773146073133e-02
-5.349999999999995870e-01 7.967478450589687844e-02
-5.299999999999995826e-01 6.067218111770047301e-02
-5.249999999999995781e-01 4.181988756687214648e-02
-5.199999999999995737e-01 2.311790385341147905e-02
-5.149999999999995692e-01 4.566229977318675415e-03
-5.099999999999995648e-01 -1.383513406140626095e-02
-5.049999999999995604e-01 -3.208618826276375680e-02
-4.999999999999995559e-01 -5.018693262675316680e-02
-4.949999999999995515e-01 -6.813736715337471994e-02
-4.899999999999995470e-01 -8.593749184262881868e-02
-4.849999999999995426e-01 -1.035873066945148385e-01
-4.799999999999995381e-01 -1.210868117090330015e-01
-4.749999999999995337e-01 -1.384360068861834880e-01
-4.699999999999995293e-01 -1.556348922259661316e-01
-4.649999999999995248e-01 -1.726834677283813346e-01
-4.599999999999995204e-01 -1.895817333934283200e-01
-4.549999999999995159e-01 -2.063296892211076705e-01
-4.499999999999995115e-01 -2.229273352114193862e-01
-4.449999999999995071e-01 -2.393746713643631063e-01
-4.399999999999995026e-01 -2.556716976799389696e-01
-4.349999999999994982e-01 -2.718184141581471702e-01
-4.299999999999994937e-01 -2.878148207989875140e-01
-4.249999999999994893e-01 -3.036609176024602785e-01
-4.199999999999994849e-01 -3.193567045685649641e-01
-4.149999999999994804e-01 -3.349021816973019039e-01
-4.099999999999994760e-01 -3.502973489886714309e-01
-4.049999999999994715e-01 -3.655422064426727125e-01
-3.999999999999994671e-01 -3.806367540593063037e-01
-3.949999999999994627e-01 -3.955809918385720936e-01
-3.899999999999994582e-01 -4.103749197804701376e-01
-3.849999999999994538e-01 -4.250185378850006024e-01
-3.799999999999994493e-01 -4.395118461521629882e-01
-3.749999999999994449e-01 -4.538548445819576282e-01
-3.699999999999994404e-01 -4.680475331743847445e-01
-3.649999999999994360e-01 -4.820899119294437263e-01
-3.599999999999994316e-01 -4.959819808471350178e-01
-3.549999999999994271e-01 -5.097237399274584524e-01
-3.499999999999994227e-01 -5.233151891704140857e-01
-3.449999999999994182e-01 -5.367563285760023062e-01
-3.399999999999994138e-01 -5.500471581442223368e-01
-3.349999999999994094e-01 -5.631876778750746215e-01
-3.299999999999994049e-01 -5.761778877685593825e-01
-3.249999999999994005e-01 -5.890177878246761756e-01
-3.199999999999993960e-01 -6.017073780434251118e-01
-3.149999999999993916e-01 -6.142466584248061912e-01
-3.099999999999993872e-01 -6.266356289688196357e-01
-3.049999999999993827e-01 -6.388742896754653344e-01
-2.999999999999993783e-01 -6.509626405447430653e-01
-2.949999999999993738e-01 -6.629006815766530503e-01
-2.899999999999993694e-01 -6.746884127711955115e-01
-2.849999999999993650e-01 -6.863258341283697828e-01
-2.799999999999993605e-01 -6.978129456481764192e-01
-2.749999999999993561e-01 -7.091497473306151988e-01
-2.699999999999993516e-01 -7.203362391756863436e-01
-2.649999999999993472e-01 -7.313724211833898536e-01
-2.599999999999993427e-01 -7.422582933537251737e-01
-2.549999999999993383e-01 -7.529938556866928590e-01
-2.499999999999993339e-01 -7.635791081822929094e-01
-2.449999999999993294e-01 -7.740140508405249919e-01
-2.399999999999993250e-01 -7.842986836613892176e-01
-2.349999999999993205e-01 -7.944330066448856975e-01
-2.299999999999993161e-01 -8.044170197910144315e-01
-2.249999999999993117e-01 -8.142507230997755308e-01
-2.199999999999993072e-01 -8.239341165711686621e-01
-2.149999999999993028e-01 -8.334672002051939366e-01
-2.099999999999992983e-01 -8.428499740018516873e-01
-2.049999999999992939e-01 -8.520824379611413590e-01
-1.999999999999992895e-01 -8.611645920830633960e-01
-1.949999999999992850e-01 -8.700964363676175761e-01
-1.899999999999992806e-01 -8.788779708148038994e-01
-1.849999999999992761e-01 -8.875091954246225878e-01
-1.799999999999992717e-01 -8.959901101970733084e-01
-1.749999999999992673e-01 -9.043207151321565052e-01
-1.699999999999992628e-01 -9.125010102298717340e-01
-1.649999999999992584e-01 -9.205309954902191061e-01
-1.599999999999992539e-01 -9.284106709131989543e-01
-1.549999999999992495e-01 -9.361400364988109457e-01
-1.499999999999992450e-01 -9.437190922470548582e-01
-1.449999999999992406e-01 -9.511478381579311359e-01
-1.399999999999992362e-01 -9.584262742314397787e-01
-1.349999999999992317e-01 -9.655544004675802316e-01
-1.299999999999992273e-01 -9.725322168663533828e-01
-1.249999999999992228e-01 -9.793597234277583441e-01
-1.199999999999992184e-01 -9.860369201517957816e-01
-1.149999999999992140e-01 -9.925638070384653622e-01
-1.099999999999992095e-01 -9.989403840877670859e-01
-1.049999999999992051e-01 -1.005166651299701064e+00
-9.999999999999920064e-02 -1.011242608674266963e+00
-9.499999999999919620e-02 -1.017168256211465671e+00
-8.999999999999919176e-02 -1.022943593911296301e+00
-8.499999999999918732e-02 -1.028568621773758851e+00
-7.999999999999918288e-02 -1.034043339798853989e+00
-7.499999999999917843e-02 -1.039367747986581270e+00
-6.999999999999917399e-02 -1.044541846336940694e+00
-6.499999999999916955e-02 -1.049565634849932483e+00
-5.999999999999916511e-02 -1.054439113525556193e+00
-5.499999999999916067e-02 -1.059162282363812047e+00
-4.999999999999915623e-02 -1.063735141364700487e+00
-4.499999999999915179e-02 -1.068157690528220849e+00
-3.999999999999914735e-02 -1.072429929854373576e+00
-3.499999999999914291e-02 -1.076551859343158446e+00
-2.999999999999913847e-02 -1.080523478994575681e+00
-2.499999999999913403e-02 -1.084344788808624838e+00
-1.999999999999912959e-02 -1.088015788785306137e+00
-1.499999999999912514e-02 -1.091536478924620246e+00
-9.999999999999120703e-03 -1.094906859226566054e+00
-4.999999999999116262e-03 -1.098126929691144227e+00
8.881784197001252323e-16 -1.101196690318354543e+00
5.000000000000781597e-03 -1.104116141108197002e+00
1.000000000000089706e-02 -1.106885282060671827e+00
1.500000000000101252e-02 -1.109504113175779016e+00
2.000000000000090594e-02 -1.111972634453517905e+00
2.500000000000079936e-02 -1.114290845893889381e+00
3.000000000000091482e-02 -1.116458747496893222e+00
3.500000000000103029e-02 -1.118476339262528763e+00
4.000000000000092371e-02 -1.120343621190796890e+00
4.500000000000081712e-02 -1.122060593281696939e+00
5.000000000000093259e-02 -1.123627255535229574e+00
5.500000000000104805e-02 -1.125043607951394353e+00
6.000000000000094147e-02 -1.126309650530191053e+00
6.500000000000083489e-02 -1.127425383271620341e+00
7.000000000000095035e-02 -1.128390806175681549e+00
7.500000000000106581e-02 -1.129205919242374900e+00
8.000000000000095923e-02 -1.129870722471700617e+00
8.500000000000085265e-02 -1.130385215863658477e+00
9.000000000000096811e-02 -1.130749399418248702e+00
9.500000000000108358e-02 -1.130963273135471070e+00
1.000000000000009770e-01 -1.131026837015325359e+00
1.050000000000008704e-01 -1.130940091057812236e+00
1.100000000000009859e-01 -1.130703035262931255e+00
1.150000000000011013e-01 -1.130315669630682196e+00
1.200000000000009948e-01 -1.129777994161065724e+00
1.250000000000008882e-01 -1.129090008854081173e+00
1.300000000000010036e-01 -1.128251713709729209e+00
1.350000000000011191e-01 -1.127263108728008945e+00
1.400000000000010125e-01 -1.126124193908921267e+00
1.450000000000009059e-01 -1.124834969252465511e+00
1.500000000000010214e-01 -1.123395434758642342e+00
1.550000000000011369e-01 -1.121805590427451094e+00
1.600000000000010303e-01 -1.120065436258892211e+00
1.650000000000009237e-01 -1.118174972252965471e+00
1.700000000000010392e-01 -1.116134198409670875e+00
1.750000000000011546e-01 -1.113943114729008421e+00
1.800000000000010481e-01 -1.111601721210978333e+00
1.850000000000009415e-01 -1.109110017855580610e+00
1.900000000000010569e-01 -1.106468004662814586e+00
1.950000000000011724e-01 -1.103675681632681149e+00
2.000000000000010658e-01 -1.100733048765180078e+00
2.050000000000009592e-01 -1.097640106060310927e+00
2.100000000000010747e-01 -1.094396853518073920e+00
2.150000000000011902e-01 -1.091003291138469278e+00
2.200000000000010836e-01 -1.087459418921496779e+00
2.250000000000009770e-01 -1.083765236867156645e+00
2.300000000000010925e-01 -1.079920744975448432e+00
2.350000000000012079e-01 -1.075925943246372585e+00
2.400000000000011013e-01 -1.071780831679928880e+00
2.450000000000009948e-01 -1.067485410276117763e+00
2.500000000000011102e-01 -1.063039679034938345e+00
2.550000000000012257e-01 -1.058443637956391514e+00
2.600000000000011191e-01 -1.053697287040476605e+00
2.650000000000010125e-01 -1.048800626287194282e+00
2.700000000000011280e-01 -1.043753655696543658e+00
2.750000000000012434e-01 -1.038556375268525400e+00
2.800000000000011369e-01 -1.033208785003139507e+00
2.850000000000010303e-01 -1.027710884900385979e+00
2.900000000000011458e-01 -1.022062674960264372e+00
2.950000000000012612e-01 -1.016264155182774687e+00
3.000000000000011546e-01 -1.010315325567918032e+00
3.050000000000010481e-01 -1.004216186115693077e+00
3.100000000000011635e-01 -9.979667368261002647e-01
3.150000000000012790e-01 -9.915669776991395956e-01
3.200000000000011724e-01 -9.850169087348115138e-01
3.250000000000010658e-01 -9.783165299331155751e-01
3.300000000000011813e-01 -9.714658412940515575e-01
3.350000000000012967e-01 -9.644648428176197941e-01
3.400000000000011902e-01 -9.573135345038202848e-01
3.450000000000010836e-01 -9.500119163526534738e-01
3.500000000000011990e-01 -9.425599883641180288e-01
3.550000000000013145e-01 -9.349577505382152820e-01
3.600000000000012079e-01 -9.272052028749446784e-01
3.650000000000011013e-01 -9.193023453743064399e-01
3.700000000000012168e-01 -9.112491780363002336e-01
3.750000000000013323e-01 -9.030457008609258374e-01
3.800000000000012257e-01 -8.946919138481844724e-01
3.850000000000011191e-01 -8.861878169980749176e-01
3.900000000000012346e-01 -8.775334103105973949e-01
3.950000000000013500e-01 -8.687286937857521263e-01
4.000000000000012434e-01 -8.597736674235393339e-01
4.050000000000011369e-01 -8.506683312239587957e-01
4.100000000000012523e-01 -8.414126851870101786e-01
4.150000000000013678e-01 -8.320067293126937047e-01
4.200000000000012612e-01 -8.224504636010094849e-01
4.250000000000011546e-01 -8.127438880519581854e-01
4.300000000000012701e-01 -8.028870026655379188e-01
4.350000000000013856e-01 -7.928798074417503505e-01
4.400000000000012790e-01 -7.827223023805953694e-01
4.450000000000011724e-01 -7.724144874820725315e-01
4.500000000000012879e-01 -7.619563627461816147e-01
4.550000000000014033e-01 -7.513479281729223969e-01
4.600000000000012967e-01 -7.405891837622965435e-01
4.650000000000011902e-01 -7.296801295143021671e-01
4.700000000000013056e-01 -7.186207654289400448e-01
4.750000000000014211e-01 -7.074110915062100657e-01
4.800000000000013145e-01 -6.960511077461126739e-01
4.850000000000012079e-01 -6.845408141486476472e-01
4.900000000000013234e-01 -6.728802107138142086e-01
4.950000000000014388e-01 -6.610692974416131351e-01
5.000000000000013323e-01 -6.491080743320442048e-01
5.050000000000012257e-01 -6.369965413851084168e-01
5.100000000000013411e-01 -6.247346986008033287e-01
5.150000000000014566e-01 -6.123225459791310499e-01
5.200000000000013500e-01 -5.997600835200914693e-01
5.250000000000012434e-01 -5.870473112236840318e-01
5.300000000000013589e-01 -5.741842290899084045e-01
5.350000000000014744e-01 -5.611708371187643651e-01
5.400000000000013678e-01 -5.480071353102540233e-01
5.450000000000012612e-01 -5.346931236643749363e-01
5.500000000000013767e-01 -5.212288021811281036e-01
5.550000000000014921e-01 -5.076141708605135250e-01
5.600000000000013856e-01 -4.938492297025314781e-01
5.650000000000012790e-01 -4.799339787071817964e-01
5.700000000000013944e-01 -4.658684178744637583e-01
5.750000000000015099e-01 -4.516525472043779188e-01
5.800000000000014033e-01 -4.372863666969243335e-01
5.850000000000012967e-01 -4.227698763521039460e-01
5.900000000000014122e-01 -4.081030761699142029e-01
5.950000000000015277e-01 -3.932859661503572135e-01
6.000000000000014211e-01 -3.783185462934329224e-01
6.050000000000013145e-01 -3.632008165991414961e-01
6.100000000000014300e-01 -3.479327770674799924e-01
6.150000000000015454e-01 -3.325144276984518532e-01
6.200000000000014388e-01 -3.169457684920570228e-01
6.250000000000013323e-01 -3.012267994482932809e-01
6.300000000000014477e-01 -2.853575205671616821e-01
6.350000000000015632e-01 -2.693379318486623930e-01
6.400000000000014566e-01 -2.531680332927963017e-01
6.450000000000013500e-01 -2.368478248995614099e-01
6.500000000000014655e-01 -2.203773066689587445e-01
6.550000000000015810e-01 -2.037564786009882223e-01
6.600000000000014744e-01 -1.869853406956499264e-01
6.650000000000013678e-01 -1.700638929529450505e-01
6.700000000000014833e-01 -1.529921353728711242e-01
6.750000000000015987e-01 -1.357700679554295353e-01
6.800000000000014921e-01 -1.183976907006198814e-01
6.850000000000013856e-01 -1.008750036084427870e-01
6.900000000000015010e-01 -8.320200667889761370e-02
6.950000000000016165e-01 -6.537869991198477782e-02
7.000000000000015099e-01 -4.740508330770535489e-02
7.050000000000014033e-01 -2.928115686605700305e-02
7.100000000000015188e-01 -1.100692058704077873e-02
7.150000000000016342e-01 7.417625529343311978e-03
7.200000000000015277e-01 2.599248148309505832e-02
7.250000000000014211e-01 4.471764727421338737e-02
7.300000000000015365e-01 6.359312290270087431e-02
7.350000000000016520e-01 8.261890836855600995e-02
7.400000000000015454e-01 1.017950036717790024e-01
7.450000000000014388e-01 1.211214088123683807e-01
7.500000000000015543e-01 1.405981237903271286e-01
7.550000000000016698e-01 1.602251486056547880e-01
7.600000000000015632e-01 1.800024832583475565e-01
7.650000000000014566e-01 1.999301277484081818e-01
7.700000000000015721e-01 2.200080820758392453e-01
7.750000000000016875e-01 2.402363462406369166e-01
7.800000000000015810e-01 2.606149202428006961e-01
7.850000000000014744e-01 2.811438040823338591e-01
7.900000000000015898e-01 3.018229977592347124e-01
7.950000000000017053e-01 3.226525012735036446e-01
8.000000000000015987e-01 3.436323146251384908e-01
8.050000000000014921e-01 3.647624378141429147e-01
8.100000000000016076e-01 3.860428708405149734e-01
8.150000000000017231e-01 4.074736137042549444e-01
8.200000000000016165e-01 4.290546664053625503e-01
8.250000000000015099e-01 4.507860289438365142e-01
8.300000000000016254e-01 4.726677013196796673e-01
8.350000000000017408e-01 4.946996835328908437e-01
8.400000000000016342e-01 5.168819755834697105e-01
8.450000000000015277e-01 5.392145774714162121e-01
8.500000000000016431e-01 5.616974891967307926e-01
8.550000000000017586e-01 5.843307107594131189e-01
8.600000000000016520e-01 6.071142421594615257e-01
8.650000000000015454e-01 6.300480833968792327e-01
8.700000000000016609e-01 6.531322344716649075e-01
8.750000000000017764e-01 6.763666953838182172e-01
8.800000000000016698e-01 6.997514661333393837e-01
8.850000000000015632e-01 7.232865467202267418e-01
8.900000000000016787e-01 7.469719371444836220e-01
8.950000000000017941e-01 7.708076374061081371e-01
9.000000000000016875e-01 7.947936475051006200e-01
9.050000000000015810e-01 8.189299674414591834e-01
9.100000000000016964e-01 8.432165972151871580e-01
9.150000000000018119e-01 8.676535368262844328e-01
9.200000000000017053e-01 8.922407862747463447e-01
9.250000000000015987e-01 9.169783455605760025e-01
9.300000000000017142e-01 9.418662146837767368e-01
9.350000000000018296e-01 9.669043936443437737e-01
9.400000000000017231e-01 9.920928824422767800e-01
9.450000000000016165e-01 1.017431681077579197e+00
9.500000000000017319e-01 1.042920789550249694e+00
9.550000000000018474e-01 1.068560207860287825e+00
9.600000000000017408e-01 1.094349936007691815e+00
9.650000000000016342e-01 1.120289973992465216e+00
9.700000000000017497e-01 1.146380321814606695e+00
9.750000000000018652e-01 1.172620979474115810e+00
9.800000000000017586e-01 1.199011946970993225e+00
9.850000000000016520e-01 1.225553224305235833e+00
9.900000000000017675e-01 1.252244811476848962e+00
9.950000000000018829e-01 1.279086708485829060e+00
1.000000000000001776e+00 1.306078915332177237e+00
