-1.000000000000000000e+00 1.454752185983799739e+00
-9.949999999999999956e-01 1.454689988166812276e+00
-9.899999999999999911e-01 1.454628146517044973e+00
-9.849999999999999867e-01 1.454566541827936765e+00
-9.799999999999999822e-01 1.454504846263936946e+00
-9.749999999999999778e-01 1.454443328042309025e+00
-9.699999999999999734e-01 1.454382016966284885e+00
-9.649999999999999689e-01 1.454320823617983427e+00
-9.599999999999999645e-01 1.454259986415074257e+00
-9.549999999999999600e-01 1.454199117917361894e+00
-9.499999999999999556e-01 1.454138396939690159e+00
-9.449999999999999512e-01 1.454077823478421072e+00
-9.399999999999999467e-01 1.454017516732839743e+00
-9.349999999999999423e-01 1.453957268086689458e+00
-9.299999999999999378e-01 1.453897256350266565e+00
-9.249999999999999334e-01 1.453837421908012351e+00
-9.199999999999999289e-01 1.453777645556094233e+00
-9.149999999999999245e-01 1.453718016688746451e+00
-9.099999999999999201e-01 1.453658565108291389e+00
-9.049999999999999156e-01 1.453599320608865986e+00
-8.999999999999999112e-01 1.453540223587644453e+00
-8.949999999999999067e-01 1.453481274038260329e+00
-8.899999999999999023e-01 1.453422352741419621e+00
-8.849999999999998979e-01 1.453363757723074690e+00
-8.799999999999998934e-01 1.453305220755957583e+00
-8.749999999999998890e-01 1.453246950445411079e+00
-8.699999999999998845e-01 1.453188738184273410e+00
-8.649999999999998801e-01 1.453130554152941789e+00
-8.599999999999998757e-01 1.453072785786154730e+00
-8.549999999999998712e-01 1.453015135059778862e+00
-8.499999999999998668e-01 1.452957482745425244e+00
-8.449999999999998623e-01 1.452900126878141185e+00
-8.399999999999998579e-01 1.452842948234994713e+00
-8.349999999999998535e-01 1.452785767998413524e+00
-8.299999999999998490e-01 1.452728854392937086e+00
-8.249999999999998446e-01 1.452672028595536124e+00
-8.199999999999998401e-01 1.452615350201760469e+00
-8.149999999999998357e-01 1.452558968228679026e+00
-8.099999999999998312e-01 1.452502644244070273e+00
-8.049999999999998268e-01 1.452446408062989525e+00
-7.999999999999998224e-01 1.452390349066938091e+00
-7.949999999999998179e-01 1.452334616272984880e+00
-7.899999999999998135e-01 1.452278881860131099e+00
-7.849999999999998090e-01 1.452223294824527278e+00
-7.799999999999998046e-01 1.452167944574050074e+00
-7.749999999999998002e-01 1.452112771495869259e+00
-7.699999999999997957e-01 1.452057537175953206e+00
-7.649999999999997913e-01 1.452002599233075619e+00
-7.599999999999997868e-01 1.451947957667236500e+00
-7.549999999999997824e-01 1.451893344246620421e+00
-7.499999999999997780e-01 1.451838878182335923e+00
-7.449999999999997735e-01 1.451784619072661320e+00
-7.399999999999997691e-01 1.451730328497198519e+00
-7.349999999999997646e-01 1.451676483290377240e+00
-7.299999999999997602e-01 1.451622725818871862e+00
-7.249999999999997558e-01 1.451568966673896233e+00
-7.199999999999997513e-01 1.451515414467159593e+00
-7.149999999999997469e-01 1.451462069194114468e+00
-7.099999999999997424e-01 1.451408930849303891e+00
-7.049999999999997380e-01 1.451355731214554856e+00
-6.999999999999997335e-01 1.451302827911369553e+00
-6.949999999999997291e-01 1.451250101725910957e+00
-6.899999999999997247e-01 1.451197522848580723e+00
-6.849999999999997202e-01 1.451145121084429723e+00
-6.799999999999997158e-01 1.451092866626588096e+00
-6.749999999999997113e-01 1.451040789274649745e+00
-6.699999999999997069e-01 1.450988769812958656e+00
-6.649999999999997025e-01 1.450936897649391488e+00
-6.599999999999996980e-01 1.450885291982323855e+00
-6.549999999999996936e-01 1.450833774001459409e+00
-6.499999999999996891e-01 1.450782373508211043e+00
-6.449999999999996847e-01 1.450731239497819791e+00
-6.399999999999996803e-01 1.450680222971406641e+00
-6.349999999999996758e-01 1.450629323913510182e+00
-6.299999999999996714e-01 1.450578601933322664e+00
-6.249999999999996669e-01 1.450528057022658635e+00
-6.199999999999996625e-01 1.450477629575054328e+00
-6.149999999999996581e-01 1.450427289788187357e+00
-6.099999999999996536e-01 1.450377216469625585e+00
-6.049999999999996492e-01 1.450327379816137130e+00
-5.999999999999996447e-01 1.450277630810653084e+00
-5.949999999999996403e-01 1.450227880043477802e+00
-5.899999999999996358e-01 1.450178306325817124e+00
-5.849999999999996314e-01 1.450129088470695882e+00
-5.799999999999996270e-01 1.450079928446704747e+00
-5.749999999999996225e-01 1.450030945467680743e+00
-5.699999999999996181e-01 1.449982109722206536e+00
-5.649999999999996136e-01 1.449933421211191620e+00
-5.599999999999996092e-01 1.449884879926450543e+00
-5.549999999999996048e-01 1.449836485870711789e+00
-5.499999999999996003e-01 1.449788209234377012e+00
-5.449999999999995959e-01 1.449740139425322871e+00
-5.399999999999995914e-01 1.449692187034763213e+00
-5.349999999999995870e-01 1.449644352051784102e+00
-5.299999999999995826e-01 1.449596783491635454e+00
-5.249999999999995781e-01 1.449549391945531118e+00
-5.199999999999995737e-01 1.449502058197815080e+00
-5.149999999999995692e-01 1.449454931258280288e+00
-5.099999999999995648e-01 1.449407891920365676e+00
-5.049999999999995604e-01 1.449361089184769247e+00
-4.999999999999995559e-01 1.449314433643614342e+00
-4.949999999999995515e-01 1.449267925295081971e+00
-4.899999999999995470e-01 1.449221474736752446e+00
-4.849999999999995426e-01 1.449175320371743458e+00
-4.799999999999995381e-01 1.449129193987338970e+00
-4.749999999999995337e-01 1.449083393598577407e+00
-4.699999999999995293e-01 1.449037591374455536e+00
-4.649999999999995248e-01 1.448992025739009426e+00
-4.599999999999995204e-01 1.448946577472035591e+00
-4.549999999999995159e-01 1.448901306183635773e+00
-4.499999999999995115e-01 1.448856211869262500e+00
-4.449999999999995071e-01 1.448811234917904534e+00
-4.399999999999995026e-01 1.448766434935116143e+00
-4.349999999999994982e-01 1.448721692707060305e+00
-4.299999999999994937e-01 1.448677216851812721e+00
-4.249999999999994893e-01 1.448633037163510329e+00
-4.199999999999994849e-01 1.448588676804994924e+00
-4.149999999999994804e-01 1.448544612617062688e+00
-4.099999999999994760e-01 1.448500844583342717e+00
-4.049999999999994715e-01 1.448457104493847458e+00
-3.999999999999994671e-01 1.448413451944126740e+00
-3.949999999999994627e-01 1.448370006146198596e+00
-3.899999999999994582e-01 1.448326737293193167e+00
-3.849999999999994538e-01 1.448283764584395561e+00
-3.799999999999994493e-01 1.448240730401941567e+00
-3.749999999999994449e-01 1.448198022168746268e+00
-3.699999999999994404e-01 1.448155371662089186e+00
-3.649999999999994360e-01 1.448112808680654728e+00
-3.599999999999994316e-01 1.448070631244938289e+00
-3.549999999999994271e-01 1.448028362521419643e+00
-3.499999999999994227e-01 1.447986360131600980e+00
-3.449999999999994182e-01 1.447944504858007297e+00
-3.399999999999994138e-01 1.447902856317106801e+00
-3.349999999999994094e-01 1.447861325089199402e+00
-3.299999999999994049e-01 1.447819791966814540e+00
-3.249999999999994005e-01 1.447778554969538112e+00
-3.199999999999993960e-01 1.447737435282526297e+00
-3.149999999999993916e-01 1.447696581917391034e+00
-3.099999999999993872e-01 1.447655816056560019e+00
-3.049999999999993827e-01 1.447615256907503811e+00
-2.999999999999993783e-01 1.447574695847599235e+00
-2.949999999999993738e-01 1.447534430903708147e+00
-2.899999999999993694e-01 1.447494283260986725e+00
-2.849999999999993650e-01 1.447454312518622777e+00
-2.799999999999993605e-01 1.447414459068333548e+00
-2.749999999999993561e-01 1.447374842128503536e+00
-2.699999999999993516e-01 1.447335282870646500e+00
-2.649999999999993472e-01 1.447295930310921852e+00
-2.599999999999993427e-01 1.447256635434079675e+00
-2.549999999999993383e-01 1.447217636656880080e+00
-2.499999999999993339e-01 1.447178665757512084e+00
-2.449999999999993294e-01 1.447140020761018553e+00
-2.399999999999993250e-01 1.447101403635080663e+00
-2.349999999999993205e-01 1.447062873989800158e+00
-2.299999999999993161e-01 1.447024640433248299e+00
-2.249999999999993117e-01 1.446986613563005397e+00
-2.199999999999993072e-01 1.446948465548068219e+00
-2.149999999999993028e-01 1.446910673229232946e+00
-2.099999999999992983e-01 1.446872998176097047e+00
-2.049999999999992939e-01 1.446835470199168361e+00
-1.999999999999992895e-01 1.446798238304601858e+00
-1.949999999999992850e-01 1.446761034273315039e+00
-1.899999999999992806e-01 1.446724007109643884e+00
-1.849999999999992761e-01 1.446687127013994489e+00
-1.799999999999992717e-01 1.446650364181315984e+00
-1.749999999999992673e-01 1.446613778218981627e+00
-1.699999999999992628e-01 1.446577458522135151e+00
-1.649999999999992584e-01 1.446541047473821839e+00
-1.599999999999992539e-01 1.446505081504021240e+00
-1.549999999999992495e-01 1.446469024180934815e+00
-1.499999999999992450e-01 1.446433292724343067e+00
-1.449999999999992406e-01 1.446397618921529959e+00
-1.399999999999992362e-01 1.446362092170367708e+00
-1.349999999999992317e-01 1.446326801879642465e+00
-1.299999999999992273e-01 1.446291628844612154e+00
-1.249999999999992228e-01 1.446256632657188623e+00
-1.199999999999992184e-01 1.446221753718184067e+00
-1.149999999999992140e-01 1.446187051635881238e+00
-1.099999999999992095e-01 1.446152466794721425e+00
-1.049999999999992051e-01 1.446118088608038255e+00
-9.999999999999920064e-02 1.446083946869968662e+00
-9.499999999999919620e-02 1.446049803171028492e+00
-8.999999999999919176e-02 1.446015895919792404e+00
-8.499999999999918732e-02 1.445981927096674502e+00
-7.999999999999918288e-02 1.445948462936705203e+00
-7.499999999999917843e-02 1.445915026617278221e+00
-6.999999999999917399e-02 1.445881677729395909e+00
-6.499999999999916955e-02 1.445848475884069506e+00
-5.999999999999916511e-02 1.445815540277855638e+00
-5.499999999999916067e-02 1.445782602704404729e+00
-4.999999999999915623e-02 1.445749931373704333e+00
-4.499999999999915179e-02 1.445717585894037205e+00
-3.999999999999914735e-02 1.445685059617737300e+00
-3.499999999999914291e-02 1.445652888998431029e+00
-2.999999999999913847e-02 1.445620805804302966e+00
-2.499999999999913403e-02 1.445588929248280641e+00
-1.999999999999912959e-02 1.445557229523494192e+00
-1.499999999999912514e-02 1.445525647028027327e+00
-9.999999999999120703e-03 1.445494122159054262e+00
-4.999999999999116262e-03 1.445462744312628223e+00
8.881784197001252323e-16 1.445431692311778482e+00
5.000000000000781597e-03 1.445400787338023241e+00
1.000000000000089706e-02 1.445369939985304830e+00
1.500000000000101252e-02 1.445339239664228392e+00
2.000000000000090594e-02 1.445308716164383389e+00
2.500000000000079936e-02 1.445278399295368166e+00
3.000000000000091482e-02 1.445248199651125054e+00
3.500000000000103029e-02 1.445218117228016075e+00
4.000000000000092371e-02 1.445188271235330779e+00
4.500000000000081712e-02 1.445158542464689111e+00
5.000000000000093259e-02 1.445128960719322952e+00
5.500000000000104805e-02 1.445099436584989183e+00
6.000000000000094147e-02 1.445070238286227271e+00
6.500000000000083489e-02 1.445041097604864211e+00
7.000000000000095035e-02 1.445012074141906799e+00
7.500000000000106581e-02 1.444983316908966975e+00
8.000000000000095923e-02 1.444954706693117208e+00
8.500000000000085265e-02 1.444926303106278231e+00
9.000000000000096811e-02 1.444897867723504481e+00
9.500000000000108358e-02 1.444869668767516435e+00
1.000000000000009770e-01 1.444841646631850329e+00
1.050000000000008704e-01 1.444813771518731249e+00
1.100000000000009859e-01 1.444786132827850400e+00
1.150000000000011013e-01 1.444758700759613879e+00
1.200000000000009948e-01 1.444731207094939185e+00
1.250000000000008882e-01 1.444703949854321712e+00
1.300000000000010036e-01 1.444676780026149521e+00
1.350000000000011191e-01 1.444649876428904411e+00
1.400000000000010125e-01 1.444623179447937167e+00
1.450000000000009059e-01 1.444596480476995515e+00
1.500000000000010214e-01 1.444569958327285297e+00
1.550000000000011369e-01 1.444543702403954688e+00
1.600000000000010303e-01 1.444517623296398545e+00
1.650000000000009237e-01 1.444491601796236813e+00
1.700000000000010392e-01 1.444465697518118708e+00
1.750000000000011546e-01 1.444440089268702598e+00
1.800000000000010481e-01 1.444414538627590394e+00
1.850000000000009415e-01 1.444389045599329569e+00
1.900000000000010569e-01 1.444363878401183632e+00
1.950000000000011724e-01 1.444338709205787330e+00
2.000000000000010658e-01 1.444313925451517155e+00
2.050000000000009592e-01 1.444289080093532851e+00
2.100000000000010747e-01 1.444264649978997062e+00
2.150000000000011902e-01 1.444240039059643044e+00
2.200000000000010836e-01 1.444215843372823604e+00
2.250000000000009770e-01 1.444191645696939252e+00
2.300000000000010925e-01 1.444167773853898273e+00
2.350000000000012079e-01 1.444143810611187240e+00
2.400000000000011013e-01 1.444120173200410084e+00
2.450000000000009948e-01 1.444096742418643720e+00
2.500000000000011102e-01 1.444073369245181260e+00
2.550000000000012257e-01 1.444050023884976275e+00
2.600000000000011191e-01 1.444027093768219805e+00
2.650000000000010125e-01 1.444004251067546596e+00
2.700000000000011280e-01 1.443981495777499680e+00
2.750000000000012434e-01 1.443958917316869650e+00
2.800000000000011369e-01 1.443936366671316085e+00
2.850000000000010303e-01 1.443914231267392045e+00
2.900000000000011458e-01 1.443892004469254919e+00
2.950000000000012612e-01 1.443870043903863865e+00
3.000000000000011546e-01 1.443848379376269753e+00
3.050000000000010481e-01 1.443826683052740867e+00
3.100000000000011635e-01 1.443805133764491933e+00
3.150000000000012790e-01 1.443783880506763984e+00
3.200000000000011724e-01 1.443762625269975564e+00
3.250000000000010658e-01 1.443741666067346108e+00
3.300000000000011813e-01 1.443720794292623344e+00
3.350000000000012967e-01 1.443700009935802830e+00
3.400000000000011902e-01 1.443679402415675161e+00
3.450000000000010836e-01 1.443659090936072920e+00
3.500000000000011990e-01 1.443638837081145487e+00
3.550000000000013145e-01 1.443618730257860028e+00
3.600000000000012079e-01 1.443598770466216541e+00
3.650000000000011013e-01 1.443579047112272695e+00
3.700000000000012168e-01 1.443559351584319250e+00
3.750000000000013323e-01 1.443539892499522415e+00
3.800000000000012257e-01 1.443520580450005530e+00
3.850000000000011191e-01 1.443501445238090986e+00
3.900000000000012346e-01 1.443482397462268585e+00
3.950000000000013500e-01 1.443463586127783804e+00
4.000000000000012434e-01 1.443444862229391168e+00
4.050000000000011369e-01 1.443426434383347390e+00
4.100000000000012523e-01 1.443407944960874323e+00
4.150000000000013678e-01 1.443389721791156211e+00
4.200000000000012612e-01 1.443371645665812997e+00
4.250000000000011546e-01 1.443353746385348080e+00
4.300000000000012701e-01 1.443335964346026179e+00
4.350000000000013856e-01 1.443318388957542941e+00
4.400000000000012790e-01 1.443300841411421009e+00
4.450000000000011724e-01 1.443283589921285914e+00
4.500000000000012879e-01 1.443266485482801675e+00
4.550000000000014033e-01 1.443249468491323517e+00
4.600000000000012967e-01 1.443232687953915905e+00
4.650000000000011902e-01 1.443215875661500780e+00
4.700000000000013056e-01 1.443199389233761343e+00
4.750000000000014211e-01 1.443183079662723634e+00
4.800000000000013145e-01 1.443166887347380856e+00
4.850000000000012079e-01 1.443150752684907223e+00
4.900000000000013234e-01 1.443134914093881838e+00
4.950000000000014388e-01 1.443119222560873771e+00
5.000000000000013323e-01 1.443103678094068476e+00
5.050000000000012257e-01 1.443088131674578056e+00
5.100000000000013411e-01 1.443072911134315239e+00
5.150000000000014566e-01 1.443057807859751795e+00
5.200000000000013500e-01 1.443042702642507669e+00
5.250000000000012434e-01 1.443027982909135920e+00
5.300000000000013589e-01 1.443013320836818769e+00
5.350000000000014744e-01 1.442998805840708831e+00
5.400000000000013678e-01 1.442984437919896612e+00
5.450000000000012612e-01 1.442970276674479413e+00
5.500000000000013767e-01 1.442956322110823697e+00
5.550000000000014921e-01 1.442942455020549408e+00
5.600000000000013856e-01 1.442928675404566041e+00
5.650000000000012790e-01 1.442915042869337361e+00
5.700000000000013944e-01 1.442901646829106488e+00
5.750000000000015099e-01 1.442888427672862184e+00
5.800000000000014033e-01 1.442875295998184759e+00
5.850000000000012967e-01 1.442862311402443032e+00
5.900000000000014122e-01 1.442849563315341532e+00
5.950000000000015277e-01 1.442836962311723203e+00
6.000000000000014211e-01 1.442824418999172797e+00
6.050000000000013145e-01 1.442812231394547728e+00
6.100000000000014300e-01 1.442800012073113924e+00
6.150000000000015454e-01 1.442787969648399615e+00
6.200000000000014388e-01 1.442776104129499748e+00
6.250000000000013323e-01 1.442764385712272945e+00
6.300000000000014477e-01 1.442752903803686371e+00
6.350000000000015632e-01 1.442741539200816936e+00
6.400000000000014566e-01 1.442730142890233713e+00
6.450000000000013500e-01 1.442719251315558671e+00
6.500000000000014655e-01 1.442708238636207119e+00
6.550000000000015810e-01 1.442697402864488998e+00
6.600000000000014744e-01 1.442686744016775213e+00
6.650000000000013678e-01 1.442676440897905144e+00
6.700000000000014833e-01 1.442666106088601685e+00
6.750000000000015987e-01 1.442655888591381830e+00
6.800000000000014921e-01 1.442646026838467099e+00
6.850000000000013856e-01 1.442636103595525077e+00
6.900000000000015010e-01 1.442626446689011521e+00
6.950000000000016165e-01 1.442616877305901602e+00
7.000000000000015099e-01 1.442607544461445235e+00
7.050000000000014033e-01 1.442598269344436579e+00
7.100000000000015188e-01 1.442589171166893669e+00
7.150000000000016342e-01 1.442580249926088021e+00
7.200000000000015277e-01 1.442571595037172250e+00
7.250000000000014211e-01 1.442562997880251663e+00
7.300000000000015365e-01 1.442554577674620253e+00
7.350000000000016520e-01 1.442546304617046138e+00
7.400000000000015454e-01 1.442538148906116424e+00
7.450000000000014388e-01 1.442530229752030158e+00
7.500000000000015543e-01 1.442522219333788547e+00
7.550000000000016698e-01 1.442514683898245442e+00
7.600000000000015632e-01 1.442507116807739243e+00
7.650000000000014566e-01 1.442499845890544696e+00
7.700000000000015721e-01 1.442492602927579304e+00
7.750000000000016875e-01 1.442485536930455003e+00
7.800000000000015810e-01 1.442478707509273539e+00
7.850000000000014744e-01 1.442471846446771400e+00
7.900000000000015898e-01 1.442465370976371508e+00
7.950000000000017053e-01 1.442458893670611308e+00
8.000000000000015987e-01 1.442452712551805183e+00
8.050000000000014921e-01 1.442446648815113752e+00
8.100000000000016076e-01 1.442440553445287099e+00
8.150000000000017231e-01 1.442434843683024104e+00
8.200000000000016165e-01 1.442429191702778501e+00
8.250000000000015099e-01 1.442423776318484618e+00
8.300000000000016254e-01 1.442418359118839311e+00
8.350000000000017408e-01 1.442413238123428476e+00
8.400000000000016342e-01 1.442408204727818832e+00
8.450000000000015277e-01 1.442403407939074844e+00
8.500000000000016431e-01 1.442398668951447638e+00
8.550000000000017586e-01 1.442394047367762999e+00
8.600000000000016520e-01 1.442389602795394188e+00
8.650000000000015454e-01 1.442385484248681626e+00
8.700000000000016609e-01 1.442381274501478350e+00
8.750000000000017764e-01 1.442377390789935765e+00
8.800000000000016698e-01 1.442373624492340189e+00
8.850000000000015632e-01 1.442369975622334044e+00
8.900000000000016787e-01 1.442366533580518029e+00
8.950000000000017941e-01 1.442363089758820882e+00
9.000000000000016875e-01 1.442360001787839741e+00
9.050000000000015810e-01 1.442357090854549773e+00
9.100000000000016964e-01 1.442354267555621794e+00
9.150000000000018119e-01 1.442351561698835161e+00
9.200000000000017053e-01 1.442348973282370883e+00
9.250000000000015987e-01 1.442346561915421210e+00
9.300000000000017142e-01 1.442344506422834405e+00
9.350000000000018296e-01 1.442342300156034929e+00
9.400000000000017231e-01 1.442340449763598320e+00
9.450000000000016165e-01 1.442338627424525788e+00
9.500000000000017319e-01 1.442337041756893035e+00
9.550000000000018474e-01 1.442335662961106157e+00
9.600000000000017408e-01 1.442334431433429875e+00
9.650000000000016342e-01 1.442333198167709218e+00
9.700000000000017497e-01 1.442332261188987053e+00
9.750000000000018652e-01 1.442331352284547341e+00
9.800000000000017586e-01 1.442330680063370840e+00
9.850000000000016520e-01 1.442330214742234551e+00
9.900000000000017675e-01 1.442329717891645435e+00
9.950000000000018829e-01 1.442329576951798975e+00
1.000000000000001776e+00 1.442329564260709907e+00
