-1.000000000000000000e+00 1.173539083867346511e+00
-9.949999999999999956e-01 1.173601252849713950e+00
-9.899999999999999911e-01 1.173663065775819581e+00
-9.849999999999999867e-01 1.173724641855862449e+00
-9.799999999999999822e-01 1.173786308930850231e+00
-9.749999999999999778e-01 1.173847798781700424e+00
-9.699999999999999734e-01 1.173909081605181148e+00
-9.649999999999999689e-01 1.173970246817354512e+00
-9.599999999999999645e-01 1.174031055996912931e+00
-9.549999999999999600e-01 1.174091896587689865e+00
-9.499999999999999556e-01 1.174152589778479472e+00
-9.449999999999999512e-01 1.174213135569281752e+00
-9.399999999999999467e-01 1.174273414757173617e+00
-9.349999999999999423e-01 1.174333635965687739e+00
-9.299999999999999378e-01 1.174393620382708781e+00
-9.249999999999999334e-01 1.174453427620157475e+00
-9.199999999999999289e-01 1.174513176887323374e+00
-9.149999999999999245e-01 1.174572778784515270e+00
-9.099999999999999201e-01 1.174632203509410777e+00
-9.049999999999999156e-01 1.174691421267872959e+00
-8.999999999999999112e-01 1.174750491671822550e+00
-8.949999999999999067e-01 1.174809414718531064e+00
-8.899999999999999023e-01 1.174868309632749463e+00
-8.849999999999998979e-01 1.174926878379430439e+00
-8.799999999999998934e-01 1.174985389193117902e+00
-8.749999999999998890e-01 1.175043633464831094e+00
-8.699999999999998845e-01 1.175101819809007742e+00
-8.649999999999998801e-01 1.175159978036155684e+00
-8.599999999999998757e-01 1.175217720715174385e+00
-8.549999999999998712e-01 1.175275345872016208e+00
-8.499999999999998668e-01 1.175332972731432113e+00
-8.449999999999998623e-01 1.175390303263831759e+00
-8.399999999999998579e-01 1.175447456690328130e+00
-8.349999999999998535e-01 1.175504611821217571e+00
-8.299999999999998490e-01 1.175561500442874552e+00
-8.249999999999998446e-01 1.175618301372871377e+00
-8.199999999999998401e-01 1.175674955013839229e+00
-8.149999999999998357e-01 1.175731312354166169e+00
-8.099999999999998312e-01 1.175787611816978773e+00
-8.049999999999998268e-01 1.175843823601773641e+00
-7.999999999999998224e-01 1.175899858312497548e+00
-7.949999999999998179e-01 1.175955566935719565e+00
-7.899999999999998135e-01 1.176011277301533431e+00
-7.849999999999998090e-01 1.176066840402874680e+00
-7.799999999999998046e-01 1.176122166831866656e+00
-7.749999999999998002e-01 1.176177316206796553e+00
-7.699999999999997957e-01 1.176232526941695999e+00
-7.649999999999997913e-01 1.176287441423248259e+00
-7.599999999999997868e-01 1.176342059636901416e+00
-7.549999999999997824e-01 1.176396649823565843e+00
-7.499999999999997780e-01 1.176451092772133000e+00
-7.449999999999997735e-01 1.176505328878867607e+00
-7.399999999999997691e-01 1.176559596569624722e+00
-7.349999999999997646e-01 1.176613419013612605e+00
-7.299999999999997602e-01 1.176667153829604962e+00
-7.249999999999997558e-01 1.176720890444577838e+00
-7.199999999999997513e-01 1.176774420235908059e+00
-7.149999999999997469e-01 1.176827743209962085e+00
-7.099999999999997424e-01 1.176880859368558907e+00
-7.049999999999997380e-01 1.176934036940785466e+00
-6.999999999999997335e-01 1.176986918294225637e+00
-6.949999999999997291e-01 1.177039622646354422e+00
-6.899999999999997247e-01 1.177092179808589156e+00
-6.849999999999997202e-01 1.177144559974059979e+00
-6.799999999999997158e-01 1.177196792944179782e+00
-6.749999999999997113e-01 1.177248848933906578e+00
-6.699999999999997069e-01 1.177300847147982443e+00
-6.649999999999997025e-01 1.177352698182168700e+00
-6.599999999999996980e-01 1.177404282830813775e+00
-6.549999999999996936e-01 1.177455779913308964e+00
-6.499999999999996891e-01 1.177507159630060363e+00
-6.449999999999996847e-01 1.177558272973094011e+00
-6.399999999999996803e-01 1.177609268952202859e+00
-6.349999999999996758e-01 1.177660147579210337e+00
-6.299999999999996714e-01 1.177710849246743186e+00
-6.249999999999996669e-01 1.177761373957529889e+00
-6.199999999999996625e-01 1.177811781323491180e+00
-6.149999999999996581e-01 1.177862101146949447e+00
-6.099999999999996536e-01 1.177912154616698848e+00
-6.049999999999996492e-01 1.177961971543247222e+00
-5.999999999999996447e-01 1.178011700936387518e+00
-5.949999999999996403e-01 1.178061432203996395e+00
-5.899999999999996358e-01 1.178110986538505989e+00
-5.849999999999996314e-01 1.178160185132348436e+00
-5.799999999999996270e-01 1.178209326009657110e+00
-5.749999999999996225e-01 1.178258289958413974e+00
-5.699999999999996181e-01 1.178307106791855352e+00
-5.649999999999996136e-01 1.178355776507252761e+00
-5.599999999999996092e-01 1.178404299112791653e+00
-5.549999999999996048e-01 1.178452674607562534e+00
-5.499999999999996003e-01 1.178500932793887790e+00
-5.449999999999995959e-01 1.178548984274804701e+00
-5.399999999999995914e-01 1.178596918459099419e+00
-5.349999999999995870e-01 1.178644735343133965e+00
-5.299999999999995826e-01 1.178692285922572358e+00
-5.249999999999995781e-01 1.178739659604381762e+00
-5.199999999999995737e-01 1.178786975607856169e+00
-5.149999999999995692e-01 1.178834084919564651e+00
-5.099999999999995648e-01 1.178881106747887264e+00
-5.049999999999995604e-01 1.178927892090307017e+00
-4.999999999999995559e-01 1.178974530351062588e+00
-4.949999999999995515e-01 1.179021021535610947e+00
-4.899999999999995470e-01 1.179067455053647739e+00
-4.849999999999995426e-01 1.179113592491141338e+00
-4.799999999999995381e-01 1.179159702068083737e+00
-4.749999999999995337e-01 1.179205485758522576e+00
-4.699999999999995293e-01 1.179251271404375023e+00
-4.649999999999995248e-01 1.179296820579786020e+00
-4.599999999999995204e-01 1.179342252501321076e+00
-4.549999999999995159e-01 1.179387507564335413e+00
-4.499999999999995115e-01 1.179432585769738528e+00
-4.449999999999995071e-01 1.179477546724903680e+00
-4.399999999999995026e-01 1.179522330833371546e+00
-4.349999999999994982e-01 1.179567057299884203e+00
-4.299999999999994937e-01 1.179611517511822916e+00
-4.249999999999994893e-01 1.179655681675050749e+00
-4.199999999999994849e-01 1.179700026624906917e+00
-4.149999999999994804e-01 1.179744075520595237e+00
-4.099999999999994760e-01 1.179787828378486614e+00
-4.049999999999994715e-01 1.179831553410387590e+00
-3.999999999999994671e-01 1.179875191017110359e+00
-3.949999999999994627e-01 1.179918621988455874e+00
-3.899999999999994582e-01 1.179961876134931975e+00
-3.849999999999994538e-01 1.180004834248158607e+00
-3.799999999999994493e-01 1.180047853956913917e+00
-3.749999999999994449e-01 1.180090547832825854e+00
-3.699999999999994404e-01 1.180133184094976917e+00
-3.649999999999994360e-01 1.180175732953777645e+00
-3.599999999999994316e-01 1.180217896379637699e+00
-3.549999999999994271e-01 1.180260151213353259e+00
-3.499999999999994227e-01 1.180302139827965169e+00
-3.449999999999994182e-01 1.180343981440948431e+00
-3.399999999999994138e-01 1.180385616446748775e+00
-3.349999999999994094e-01 1.180427134246876397e+00
-3.299999999999994049e-01 1.180468654061534783e+00
-3.249999999999994005e-01 1.180509877871138036e+00
-3.199999999999993960e-01 1.180550984479616039e+00
-3.149999999999993916e-01 1.180591824889908770e+00
-3.099999999999993872e-01 1.180632577910493586e+00
-3.049999999999993827e-01 1.180673124335718915e+00
-2.999999999999993783e-01 1.180713672791845914e+00
-2.949999999999993738e-01 1.180753925241098790e+00
-2.899999999999993694e-01 1.180794060516511257e+00
-2.849999999999993650e-01 1.180834018998886625e+00
-2.799999999999993605e-01 1.180873860307421586e+00
-2.749999999999993561e-01 1.180913465227369619e+00
-2.699999999999993516e-01 1.180953012583578987e+00
-2.649999999999993472e-01 1.180992353352614321e+00
-2.599999999999993427e-01 1.181031636553363517e+00
-2.549999999999993383e-01 1.181070623776342421e+00
-2.499999999999993339e-01 1.181109583234267069e+00
-2.449999999999993294e-01 1.181148216913008531e+00
-2.399999999999993250e-01 1.181186822835790684e+00
-2.349999999999993205e-01 1.181225341390692796e+00
-2.299999999999993161e-01 1.181263563975100572e+00
-2.249999999999993117e-01 1.181301579987795725e+00
-2.199999999999993072e-01 1.181339717265238454e+00
-2.149999999999993028e-01 1.181377498966632578e+00
-2.099999999999992983e-01 1.181415163513285682e+00
-2.049999999999992939e-01 1.181452681100146895e+00
-1.999999999999992895e-01 1.181489902724699226e+00
-1.949999999999992850e-01 1.181527096604206184e+00
-1.899999999999992806e-01 1.181564113728874821e+00
-1.849999999999992761e-01 1.181600983905574997e+00
-1.799999999999992717e-01 1.181637736935719607e+00
-1.749999999999992673e-01 1.181674313208297411e+00
-1.699999999999992628e-01 1.181710623333621646e+00
-1.649999999999992584e-01 1.181747024932285006e+00
-1.599999999999992539e-01 1.181782981563394008e+00
-1.549999999999992495e-01 1.181819029666023146e+00
-1.499999999999992450e-01 1.181854752022210908e+00
-1.449999999999992406e-01 1.181890416837397373e+00
-1.399999999999992362e-01 1.181925934719167293e+00
-1.349999999999992317e-01 1.181961216253277547e+00
-1.299999999999992273e-01 1.181996380659022128e+00
-1.249999999999992228e-01 1.182031368328118281e+00
-1.199999999999992184e-01 1.182066238857934826e+00
-1.149999999999992140e-01 1.182100932658378900e+00
-1.099999999999992095e-01 1.182135509330457301e+00
-1.049999999999992051e-01 1.182169879462655393e+00
-9.999999999999920064e-02 1.182204013266293208e+00
-9.499999999999919620e-02 1.182238149149035911e+00
-8.999999999999919176e-02 1.182272048696851874e+00
-8.499999999999918732e-02 1.182306009938421942e+00
-7.999999999999918288e-02 1.182339466625982771e+00
-7.499999999999917843e-02 1.182372895594873574e+00
-6.999999999999917399e-02 1.182406237250454017e+00
-6.499999999999916955e-02 1.182439431978074884e+00
-5.999999999999916511e-02 1.182472360582998538e+00
-5.499999999999916067e-02 1.182505291273393544e+00
-4.999999999999915623e-02 1.182537955835634369e+00
-4.499999999999915179e-02 1.182570294666895228e+00
-3.999999999999914735e-02 1.182602814407566205e+00
-3.499999999999914291e-02 1.182634978609477860e+00
-2.999999999999913847e-02 1.182667055504445619e+00
-2.499999999999913403e-02 1.182698925877722962e+00
-1.999999999999912959e-02 1.182730619536179750e+00
-1.499999999999912514e-02 1.182762196079913286e+00
-9.999999999999120703e-03 1.182793715119025313e+00
-4.999999999999116262e-03 1.182825087246548668e+00
8.881784197001252323e-16 1.182856133644911045e+00
5.000000000000781597e-03 1.182887033141689193e+00
1.000000000000089706e-02 1.182917875124750884e+00
1.500000000000101252e-02 1.182948570199861882e+00
2.000000000000090594e-02 1.182979088568337778e+00
2.500000000000079936e-02 1.183009400418761237e+00
3.000000000000091482e-02 1.183039595162646895e+00
3.500000000000103029e-02 1.183069672807270711e+00
4.000000000000092371e-02 1.183099514130610208e+00
4.500000000000081712e-02 1.183129238355597357e+00
5.000000000000093259e-02 1.183158815669905328e+00
5.500000000000104805e-02 1.183188335489596232e+00
6.000000000000094147e-02 1.183217529586492622e+00
6.500000000000083489e-02 1.183246666189681440e+00
7.000000000000095035e-02 1.183275685687241952e+00
7.500000000000106581e-02 1.183304439074838177e+00
8.000000000000095923e-02 1.183333045558121688e+00
8.500000000000085265e-02 1.183361445530628719e+00
9.000000000000096811e-02 1.183389877417304836e+00
9.500000000000108358e-02 1.183418072991791581e+00
1.000000000000009770e-01 1.183446091866009686e+00
1.050000000000008704e-01 1.183473963832277098e+00
1.100000000000009859e-01 1.183501599490902612e+00
1.150000000000011013e-01 1.183529028646937098e+00
1.200000000000009948e-01 1.183556519517644068e+00
1.250000000000008882e-01 1.183583774077071160e+00
1.300000000000010036e-01 1.183610941342287282e+00
1.350000000000011191e-01 1.183637842496629622e+00
1.400000000000010125e-01 1.183664537143833462e+00
1.450000000000009059e-01 1.183691233904702989e+00
1.500000000000010214e-01 1.183717753958937413e+00
1.550000000000011369e-01 1.183744007903207551e+00
1.600000000000010303e-01 1.183770085148118545e+00
1.650000000000009237e-01 1.183796104896593482e+00
1.700000000000010392e-01 1.183822007552173039e+00
1.750000000000011546e-01 1.183847614286370975e+00
1.800000000000010481e-01 1.183873163534137296e+00
1.850000000000009415e-01 1.183898655285467560e+00
1.900000000000010569e-01 1.183923821324917247e+00
1.950000000000011724e-01 1.183948989472575652e+00
2.000000000000010658e-01 1.183973772299161231e+00
2.050000000000009592e-01 1.183998616844057272e+00
2.100000000000010747e-01 1.184023046265558099e+00
2.150000000000011902e-01 1.184047656610111465e+00
2.200000000000010836e-01 1.184071851833088607e+00
2.250000000000009770e-01 1.184096049167002951e+00
2.300000000000010925e-01 1.184119920780851265e+00
2.350000000000012079e-01 1.184143883912603945e+00
2.400000000000011013e-01 1.184167521330657058e+00
2.450000000000009948e-01 1.184190952239752681e+00
2.500000000000011102e-01 1.184214325647864774e+00
2.550000000000012257e-01 1.184237671366410671e+00
2.600000000000011191e-01 1.184260601959742365e+00
2.650000000000010125e-01 1.184283445249768141e+00
2.700000000000011280e-01 1.184306201245582946e+00
2.750000000000012434e-01 1.184328780530215175e+00
2.800000000000011369e-01 1.184351332118005251e+00
2.850000000000010303e-01 1.184373468575124155e+00
2.900000000000011458e-01 1.184395696551966415e+00
2.950000000000012612e-01 1.184417658408839946e+00
3.000000000000011546e-01 1.184439324347969835e+00
3.050000000000010481e-01 1.184461022190354873e+00
3.100000000000011635e-01 1.184482573122970228e+00
3.150000000000012790e-01 1.184503828137841941e+00
3.200000000000011724e-01 1.184525085251827425e+00
3.250000000000010658e-01 1.184546046442612299e+00
3.300000000000011813e-01 1.184566920329181761e+00
3.350000000000012967e-01 1.184587706908807325e+00
3.400000000000011902e-01 1.184608316771793346e+00
3.450000000000010836e-01 1.184628630714307240e+00
3.500000000000011990e-01 1.184648887139466700e+00
3.550000000000013145e-01 1.184668996658494455e+00
3.600000000000012079e-01 1.184688959260476571e+00
3.650000000000011013e-01 1.184708685537536388e+00
3.700000000000012168e-01 1.184728384110478094e+00
3.750000000000013323e-01 1.184747846354859524e+00
3.800000000000012257e-01 1.184767161678557335e+00
3.850000000000011191e-01 1.184786300286525096e+00
3.900000000000012346e-01 1.184805351572997045e+00
3.950000000000013500e-01 1.184824166529089728e+00
4.000000000000012434e-01 1.184842894176419525e+00
4.050000000000011369e-01 1.184861325880539829e+00
4.100000000000012523e-01 1.184879819281142721e+00
4.150000000000013678e-01 1.184898046547224970e+00
4.200000000000012612e-01 1.184916126883528653e+00
4.250000000000011546e-01 1.184934030491369361e+00
4.300000000000012701e-01 1.184951816976301364e+00
4.350000000000013856e-01 1.184969396921353058e+00
4.400000000000012790e-01 1.184986949149553714e+00
4.450000000000011724e-01 1.185004205436363867e+00
4.500000000000012879e-01 1.185021314784300506e+00
4.550000000000014033e-01 1.185038336803465375e+00
4.600000000000012967e-01 1.185055122486794010e+00
4.650000000000011902e-01 1.185071940043364469e+00
4.700000000000013056e-01 1.185088431846217594e+00
4.750000000000014211e-01 1.185104746912422291e+00
4.800000000000013145e-01 1.185120944839347379e+00
4.850000000000012079e-01 1.185137085231637633e+00
4.900000000000013234e-01 1.185152929670713950e+00
4.950000000000014388e-01 1.185168627164550292e+00
5.000000000000013323e-01 1.185184177710418174e+00
5.050000000000012257e-01 1.185199730329024481e+00
5.100000000000013411e-01 1.185214957179361539e+00
5.150000000000014566e-01 1.185230066884052524e+00
5.200000000000013500e-01 1.185245178651477493e+00
5.250000000000012434e-01 1.185259905045988438e+00
5.300000000000013589e-01 1.185274573901317074e+00
5.350000000000014744e-01 1.185289095793215841e+00
5.400000000000013678e-01 1.185303470728051201e+00
5.450000000000012612e-01 1.185317639102087872e+00
5.500000000000013767e-01 1.185331600912597372e+00
5.550000000000014921e-01 1.185345475367959756e+00
5.600000000000013856e-01 1.185359262463627550e+00
5.650000000000012790e-01 1.185372902596774969e+00
5.700000000000013944e-01 1.185386306351339902e+00
5.750000000000015099e-01 1.185399533343790557e+00
5.800000000000014033e-01 1.185412672965632686e+00
5.850000000000012967e-01 1.185425665624954439e+00
5.900000000000014122e-01 1.185438421893870276e+00
5.950000000000015277e-01 1.185451031195718263e+00
6.000000000000014211e-01 1.185463582924732640e+00
6.050000000000013145e-01 1.185475779060418011e+00
6.100000000000014300e-01 1.185488007034784408e+00
6.150000000000015454e-01 1.185500058221570674e+00
6.200000000000014388e-01 1.185511932624414788e+00
6.250000000000013323e-01 1.185523660040182170e+00
6.300000000000014477e-01 1.185535151063724646e+00
6.350000000000015632e-01 1.185546524901603282e+00
6.400000000000014566e-01 1.185557930561792039e+00
6.450000000000013500e-01 1.185568831600668949e+00
6.500000000000014655e-01 1.185579853867913647e+00
6.550000000000015810e-01 1.185590699338483267e+00
6.600000000000014744e-01 1.185601368001463873e+00
6.650000000000013678e-01 1.185611681053835076e+00
6.700000000000014833e-01 1.185622025914873978e+00
6.750000000000015987e-01 1.185632253576606621e+00
6.800000000000014921e-01 1.185642125615906428e+00
6.850000000000013856e-01 1.185652059256191881e+00
6.900000000000015010e-01 1.185661726683740147e+00
6.950000000000016165e-01 1.185671306698843130e+00
7.000000000000015099e-01 1.185680650297164851e+00
7.050000000000014033e-01 1.185689936278997214e+00
7.100000000000015188e-01 1.185699045443236121e+00
7.150000000000016342e-01 1.185707977783515110e+00
7.200000000000015277e-01 1.185716643893776512e+00
7.250000000000014211e-01 1.185725252383001083e+00
7.300000000000015365e-01 1.185733684040989777e+00
7.350000000000016520e-01 1.185741968669155488e+00
7.400000000000015454e-01 1.185750136063454141e+00
7.450000000000014388e-01 1.185758067020962647e+00
7.500000000000015543e-01 1.185766089355403841e+00
7.550000000000016698e-01 1.185773636829018818e+00
7.600000000000015632e-01 1.185781216074012212e+00
7.650000000000014566e-01 1.185788499258471296e+00
7.700000000000015721e-01 1.185795754608754526e+00
7.750000000000016875e-01 1.185802833107792997e+00
7.800000000000015810e-01 1.185809675152760923e+00
7.850000000000014744e-01 1.185816548948188887e+00
7.900000000000015898e-01 1.185823037273386893e+00
7.950000000000017053e-01 1.185829527548541540e+00
8.000000000000015987e-01 1.185835721753157435e+00
8.050000000000014921e-01 1.185841798695711935e+00
8.100000000000016076e-01 1.185847907385997990e+00
8.150000000000017231e-01 1.185853630583316720e+00
8.200000000000016165e-01 1.185859296118671358e+00
8.250000000000015099e-01 1.185864725174489598e+00
8.300000000000016254e-01 1.185870156162074585e+00
8.350000000000017408e-01 1.185875291056383452e+00
8.400000000000016342e-01 1.185880338478220386e+00
8.450000000000015277e-01 1.185885149402331029e+00
8.500000000000016431e-01 1.185889902643559202e+00
8.550000000000017586e-01 1.185894538600898107e+00
8.600000000000016520e-01 1.185898997663336507e+00
8.650000000000015454e-01 1.185903130812896000e+00
8.700000000000016609e-01 1.185907355281180520e+00
8.750000000000017764e-01 1.185911253833857648e+00
8.800000000000016698e-01 1.185915035087184100e+00
8.850000000000015632e-01 1.185918699027517453e+00
8.900000000000016787e-01 1.185922156261532967e+00
8.950000000000017941e-01 1.185925615386387966e+00
9.000000000000016875e-01 1.185928718780580260e+00
9.050000000000015810e-01 1.185931645251677713e+00
9.100000000000016964e-01 1.185934484206647488e+00
9.150000000000018119e-01 1.185937205837710229e+00
9.200000000000017053e-01 1.185939810141227957e+00
9.250000000000015987e-01 1.185942237515284381e+00
9.300000000000017142e-01 1.185944309136850228e+00
9.350000000000018296e-01 1.185946531639949120e+00
9.400000000000017231e-01 1.185948398390557434e+00
9.450000000000016165e-01 1.185950237200579016e+00
9.500000000000017319e-01 1.185951839462852098e+00
9.550000000000018474e-01 1.185953234967875636e+00
9.600000000000017408e-01 1.185954483317565922e+00
9.650000000000016342e-01 1.185955733523534894e+00
9.700000000000017497e-01 1.185956687560739686e+00
9.750000000000018652e-01 1.185957613640077346e+00
9.800000000000017586e-01 1.185958303148929138e+00
9.850000000000016520e-01 1.185958785879613009e+00
9.900000000000017675e-01 1.185959300252527049e+00
9.950000000000018829e-01 1.185959458838389713e+00
1.000000000000001776e+00 1.185959489286453339e+00
