-1.000000000000000000e+00 1.406065510582266143e-01
-9.949999999999999956e-01 1.405443676585491630e-01
-9.899999999999999911e-01 1.404825403706126963e-01
-9.849999999999999867e-01 1.404209499860371579e-01
-9.799999999999999822e-01 1.403592686665433575e-01
-9.749999999999999778e-01 1.402977646303043002e-01
-9.699999999999999734e-01 1.402364676805518684e-01
-9.649999999999999689e-01 1.401752884003144572e-01
-9.599999999999999645e-01 1.401144652090806630e-01
-9.549999999999999600e-01 1.400536106648360146e-01
-9.499999999999999556e-01 1.399929035806053434e-01
-9.449999999999999512e-01 1.399323439545696601e-01
-9.399999999999999467e-01 1.398720509878330631e-01
-9.349999999999999423e-01 1.398118160605008597e-01
-9.299999999999999378e-01 1.397518179837788921e-01
-9.249999999999999334e-01 1.396919971439274377e-01
-9.199999999999999289e-01 1.396322343343854300e-01
-9.149999999999999245e-01 1.395726189521155902e-01
-9.099999999999999201e-01 1.395131807994403061e-01
-9.049999999999999156e-01 1.394539496704965131e-01
-8.999999999999999112e-01 1.393948659579109517e-01
-8.949999999999999067e-01 1.393359296598646324e-01
-8.899999999999999023e-01 1.392770215543350787e-01
-8.849999999999998979e-01 1.392184396718221251e-01
-8.799999999999998934e-01 1.391599157814198406e-01
-8.749999999999998890e-01 1.391016584902899922e-01
-8.699999999999998845e-01 1.390434591876328341e-01
-8.649999999999998801e-01 1.389852880583930528e-01
-8.599999999999998757e-01 1.389275325354901724e-01
-8.549999999999998712e-01 1.388698945938813267e-01
-8.499999999999998668e-01 1.388122550069965655e-01
-8.449999999999998623e-01 1.387549118071547127e-01
-8.399999999999998579e-01 1.386977457723332918e-01
-8.349999999999998535e-01 1.386405780885979766e-01
-8.299999999999998490e-01 1.385836769750312669e-01
-8.249999999999998446e-01 1.385268636113323737e-01
-8.199999999999998401e-01 1.384701975939606200e-01
-8.149999999999998357e-01 1.384138279372564284e-01
-8.099999999999998312e-01 1.383575162135457504e-01
-8.049999999999998268e-01 1.383012922306079417e-01
-7.999999999999998224e-01 1.382452453772202716e-01
-7.949999999999998179e-01 1.381895246686326573e-01
-7.899999999999998135e-01 1.381338022792988340e-01
-7.849999999999998090e-01 1.380782272108262987e-01
-7.799999999999998046e-01 1.380228888710917090e-01
-7.749999999999998002e-01 1.379677276445363532e-01
-7.699999999999997957e-01 1.379125051171286032e-01
-7.649999999999997913e-01 1.378575789049136802e-01
-7.599999999999997868e-01 1.378029490151675418e-01
-7.549999999999997824e-01 1.377483472115272889e-01
-7.499999999999997780e-01 1.376938927051014616e-01
-7.449999999999997735e-01 1.376396450968968566e-01
-7.399999999999997691e-01 1.375853659637868986e-01
-7.349999999999997646e-01 1.375315321383823175e-01
-7.299999999999997602e-01 1.374777859946334502e-01
-7.249999999999997558e-01 1.374240381146591972e-01
-7.199999999999997513e-01 1.373704971156257670e-01
-7.149999999999997469e-01 1.373171629920761916e-01
-7.099999999999997424e-01 1.372640357403724920e-01
-7.049999999999997380e-01 1.372108471368846949e-01
-6.999999999999997335e-01 1.371579548085719580e-01
-6.949999999999997291e-01 1.371052395397782675e-01
-6.899999999999997247e-01 1.370526715199957835e-01
-6.849999999999997202e-01 1.370002805551848724e-01
-6.799999999999997158e-01 1.369480368412041571e-01
-6.749999999999997113e-01 1.368959701703715837e-01
-6.699999999999997069e-01 1.368439613324881066e-01
-6.649999999999997025e-01 1.367920997336113942e-01
-6.599999999999996980e-01 1.367405045757550397e-01
-6.549999999999996936e-01 1.366889970440752222e-01
-6.499999999999996891e-01 1.366376069390753401e-01
-6.449999999999996847e-01 1.365864832623628899e-01
-6.399999999999996803e-01 1.365354770096018910e-01
-6.349999999999996758e-01 1.364845881671499228e-01
-6.299999999999996714e-01 1.364338763432897395e-01
-6.249999999999996669e-01 1.363833415325643728e-01
-6.199999999999996625e-01 1.363329241257815738e-01
-6.149999999999996581e-01 1.362825943206189550e-01
-6.099999999999996536e-01 1.362325309264633688e-01
-6.049999999999996492e-01 1.361827041364449542e-01
-5.999999999999996447e-01 1.361329649371327832e-01
-5.949999999999996403e-01 1.360832239197407034e-01
-5.899999999999996358e-01 1.360336598936555674e-01
-5.849999999999996314e-01 1.359844516691737226e-01
-5.799999999999996270e-01 1.359353012185238185e-01
-5.749999999999996225e-01 1.358863277546333848e-01
-5.699999999999996181e-01 1.358375014651755919e-01
-5.649999999999996136e-01 1.357888223519694293e-01
-5.599999999999996092e-01 1.357402904068294447e-01
-5.549999999999996048e-01 1.356919056315746275e-01
-5.499999999999996003e-01 1.356436382202446111e-01
-5.449999999999995959e-01 1.355955775752590853e-01
-5.399999999999995914e-01 1.355476342878318974e-01
-5.349999999999995870e-01 1.354998083543250686e-01
-5.299999999999995826e-01 1.354522487845315482e-01
-5.249999999999995781e-01 1.354048661705746781e-01
-5.199999999999995737e-01 1.353575412949794554e-01
-5.149999999999995692e-01 1.353104231693578186e-01
-5.099999999999995648e-01 1.352633925862392061e-01
-5.049999999999995604e-01 1.352165985472311149e-01
-4.999999999999995559e-01 1.351699516462758766e-01
-4.949999999999995515e-01 1.351234518797355122e-01
-4.899999999999995470e-01 1.350770098415523535e-01
-4.849999999999995426e-01 1.350308639403010602e-01
-4.799999999999995381e-01 1.349847459596276167e-01
-4.749999999999995337e-01 1.349389539200274157e-01
-4.699999999999995293e-01 1.348931599850402563e-01
-4.649999999999995248e-01 1.348476025796117028e-01
-4.599999999999995204e-01 1.348021624853572575e-01
-4.549999999999995159e-01 1.347568993096501799e-01
-4.499999999999995115e-01 1.347118130497619859e-01
-4.449999999999995071e-01 1.346668440965004265e-01
-4.399999999999995026e-01 1.346220520508722984e-01
-4.349999999999994982e-01 1.345773177035880508e-01
-4.299999999999994937e-01 1.345328496699949028e-01
-4.249999999999994893e-01 1.344886777442297898e-01
-4.199999999999994849e-01 1.344443250900440034e-01
-4.149999999999994804e-01 1.344002685482337256e-01
-4.099999999999994760e-01 1.343565081024280516e-01
-4.049999999999994715e-01 1.343127755417299340e-01
-3.999999999999994671e-01 1.342691304635081906e-01
-3.949999999999994627e-01 1.342256920788713614e-01
-3.899999999999994582e-01 1.341824305791305960e-01
-3.849999999999994538e-01 1.341394651681184769e-01
-3.799999999999994493e-01 1.340964382225138252e-01
-3.749999999999994449e-01 1.340537371679602074e-01
-3.699999999999994404e-01 1.340110937835561344e-01
-3.649999999999994360e-01 1.339685378634385415e-01
-3.599999999999994316e-01 1.339263674326502951e-01
-3.549999999999994271e-01 1.338841056540331920e-01
-3.499999999999994227e-01 1.338421101518179057e-01
-3.449999999999994182e-01 1.338002617085294332e-01
-3.399999999999994138e-01 1.337586199351790128e-01
-3.349999999999994094e-01 1.337170954211615026e-01
-3.299999999999994049e-01 1.336755689526398783e-01
-3.249999999999994005e-01 1.336343385492000380e-01
-3.199999999999993960e-01 1.335932254014551290e-01
-3.149999999999993916e-01 1.335523785137411323e-01
-3.099999999999993872e-01 1.335116190730332164e-01
-3.049999999999993827e-01 1.334710662858924479e-01
-2.999999999999993783e-01 1.334305115278766607e-01
-2.949999999999993738e-01 1.333902528313046787e-01
-2.899999999999993694e-01 1.333501113722377340e-01
-2.849999999999993650e-01 1.333101467598680756e-01
-2.799999999999993605e-01 1.332702993804559810e-01
-2.749999999999993561e-01 1.332306884505669586e-01
-2.699999999999993516e-01 1.331911351435337565e-01
-2.649999999999993472e-01 1.331517884791537654e-01
-2.599999999999993427e-01 1.331124994403580786e-01
-2.549999999999993383e-01 1.330735064402688295e-01
-2.499999999999993339e-01 1.330345412616225076e-01
-2.449999999999993294e-01 1.329959019240050111e-01
-2.399999999999993250e-01 1.329572903996449895e-01
-2.349999999999993205e-01 1.329187662995536812e-01
-2.299999999999993161e-01 1.328805382290738635e-01
-2.249999999999993117e-01 1.328425167876048363e-01
-2.199999999999993072e-01 1.328043741414148826e-01
-2.149999999999993028e-01 1.327665871313001844e-01
-2.099999999999992983e-01 1.327289173314056825e-01
-2.049999999999992939e-01 1.326913945495107328e-01
-1.999999999999992895e-01 1.326541677899513161e-01
-1.949999999999992850e-01 1.326169688345544273e-01
-1.899999999999992806e-01 1.325799466903845314e-01
-1.849999999999992761e-01 1.325430715542097460e-01
-1.799999999999992717e-01 1.325063136227981886e-01
-1.749999999999992673e-01 1.324697325053421082e-01
-1.699999999999992628e-01 1.324334175942567526e-01
-1.649999999999992584e-01 1.323970112707684166e-01
-1.599999999999992539e-01 1.323610499703136156e-01
-1.549999999999992495e-01 1.323249972574558342e-01
-1.499999999999992450e-01 1.322892703510660795e-01
-1.449999999999992406e-01 1.322536010420662933e-01
-1.399999999999992362e-01 1.322180787256002077e-01
-1.349999999999992317e-01 1.321827928131824592e-01
-1.299999999999992273e-01 1.321476240927950130e-01
-1.249999999999992228e-01 1.321126321645351709e-01
-1.199999999999992184e-01 1.320777574301246204e-01
-1.149999999999992140e-01 1.320430594887511688e-01
-1.099999999999992095e-01 1.320084787321320619e-01
-1.049999999999992051e-01 1.319741045726914308e-01
-9.999999999999920064e-02 1.319399668018377270e-01
-9.499999999999919620e-02 1.319058270109962905e-01
-8.999999999999919176e-02 1.318719236114702653e-01
-8.499999999999918732e-02 1.318379585791262798e-01
-7.999999999999918288e-02 1.318044981553612160e-01
-7.499999999999917843e-02 1.317710655112023233e-01
-6.999999999999917399e-02 1.317377202394709457e-01
-6.499999999999916955e-02 1.317045219529973110e-01
-5.999999999999916511e-02 1.316715898474285495e-01
-5.499999999999916067e-02 1.316386557155055925e-01
-4.999999999999915623e-02 1.316059877690349822e-01
-4.499999999999915179e-02 1.315736456135709886e-01
-3.999999999999914735e-02 1.315411226050855475e-01
-3.499999999999914291e-02 1.315089551944765844e-01
-2.999999999999913847e-02 1.314768751499286736e-01
-2.499999999999913403e-02 1.314450016852788394e-01
-1.999999999999912959e-02 1.314133049936572206e-01
-1.499999999999912514e-02 1.313817254740570206e-01
-9.999999999999120703e-03 1.313502035200144746e-01
-4.999999999999116262e-03 1.313188285330397775e-01
8.881784197001252323e-16 1.312877793334337184e-01
5.000000000000781597e-03 1.312568770981670241e-01
1.000000000000089706e-02 1.312260324302769732e-01
1.500000000000101252e-02 1.311953347321832553e-01
2.000000000000090594e-02 1.311648137980228057e-01
2.500000000000079936e-02 1.311344994383034646e-01
3.000000000000091482e-02 1.311043022442390793e-01
3.500000000000103029e-02 1.310742222103726817e-01
4.000000000000092371e-02 1.310443785523602855e-01
4.500000000000081712e-02 1.310146520545458770e-01
5.000000000000093259e-02 1.309850725247088121e-01
5.500000000000104805e-02 1.309555505476964754e-01
6.000000000000094147e-02 1.309263543498673243e-01
6.500000000000083489e-02 1.308972157075913856e-01
7.000000000000095035e-02 1.308681942273324239e-01
7.500000000000106581e-02 1.308394389170643990e-01
8.000000000000095923e-02 1.308108305674977601e-01
8.500000000000085265e-02 1.307824287878247560e-01
9.000000000000096811e-02 1.307539951530998223e-01
9.500000000000108358e-02 1.307257978878624272e-01
1.000000000000009770e-01 1.306977773829203215e-01
1.050000000000008704e-01 1.306699038432270754e-01
1.100000000000009859e-01 1.306422666684738942e-01
1.150000000000011013e-01 1.306148360563383903e-01
1.200000000000009948e-01 1.305873437886475585e-01
1.250000000000008882e-01 1.305600878886252758e-01
1.300000000000010036e-01 1.305329193419311196e-01
1.350000000000011191e-01 1.305060169661373948e-01
1.400000000000010125e-01 1.304793211520518526e-01
1.450000000000009059e-01 1.304526232861462631e-01
1.500000000000010214e-01 1.304261021841739421e-01
1.550000000000011369e-01 1.303998472503735684e-01
1.600000000000010303e-01 1.303737690741400002e-01
1.650000000000009237e-01 1.303477484498216654e-01
1.700000000000010392e-01 1.303218449829728343e-01
1.750000000000011546e-01 1.302962374911658117e-01
1.800000000000010481e-01 1.302706875467265490e-01
1.850000000000009415e-01 1.302451951569310040e-01
1.900000000000010569e-01 1.302200285381331923e-01
1.950000000000011724e-01 1.301948598666058388e-01
2.000000000000010658e-01 1.301700765761779621e-01
2.050000000000009592e-01 1.301452316247377894e-01
2.100000000000010747e-01 1.301208018567194813e-01
2.150000000000011902e-01 1.300961912247657892e-01
2.200000000000010836e-01 1.300719957698674989e-01
2.250000000000009770e-01 1.300477982649681508e-01
2.300000000000010925e-01 1.300239265365235042e-01
2.350000000000012079e-01 1.299999633492916473e-01
2.400000000000011013e-01 1.299763259348765132e-01
2.450000000000009948e-01 1.299528950894455193e-01
2.500000000000011102e-01 1.299295217986582429e-01
2.550000000000012257e-01 1.299061762592828018e-01
2.600000000000011191e-01 1.298832459042387200e-01
2.650000000000010125e-01 1.298604029088892275e-01
2.700000000000011280e-01 1.298376472659583669e-01
2.750000000000012434e-01 1.298150683933272376e-01
2.800000000000011369e-01 1.297925172766554169e-01
2.850000000000010303e-01 1.297703813461339450e-01
2.900000000000011458e-01 1.297481539586442523e-01
2.950000000000012612e-01 1.297261927475119592e-01
3.000000000000011546e-01 1.297045275141499587e-01
3.050000000000010481e-01 1.296828304311929969e-01
3.100000000000011635e-01 1.296612803207608522e-01
3.150000000000012790e-01 1.296400261844610213e-01
3.200000000000011724e-01 1.296187700090740691e-01
3.250000000000010658e-01 1.295978098123669042e-01
3.300000000000011813e-01 1.295769369817207917e-01
3.350000000000012967e-01 1.295561515134977526e-01
3.400000000000011902e-01 1.295355428219409077e-01
3.450000000000010836e-01 1.295152301108828397e-01
3.500000000000011990e-01 1.294949749708393938e-01
3.550000000000013145e-01 1.294748667996827862e-01
3.600000000000012079e-01 1.294549056028699852e-01
3.650000000000011013e-01 1.294351807873681537e-01
3.700000000000012168e-01 1.294154837369205779e-01
3.750000000000013323e-01 1.293960230723314453e-01
3.800000000000012257e-01 1.293767093857240980e-01
3.850000000000011191e-01 1.293575724757829448e-01
3.900000000000012346e-01 1.293385229446357698e-01
3.950000000000013500e-01 1.293197097993470379e-01
4.000000000000012434e-01 1.293009840264858212e-01
4.050000000000011369e-01 1.292825542514037807e-01
4.100000000000012523e-01 1.292640628398658009e-01
4.150000000000013678e-01 1.292458376219656202e-01
4.200000000000012612e-01 1.292277593911421718e-01
4.250000000000011546e-01 1.292098579469893593e-01
4.300000000000012701e-01 1.291920736848624074e-01
4.350000000000013856e-01 1.291744960180949420e-01
4.400000000000012790e-01 1.291569461309336475e-01
4.450000000000011724e-01 1.291396922424610239e-01
4.500000000000012879e-01 1.291225853492505848e-01
4.550000000000014033e-01 1.291055658439290710e-01
4.600000000000012967e-01 1.290887827335609472e-01
4.650000000000011902e-01 1.290719678090681555e-01
4.700000000000013056e-01 1.290554786937718745e-01
4.750000000000014211e-01 1.290391663751506712e-01
4.800000000000013145e-01 1.290229712540167384e-01
4.850000000000012079e-01 1.290068337266347953e-01
4.900000000000013234e-01 1.289909922115839436e-01
4.950000000000014388e-01 1.289752976981617394e-01
5.000000000000013323e-01 1.289597501918251510e-01
5.050000000000012257e-01 1.289442006727767875e-01
5.100000000000013411e-01 1.289289769774768502e-01
5.150000000000014566e-01 1.289138704878496355e-01
5.200000000000013500e-01 1.288987619955150876e-01
5.250000000000012434e-01 1.288840389315737411e-01
5.300000000000013589e-01 1.288693734677508473e-01
5.350000000000014744e-01 1.288548550237464951e-01
5.400000000000013678e-01 1.288404835959227057e-01
5.450000000000012612e-01 1.288263187861957704e-01
5.500000000000013767e-01 1.288123605991131626e-01
5.550000000000014921e-01 1.287984898262948263e-01
5.600000000000013856e-01 1.287847064704692457e-01
5.650000000000012790e-01 1.287710701362811960e-01
5.700000000000013944e-01 1.287576702388832928e-01
5.750000000000015099e-01 1.287444471645358135e-01
5.800000000000014033e-01 1.287313115162760369e-01
5.850000000000012967e-01 1.287183228887442965e-01
5.900000000000014122e-01 1.287055707107356284e-01
5.950000000000015277e-01 1.286929655580024701e-01
6.000000000000014211e-01 1.286804180372200790e-01
6.050000000000013145e-01 1.286682261670648586e-01
6.100000000000014300e-01 1.286560025191647583e-01
6.150000000000015454e-01 1.286439557134144707e-01
6.200000000000014388e-01 1.286320857525424799e-01
6.250000000000013323e-01 1.286203628360453877e-01
6.300000000000014477e-01 1.286088763699808624e-01
6.350000000000015632e-01 1.285975071496068267e-01
6.400000000000014566e-01 1.285861061642208369e-01
6.450000000000013500e-01 1.285752098574448610e-01
6.500000000000014655e-01 1.285641923841467360e-01
6.550000000000015810e-01 1.285533517630028655e-01
6.600000000000014744e-01 1.285426880076556699e-01
6.650000000000013678e-01 1.285323799220350338e-01
6.700000000000014833e-01 1.285220400868638535e-01
6.750000000000015987e-01 1.285118175073876046e-01
6.800000000000014921e-01 1.285019506112803356e-01
6.850000000000013856e-01 1.284920221696665976e-01
6.900000000000015010e-01 1.284823600026356871e-01
6.950000000000016165e-01 1.284727853035292355e-01
7.000000000000015099e-01 1.284634470821401919e-01
7.050000000000014033e-01 1.284541665327196824e-01
7.100000000000015188e-01 1.284450628618287737e-01
7.150000000000016342e-01 1.284361360712864553e-01
7.200000000000015277e-01 1.284274755716978689e-01
7.250000000000014211e-01 1.284188727486252901e-01
7.300000000000015365e-01 1.284104468168152380e-01
7.350000000000016520e-01 1.284021679739453248e-01
7.400000000000015454e-01 1.283940064213311416e-01
7.450000000000014388e-01 1.283860813655337552e-01
7.500000000000015543e-01 1.283780649891923531e-01
7.550000000000016698e-01 1.283705235346133122e-01
7.600000000000015632e-01 1.283629503668635152e-01
7.650000000000014566e-01 1.283556733160367003e-01
7.700000000000015721e-01 1.283484241594123887e-01
7.750000000000016875e-01 1.283413519113310031e-01
7.800000000000015810e-01 1.283345161782563082e-01
7.850000000000014744e-01 1.283276487492912565e-01
7.900000000000015898e-01 1.283211668514923076e-01
7.950000000000017053e-01 1.283146830610348843e-01
8.000000000000015987e-01 1.283084953993238742e-01
8.050000000000014921e-01 1.283024250597009086e-01
8.100000000000016076e-01 1.282963230296445545e-01
8.150000000000017231e-01 1.282906065498536918e-01
8.200000000000016165e-01 1.282849477920535719e-01
8.250000000000015099e-01 1.282795255719975103e-01
8.300000000000016254e-01 1.282741014783823630e-01
8.350000000000017408e-01 1.282689735335225123e-01
8.400000000000016342e-01 1.282639331247992232e-01
8.450000000000015277e-01 1.282591292683719075e-01
8.500000000000016431e-01 1.282543831539442181e-01
8.550000000000017586e-01 1.282497543834324460e-01
8.600000000000016520e-01 1.282453025660288404e-01
8.650000000000015454e-01 1.282411767178928130e-01
8.700000000000016609e-01 1.282369596101489151e-01
8.750000000000017764e-01 1.282330684780390584e-01
8.800000000000016698e-01 1.282292947025780450e-01
8.850000000000015632e-01 1.282256382974082953e-01
8.900000000000016787e-01 1.282221886594925309e-01
8.950000000000017941e-01 1.282187371862164582e-01
9.000000000000016875e-01 1.282156415036297403e-01
9.050000000000015810e-01 1.282127228014360298e-01
9.100000000000016964e-01 1.282098916744871531e-01
9.150000000000018119e-01 1.282071779305624659e-01
9.200000000000017053e-01 1.282045815705714631e-01
9.250000000000015987e-01 1.282021622000684147e-01
9.300000000000017142e-01 1.282000986429920886e-01
9.350000000000018296e-01 1.281978842580429045e-01
9.400000000000017231e-01 1.281960256865204428e-01
9.450000000000016165e-01 1.281941951119733858e-01
9.500000000000017319e-01 1.281926011470204685e-01
9.550000000000018474e-01 1.281912139966152608e-01
9.600000000000017408e-01 1.281899740579319769e-01
9.650000000000016342e-01 1.281887323220871622e-01
9.700000000000017497e-01 1.281877868141236831e-01
9.750000000000018652e-01 1.281868693222349975e-01
9.800000000000017586e-01 1.281861884572208510e-01
9.850000000000016520e-01 1.281857144313107710e-01
9.900000000000017675e-01 1.281852088195591932e-01
9.950000000000018829e-01 1.281850590567046311e-01
1.000000000000001776e+00 1.281850374871282838e-01
