-1.000000000000000000e+00 2.296066419457726493e+00
-9.949999999999999956e-01 2.263970544949716945e+00
-9.899999999999999911e-01 2.232020944493325221e+00
-9.849999999999999867e-01 2.200217618088549543e+00
-9.799999999999999822e-01 2.168560565735392576e+00
-9.749999999999999778e-01 2.137049787433851655e+00
-9.699999999999999734e-01 2.105685283183929002e+00
-9.649999999999999689e-01 2.074467052985623727e+00
-9.599999999999999645e-01 2.043395096838935387e+00
-9.549999999999999600e-01 2.012469414743864426e+00
-9.499999999999999556e-01 1.981690006700411733e+00
-9.449999999999999512e-01 1.951056872708575529e+00
-9.399999999999999467e-01 1.920570012768357371e+00
-9.349999999999999423e-01 1.890229426879757257e+00
-9.299999999999999378e-01 1.860035115042772969e+00
-9.249999999999999334e-01 1.829987077257407391e+00
-9.199999999999999289e-01 1.800085313523658304e+00
-9.149999999999999245e-01 1.770329823841526817e+00
-9.099999999999999201e-01 1.740720608211013598e+00
-9.049999999999999156e-01 1.711257666632116647e+00
-8.999999999999999112e-01 1.681940999104837964e+00
-8.949999999999999067e-01 1.652770605629175993e+00
-8.899999999999999023e-01 1.623746486205131401e+00
-8.849999999999998979e-01 1.594868640832705298e+00
-8.799999999999998934e-01 1.566137069511895241e+00
-8.749999999999998890e-01 1.537551772242702786e+00
-8.699999999999998845e-01 1.509112749025128819e+00
-8.649999999999998801e-01 1.480819999859171121e+00
-8.599999999999998757e-01 1.452673524744830802e+00
-8.549999999999998712e-01 1.424673323682109194e+00
-8.499999999999998668e-01 1.396819396671003632e+00
-8.449999999999998623e-01 1.369111743711517004e+00
-8.399999999999998579e-01 1.341550364803646422e+00
-8.349999999999998535e-01 1.314135259947392997e+00
-8.299999999999998490e-01 1.286866429142758506e+00
-8.249999999999998446e-01 1.259743872389740060e+00
-8.199999999999998401e-01 1.232767589688339882e+00
-8.149999999999998357e-01 1.205937581038556417e+00
-8.099999999999998312e-01 1.179253846440390108e+00
-8.049999999999998268e-01 1.152716385893842510e+00
-7.999999999999998224e-01 1.126325199398911403e+00
-7.949999999999998179e-01 1.100080286955597453e+00
-7.899999999999998135e-01 1.073981648563901992e+00
-7.849999999999998090e-01 1.048029284223822577e+00
-7.799999999999998046e-01 1.022223193935362096e+00
-7.749999999999998002e-01 9.965633776985177716e-01
-7.699999999999997957e-01 9.710498355132910486e-01
-7.649999999999997913e-01 9.456825673796815934e-01
-7.599999999999997868e-01 9.204615732976906273e-01
-7.549999999999997824e-01 8.953868532673165959e-01
-7.499999999999997780e-01 8.704584072885593882e-01
-7.449999999999997735e-01 8.456762353614197814e-01
-7.399999999999997691e-01 8.210403374858971093e-01
-7.349999999999997646e-01 7.965507136619934814e-01
-7.299999999999997602e-01 7.722073638897056780e-01
-7.249999999999997558e-01 7.480102881690365857e-01
-7.199999999999997513e-01 7.239594864999837620e-01
-7.149999999999997469e-01 7.000549588825483172e-01
-7.099999999999997424e-01 6.762967053167313614e-01
-7.049999999999997380e-01 6.526847258025308962e-01
-6.999999999999997335e-01 6.292190203399480319e-01
-6.949999999999997291e-01 6.058995889289827685e-01
-6.899999999999997247e-01 5.827264315696344399e-01
-6.849999999999997202e-01 5.596995482619039342e-01
-6.799999999999997158e-01 5.368189390057910293e-01
-6.749999999999997113e-01 5.140846038012951702e-01
-6.699999999999997069e-01 4.914965426484170785e-01
-6.649999999999997025e-01 4.690547555471558105e-01
-6.599999999999996980e-01 4.467592424975124210e-01
-6.549999999999996936e-01 4.246100034994863548e-01
-6.499999999999996891e-01 4.026070385530773343e-01
-6.449999999999996847e-01 3.807503476582861923e-01
-6.399999999999996803e-01 3.590399308151123181e-01
-6.349999999999996758e-01 3.374757880235559337e-01
-6.299999999999996714e-01 3.160579192836168172e-01
-6.249999999999996669e-01 2.947863245952950240e-01
-6.199999999999996625e-01 2.736610039585908871e-01
-6.149999999999996581e-01 2.526819573735040181e-01
-6.099999999999996536e-01 2.318491848400341948e-01
-6.049999999999996492e-01 2.111626863581823055e-01
-5.999999999999996447e-01 1.906224619279476840e-01
-5.949999999999996403e-01 1.702285115493305245e-01
-5.899999999999996358e-01 1.499808352223308827e-01
-5.849999999999996314e-01 1.298794329469482867e-01
-5.799999999999996270e-01 1.099243047231831527e-01
-5.749999999999996225e-01 9.011545055103573065e-02
-5.699999999999996181e-01 7.045287043050517395e-02
-5.649999999999996136e-01 5.093656436159250261e-02
-5.599999999999996092e-01 3.156653234429731419e-02
-5.549999999999996048e-01 1.234277437861940052e-02
-5.499999999999996003e-01 -6.734709535441029370e-03
-5.449999999999995959e-01 -2.566591939788460258e-02
-5.399999999999995914e-01 -4.445085520871027568e-02
-5.349999999999995870e-01 -6.308951696791846586e-02
-5.299999999999995826e-01 -8.158190467550958946e-02
-5.249999999999995781e-01 -9.992801833148302892e-02
-5.199999999999995737e-01 -1.181278579358391867e-01
-5.149999999999995692e-01 -1.361814234885778685e-01
-5.099999999999995648e-01 -1.540887149896990604e-01
-5.049999999999995604e-01 -1.718497324392032066e-01
-4.999999999999995559e-01 -1.894644758370896409e-01
-4.949999999999995515e-01 -2.069329451833586131e-01
-4.899999999999995470e-01 -2.242551404780104840e-01
-4.849999999999995426e-01 -2.414310617210446985e-01
-4.799999999999995381e-01 -2.584607089124614232e-01
-4.749999999999995337e-01 -2.753440820522608523e-01
-4.699999999999995293e-01 -2.920811811404428471e-01
-4.649999999999995248e-01 -3.086720061770077406e-01
-4.599999999999995204e-01 -3.251165571619548667e-01
-4.549999999999995159e-01 -3.414148340952846694e-01
-4.499999999999995115e-01 -3.575668369769972044e-01
-4.449999999999995071e-01 -3.735725658070921940e-01
-4.399999999999995026e-01 -3.894320205855696937e-01
-4.349999999999994982e-01 -4.051452013124299256e-01
-4.299999999999994937e-01 -4.207121079876726122e-01
-4.249999999999994893e-01 -4.361327406112981975e-01
-4.199999999999994849e-01 -4.514070991833060709e-01
-4.149999999999994804e-01 -4.665351837036965654e-01
-4.099999999999994760e-01 -4.815169941724700142e-01
-4.049999999999994715e-01 -4.963525305896256401e-01
-3.999999999999994671e-01 -5.110417929551638316e-01
-3.949999999999994627e-01 -5.255847812690848109e-01
-3.899999999999994582e-01 -5.399814955313883003e-01
-3.849999999999994538e-01 -5.542319357420746329e-01
-3.799999999999994493e-01 -5.683361019011432536e-01
-3.749999999999994449e-01 -5.822939940085944954e-01
-3.699999999999994404e-01 -5.961056120644285805e-01
-3.649999999999994360e-01 -6.097709560686449537e-01
-3.599999999999994316e-01 -6.232900260212440591e-01
-3.549999999999994271e-01 -6.366628219222256746e-01
-3.499999999999994227e-01 -6.498893437715898003e-01
-3.449999999999994182e-01 -6.629695915693368802e-01
-3.399999999999994138e-01 -6.759035653154663592e-01
-3.349999999999994094e-01 -6.886912650099782374e-01
-3.299999999999994049e-01 -7.013326906528730698e-01
-3.249999999999994005e-01 -7.138278422441503013e-01
-3.199999999999993960e-01 -7.261767197838100429e-01
-3.149999999999993916e-01 -7.383793232718524058e-01
-3.099999999999993872e-01 -7.504356527082773898e-01
-3.049999999999993827e-01 -7.623457080930852170e-01
-2.999999999999993783e-01 -7.741094894262752213e-01
-2.949999999999993738e-01 -7.857269967078480688e-01
-2.899999999999993694e-01 -7.971982299378035375e-01
-2.849999999999993650e-01 -8.085231891161414053e-01
-2.799999999999993605e-01 -8.197018742428620053e-01
-2.749999999999993561e-01 -8.307342853179650044e-01
-2.699999999999993516e-01 -8.416204223414508467e-01
-2.649999999999993472e-01 -8.523602853133194213e-01
-2.599999999999993427e-01 -8.629538742335701729e-01
-2.549999999999993383e-01 -8.734011891022036567e-01
-2.499999999999993339e-01 -8.837022299192199837e-01
-2.449999999999993294e-01 -8.938569966846187098e-01
-2.399999999999993250e-01 -9.038654893983999461e-01
-2.349999999999993205e-01 -9.137277080605636925e-01
-2.299999999999993161e-01 -9.234436526711101711e-01
-2.249999999999993117e-01 -9.330133232300393820e-01
-2.199999999999993072e-01 -9.424367197373511029e-01
-2.149999999999993028e-01 -9.517138421930452230e-01
-2.099999999999992983e-01 -9.608446905971222973e-01
-2.049999999999992939e-01 -9.698292649495816597e-01
-1.999999999999992895e-01 -9.786675652504237544e-01
-1.949999999999992850e-01 -9.873595914996483591e-01
-1.899999999999992806e-01 -9.959053436972554740e-01
-1.849999999999992761e-01 -1.004304821843245321e+00
-1.799999999999992717e-01 -1.012558025937617678e+00
-1.749999999999992673e-01 -1.020664955980372879e+00
-1.699999999999992628e-01 -1.028625611971510478e+00
-1.649999999999992584e-01 -1.036439993911030477e+00
-1.599999999999992539e-01 -1.044108101798933541e+00
-1.549999999999992495e-01 -1.051629935635218782e+00
-1.499999999999992450e-01 -1.059005495419886644e+00
-1.449999999999992406e-01 -1.066234781152937350e+00
-1.399999999999992362e-01 -1.073317792834370676e+00
-1.349999999999992317e-01 -1.080254530464186180e+00
-1.299999999999992273e-01 -1.087044994042384749e+00
-1.249999999999992228e-01 -1.093689183568965495e+00
-1.199999999999992184e-01 -1.100187099043929084e+00
-1.149999999999992140e-01 -1.106538740467275295e+00
-1.099999999999992095e-01 -1.112744107839003904e+00
-1.049999999999992051e-01 -1.118803201159115357e+00
-9.999999999999920064e-02 -1.124716020427608987e+00
-9.499999999999919620e-02 -1.130482565644485682e+00
-8.999999999999919176e-02 -1.136102836809744776e+00
-8.499999999999918732e-02 -1.141576833923386269e+00
-7.999999999999918288e-02 -1.146904556985410606e+00
-7.499999999999917843e-02 -1.152086005995817564e+00
-6.999999999999917399e-02 -1.157121180954606920e+00
-6.499999999999916955e-02 -1.162010081861779121e+00
-5.999999999999916511e-02 -1.166752708717333720e+00
-5.499999999999916067e-02 -1.171349061521270718e+00
-4.999999999999915623e-02 -1.175799140273590782e+00
-4.499999999999915179e-02 -1.180102944974293244e+00
-3.999999999999914735e-02 -1.184260475623378106e+00
-3.499999999999914291e-02 -1.188271732220845811e+00
-2.999999999999913847e-02 -1.192136714766695915e+00
-2.499999999999913403e-02 -1.195855423260928641e+00
-1.999999999999912959e-02 -1.199427857703543987e+00
-1.499999999999912514e-02 -1.202854018094542177e+00
-9.999999999999120703e-03 -1.206133904433922543e+00
-4.999999999999116262e-03 -1.209267516721685753e+00
8.881784197001252323e-16 -1.212254854957831585e+00
5.000000000000781597e-03 -1.215095919142359815e+00
1.000000000000089706e-02 -1.217790709275270666e+00
1.500000000000101252e-02 -1.220339225356564361e+00
2.000000000000090594e-02 -1.222741467386240455e+00
2.500000000000079936e-02 -1.224997435364299170e+00
3.000000000000091482e-02 -1.227107129290740728e+00
3.500000000000103029e-02 -1.229070549165564463e+00
4.000000000000092371e-02 -1.230887694988770820e+00
4.500000000000081712e-02 -1.232558566760359797e+00
5.000000000000093259e-02 -1.234083164480331618e+00
5.500000000000104805e-02 -1.235461488148686060e+00
6.000000000000094147e-02 -1.236693537765422901e+00
6.500000000000083489e-02 -1.237779313330542363e+00
7.000000000000095035e-02 -1.238718814844044447e+00
7.500000000000106581e-02 -1.239512042305928929e+00
8.000000000000095923e-02 -1.240158995716196255e+00
8.500000000000085265e-02 -1.240659675074845980e+00
9.000000000000096811e-02 -1.241014080381878548e+00
9.500000000000108358e-02 -1.241222211637293515e+00
1.000000000000009770e-01 -1.241284068841091104e+00
1.050000000000008704e-01 -1.241199651993271313e+00
1.100000000000009859e-01 -1.240968961093834144e+00
1.150000000000011013e-01 -1.240591996142779374e+00
1.200000000000009948e-01 -1.240068757140107447e+00
1.250000000000008882e-01 -1.239399244085817919e+00
1.300000000000010036e-01 -1.238583456979911235e+00
1.350000000000011191e-01 -1.237621395822386727e+00
1.400000000000010125e-01 -1.236513060613245285e+00
1.450000000000009059e-01 -1.235258451352486020e+00
1.500000000000010214e-01 -1.233857568040109598e+00
1.550000000000011369e-01 -1.232310410676115797e+00
1.600000000000010303e-01 -1.230616979260504618e+00
1.650000000000009237e-01 -1.228777273793275837e+00
1.700000000000010392e-01 -1.226791294274429678e+00
1.750000000000011546e-01 -1.224659040703966140e+00
1.800000000000010481e-01 -1.222380513081885223e+00
1.850000000000009415e-01 -1.219955711408187149e+00
1.900000000000010569e-01 -1.217384635682871252e+00
1.950000000000011724e-01 -1.214667285905937977e+00
2.000000000000010658e-01 -1.211803662077387544e+00
2.050000000000009592e-01 -1.208793764197219733e+00
2.100000000000010747e-01 -1.205637592265434321e+00
2.150000000000011902e-01 -1.202335146282031308e+00
2.200000000000010836e-01 -1.198886426247011139e+00
2.250000000000009770e-01 -1.195291432160373812e+00
2.300000000000010925e-01 -1.191550164022118663e+00
2.350000000000012079e-01 -1.187662621832246357e+00
2.400000000000011013e-01 -1.183628805590756450e+00
2.450000000000009948e-01 -1.179448715297649386e+00
2.500000000000011102e-01 -1.175122350952924721e+00
2.550000000000012257e-01 -1.170649712556582678e+00
2.600000000000011191e-01 -1.166030800108623033e+00
2.650000000000010125e-01 -1.161265613609046676e+00
2.700000000000011280e-01 -1.156354153057852052e+00
2.750000000000012434e-01 -1.151296418455040271e+00
2.800000000000011369e-01 -1.146092409800611334e+00
2.850000000000010303e-01 -1.140742127094565017e+00
2.900000000000011458e-01 -1.135245570336901100e+00
2.950000000000012612e-01 -1.129602739527619581e+00
3.000000000000011546e-01 -1.123813634666721128e+00
3.050000000000010481e-01 -1.117878255754205075e+00
3.100000000000011635e-01 -1.111796602790071420e+00
3.150000000000012790e-01 -1.105568675774320386e+00
3.200000000000011724e-01 -1.099194474706952196e+00
3.250000000000010658e-01 -1.092673999587966627e+00
3.300000000000011813e-01 -1.086007250417363235e+00
3.350000000000012967e-01 -1.079194227195142686e+00
3.400000000000011902e-01 -1.072234929921304758e+00
3.450000000000010836e-01 -1.065129358595849673e+00
3.500000000000011990e-01 -1.057877513218776766e+00
3.550000000000013145e-01 -1.050479393790086480e+00
3.600000000000012079e-01 -1.042935000309779037e+00
3.650000000000011013e-01 -1.035244332777854215e+00
3.700000000000012168e-01 -1.027407391194311570e+00
3.750000000000013323e-01 -1.019424175559151324e+00
3.800000000000012257e-01 -1.011294685872374810e+00
3.850000000000011191e-01 -1.003018922133980029e+00
3.900000000000012346e-01 -9.945968843439678686e-01
3.950000000000013500e-01 -9.860285725023382186e-01
4.000000000000012434e-01 -9.773139866090916339e-01
4.050000000000011369e-01 -9.684531266642274483e-01
4.100000000000012523e-01 -9.594459926677457728e-01
4.150000000000013678e-01 -9.502925846196464965e-01
4.200000000000012612e-01 -9.409929025199299524e-01
4.250000000000011546e-01 -9.315469463685966955e-01
4.300000000000012701e-01 -9.219547161656448386e-01
4.350000000000013856e-01 -9.122162119110760470e-01
4.400000000000012790e-01 -9.023314336048902096e-01
4.450000000000011724e-01 -8.923003812470869933e-01
4.500000000000012879e-01 -8.821230548376659542e-01
4.550000000000014033e-01 -8.717994543766269810e-01
4.600000000000012967e-01 -8.613295798639718504e-01
4.650000000000011902e-01 -8.507134312996986747e-01
4.700000000000013056e-01 -8.399510086838078982e-01
4.750000000000014211e-01 -8.290423120162998538e-01
4.800000000000013145e-01 -8.179873412971746527e-01
4.850000000000012079e-01 -8.067860965264321838e-01
4.900000000000013234e-01 -7.954385777040718919e-01
4.950000000000014388e-01 -7.839447848300941102e-01
5.000000000000013323e-01 -7.723047179044989496e-01
5.050000000000012257e-01 -7.605183769272872985e-01
5.100000000000013411e-01 -7.485857618984568251e-01
5.150000000000014566e-01 -7.365068728180095281e-01
5.200000000000013500e-01 -7.242817096859451853e-01
5.250000000000012434e-01 -7.119102725022634637e-01
5.300000000000013589e-01 -6.993925612669638081e-01
5.350000000000014744e-01 -6.867285759800463296e-01
5.400000000000013678e-01 -6.739183166415128046e-01
5.450000000000012612e-01 -6.609617832513609015e-01
5.500000000000013767e-01 -6.478589758095917306e-01
5.550000000000014921e-01 -6.346098943162050698e-01
5.600000000000013856e-01 -6.212145387712014744e-01
5.650000000000012790e-01 -6.076729091745805000e-01
5.700000000000013944e-01 -5.939850055263415918e-01
5.750000000000015099e-01 -5.801508278264853047e-01
5.800000000000014033e-01 -5.661703760750116388e-01
5.850000000000012967e-01 -5.520436502719215932e-01
5.900000000000014122e-01 -5.377706504172125035e-01
5.950000000000015277e-01 -5.233513765108865901e-01
6.000000000000014211e-01 -5.087858285529437419e-01
6.050000000000013145e-01 -4.940740065433841255e-01
6.100000000000014300e-01 -4.792159104822048543e-01
6.150000000000015454e-01 -4.642115403694093145e-01
6.200000000000014388e-01 -4.490608962049974506e-01
6.250000000000013323e-01 -4.337639779889670977e-01
6.300000000000014477e-01 -4.183207857213191994e-01
6.350000000000015632e-01 -4.027313194020540887e-01
6.400000000000014566e-01 -3.869955790311724875e-01
6.450000000000013500e-01 -3.711135646086725082e-01
6.500000000000014655e-01 -3.550852761345551500e-01
6.550000000000015810e-01 -3.389107136088203021e-01
6.600000000000014744e-01 -3.225898770314680197e-01
6.650000000000013678e-01 -3.061227664024995798e-01
6.700000000000014833e-01 -2.895093817219124843e-01
6.750000000000015987e-01 -2.727497229897081210e-01
6.800000000000014921e-01 -2.558437902058860458e-01
6.850000000000013856e-01 -2.387915833704469248e-01
6.900000000000015010e-01 -2.215931024833901197e-01
6.950000000000016165e-01 -2.042483475447160191e-01
7.000000000000015099e-01 -1.867573185544257053e-01
7.050000000000014033e-01 -1.691200155125168469e-01
7.100000000000015188e-01 -1.513364384189905265e-01
7.150000000000016342e-01 -1.334065872738467162e-01
7.200000000000015277e-01 -1.153304620770856243e-01
7.250000000000014211e-01 -9.710806282870830530e-02
7.300000000000015365e-01 -7.873938952871226138e-02
7.350000000000016520e-01 -6.022444217709894271e-02
7.400000000000015454e-01 -4.156322077386813418e-02
7.450000000000014388e-01 -2.275572531902130685e-02
7.500000000000015543e-01 -3.801955812555538137e-03
7.550000000000016698e-01 1.529808774552875172e-02
7.600000000000015632e-01 3.454440535522781963e-02
7.650000000000014566e-01 5.393699701654437045e-02
7.700000000000015721e-01 7.347586272948089525e-02
7.750000000000016875e-01 9.316100249403366784e-02
7.800000000000015810e-01 1.129924163102022372e-01
7.850000000000014744e-01 1.329701041779897674e-01
7.900000000000015898e-01 1.530940660973945655e-01
7.950000000000017053e-01 1.733643020684170477e-01
8.000000000000015987e-01 1.937808120910551324e-01
8.050000000000014921e-01 2.143435961653123722e-01
8.100000000000016076e-01 2.350526542911868799e-01
8.150000000000017231e-01 2.559079864686788497e-01
8.200000000000016165e-01 2.769095926977881428e-01
8.250000000000015099e-01 2.980574729785134269e-01
8.300000000000016254e-01 3.193516273108574777e-01
8.350000000000017408e-01 3.407920556948191848e-01
8.400000000000016342e-01 3.623787581303981598e-01
8.450000000000015277e-01 3.841117346175944580e-01
8.500000000000016431e-01 4.059909851564084127e-01
8.550000000000017586e-01 4.280165097468396351e-01
8.600000000000016520e-01 4.501883083888866821e-01
8.650000000000015454e-01 4.725063810825526622e-01
8.700000000000016609e-01 4.949707278278361322e-01
8.750000000000017764e-01 5.175813486247368145e-01
8.800000000000016698e-01 5.403382434732550976e-01
8.850000000000015632e-01 5.632414123733890943e-01
8.900000000000016787e-01 5.862908553251422461e-01
8.950000000000017941e-01 6.094865723285127768e-01
9.000000000000016875e-01 6.328285633835006863e-01
9.050000000000015810e-01 6.563168284901044203e-01
9.100000000000016964e-01 6.799513676483271984e-01
9.150000000000018119e-01 7.037321808581687987e-01
9.200000000000017053e-01 7.276592681196247803e-01
9.250000000000015987e-01 7.517326294326980296e-01
9.300000000000017142e-01 7.759522647973919884e-01
9.350000000000018296e-01 8.003181742137018828e-01
9.400000000000017231e-01 8.248303576816273797e-01
9.450000000000016165e-01 8.494888152011718097e-01
9.500000000000017319e-01 8.742935467723339515e-01
9.550000000000018474e-01 8.992445523951133612e-01
9.600000000000017408e-01 9.243418320695083734e-01
9.650000000000016342e-01 9.495853857955223187e-01
9.700000000000017497e-01 9.749752135731539759e-01
9.750000000000018652e-01 1.000511315402403012e+00
9.800000000000017586e-01 1.026193691283269427e+00
9.850000000000016520e-01 1.052022341215751222e+00
9.900000000000017675e-01 1.077997265199852839e+00
9.950000000000018829e-01 1.104118463235571390e+00
1.000000000000001776e+00 1.130385935322907542e+00
