-1.000000000000000000e+00 -5.298221057750673424e+00
-9.949999999999999956e-01 -5.301587736414170138e+00
-9.899999999999999911e-01 -5.304955665850933144e+00
-9.849999999999999867e-01 -5.308324844922047703e+00
-9.799999999999999822e-01 -5.311695267199432635e+00
-9.749999999999999778e-01 -5.315066948155866555e+00
-9.699999999999999734e-01 -5.318439874193039429e+00
-9.649999999999999689e-01 -5.321814047942574177e+00
-9.599999999999999645e-01 -5.325189469734844749e+00
-9.549999999999999600e-01 -5.328566162043692600e+00
-9.499999999999999556e-01 -5.331944088333123943e+00
-9.449999999999999512e-01 -5.335323278205599706e+00
-9.399999999999999467e-01 -5.338703712791605938e+00
-9.349999999999999423e-01 -5.342085401840243719e+00
-9.299999999999999378e-01 -5.345468343949526968e+00
-9.249999999999999334e-01 -5.348852544838130996e+00
-9.199999999999999289e-01 -5.352237996033657907e+00
-9.149999999999999245e-01 -5.355624698928089344e+00
-9.099999999999999201e-01 -5.359012667778209504e+00
-9.049999999999999156e-01 -5.362401888814041229e+00
-8.999999999999999112e-01 -5.365792353848540586e+00
-8.949999999999999067e-01 -5.369184080220541944e+00
-8.899999999999999023e-01 -5.372577068381154675e+00
-8.849999999999998979e-01 -5.375971310585121898e+00
-8.799999999999998934e-01 -5.379366808053894999e+00
-8.749999999999998890e-01 -5.382763569661641156e+00
-8.699999999999998845e-01 -5.386161576179368637e+00
-8.649999999999998801e-01 -5.389560849459961389e+00
-8.599999999999998757e-01 -5.392961388192382799e+00
-8.549999999999998712e-01 -5.396363168943729249e+00
-8.499999999999998668e-01 -5.399766228951897062e+00
-8.449999999999998623e-01 -5.403170529416023271e+00
-8.399999999999998579e-01 -5.406576100992445788e+00
-8.349999999999998535e-01 -5.409982931820444207e+00
-8.299999999999998490e-01 -5.413391035152493203e+00
-8.249999999999998446e-01 -5.416800382501854472e+00
-8.199999999999998401e-01 -5.420210996543595172e+00
-8.149999999999998357e-01 -5.423622872232520820e+00
-8.099999999999998312e-01 -5.427036011638413981e+00
-8.049999999999998268e-01 -5.430450416678716863e+00
-7.999999999999998224e-01 -5.433866078485628748e+00
-7.949999999999998179e-01 -5.437283011835937430e+00
-7.899999999999998135e-01 -5.440701207680170626e+00
-7.849999999999998090e-01 -5.444120664904652074e+00
-7.799999999999998046e-01 -5.447541389568890224e+00
-7.749999999999998002e-01 -5.450963374502883596e+00
-7.699999999999997957e-01 -5.454386630533711866e+00
-7.649999999999997913e-01 -5.457811148144877222e+00
-7.599999999999997868e-01 -5.461236939240983190e+00
-7.549999999999997824e-01 -5.464663985807440838e+00
-7.499999999999997780e-01 -5.468092311018857288e+00
-7.449999999999997735e-01 -5.471521906993096707e+00
-7.399999999999997691e-01 -5.474952759954270221e+00
-7.349999999999997646e-01 -5.478384878129894275e+00
-7.299999999999997602e-01 -5.481818269302515034e+00
-7.249999999999997558e-01 -5.485252938423649027e+00
-7.199999999999997513e-01 -5.488688875327419225e+00
-7.149999999999997469e-01 -5.492126075886993419e+00
-7.099999999999997424e-01 -5.495564551120217800e+00
-7.049999999999997380e-01 -5.499004292922812454e+00
-6.999999999999997335e-01 -5.502445309362677506e+00
-6.949999999999997291e-01 -5.505887593034479721e+00
-6.899999999999997247e-01 -5.509331155081802933e+00
-6.849999999999997202e-01 -5.512775983434742955e+00
-6.799999999999997158e-01 -5.516222090613176476e+00
-6.749999999999997113e-01 -5.519669467723609557e+00
-6.699999999999997069e-01 -5.523118115125065231e+00
-6.649999999999997025e-01 -5.526568045880161151e+00
-6.599999999999996980e-01 -5.530019248518350139e+00
-6.549999999999996936e-01 -5.533471724896138255e+00
-6.499999999999996891e-01 -5.536925473781160179e+00
-6.449999999999996847e-01 -5.540380504719244925e+00
-6.399999999999996803e-01 -5.543836808775061797e+00
-6.349999999999996758e-01 -5.547294383360188874e+00
-6.299999999999996714e-01 -5.550753245262534108e+00
-6.249999999999996669e-01 -5.554213381343764411e+00
-6.199999999999996625e-01 -5.557674786632581743e+00
-6.149999999999996581e-01 -5.561137479674492567e+00
-6.099999999999996536e-01 -5.564601448568531339e+00
-6.049999999999996492e-01 -5.568066698431287875e+00
-5.999999999999996447e-01 -5.571533227429220858e+00
-5.949999999999996403e-01 -5.575001034099635433e+00
-5.899999999999996358e-01 -5.578470127424246527e+00
-5.849999999999996314e-01 -5.581940494737885672e+00
-5.799999999999996270e-01 -5.585412147046803000e+00
-5.749999999999996225e-01 -5.588885076960444565e+00
-5.699999999999996181e-01 -5.592359294516221269e+00
-5.649999999999996136e-01 -5.595834791974787947e+00
-5.599999999999996092e-01 -5.599311568890492197e+00
-5.549999999999996048e-01 -5.602789637596764294e+00
-5.499999999999996003e-01 -5.606268979839590827e+00
-5.449999999999995959e-01 -5.609749610836409772e+00
-5.399999999999995914e-01 -5.613231529078142046e+00
-5.349999999999995870e-01 -5.616714733078445931e+00
-5.299999999999995826e-01 -5.620199220549032759e+00
-5.249999999999995781e-01 -5.623684991769344776e+00
-5.199999999999995737e-01 -5.627172055398453665e+00
-5.149999999999995692e-01 -5.630660396290089409e+00
-5.099999999999995648e-01 -5.634150034381740113e+00
-5.049999999999995604e-01 -5.637640956656262858e+00
-4.999999999999995559e-01 -5.641133162339905027e+00
-4.949999999999995515e-01 -5.644626659202025110e+00
-4.899999999999995470e-01 -5.648121450000438415e+00
-4.849999999999995426e-01 -5.651617526794801449e+00
-4.799999999999995381e-01 -5.655114892628738232e+00
-4.749999999999995337e-01 -5.658613548442666286e+00
-4.699999999999995293e-01 -5.662113493392801900e+00
-4.649999999999995248e-01 -5.665614736480186764e+00
-4.599999999999995204e-01 -5.669117269436377171e+00
-4.549999999999995159e-01 -5.672621094162671795e+00
-4.499999999999995115e-01 -5.676126215638554129e+00
-4.449999999999995071e-01 -5.679632618365324959e+00
-4.399999999999995026e-01 -5.683140322772281650e+00
-4.349999999999994982e-01 -5.686649321829712278e+00
-4.299999999999994937e-01 -5.690159607992448798e+00
-4.249999999999994893e-01 -5.693671196364242348e+00
-4.199999999999994849e-01 -5.697184074343589089e+00
-4.149999999999994804e-01 -5.700698256393955887e+00
-4.099999999999994760e-01 -5.704213730539343885e+00
-4.049999999999994715e-01 -5.707730491770256265e+00
-3.999999999999994671e-01 -5.711248563136926748e+00
-3.949999999999994627e-01 -5.714767928677950692e+00
-3.899999999999994582e-01 -5.718288594724093343e+00
-3.849999999999994538e-01 -5.721810555322484504e+00
-3.799999999999994493e-01 -5.725333811861467836e+00
-3.749999999999994449e-01 -5.728858372616080885e+00
-3.699999999999994404e-01 -5.732384233044307109e+00
-3.649999999999994360e-01 -5.735911390368322316e+00
-3.599999999999994316e-01 -5.739439852747430848e+00
-3.549999999999994271e-01 -5.742969616993626403e+00
-3.499999999999994227e-01 -5.746500679323411021e+00
-3.449999999999994182e-01 -5.750033047392911101e+00
-3.399999999999994138e-01 -5.753566714750171229e+00
-3.349999999999994094e-01 -5.757101687130010248e+00
-3.299999999999994049e-01 -5.760637957696665978e+00
-3.249999999999994005e-01 -5.764175535880461609e+00
-3.199999999999993960e-01 -5.767714428522388914e+00
-3.149999999999993916e-01 -5.771254614828215779e+00
-3.099999999999993872e-01 -5.774796109046086201e+00
-3.049999999999993827e-01 -5.778338907173541372e+00
-2.999999999999993783e-01 -5.781883011238299730e+00
-2.949999999999993738e-01 -5.785428430766408781e+00
-2.899999999999993694e-01 -5.788975154185457939e+00
-2.849999999999993650e-01 -5.792523174740175307e+00
-2.799999999999993605e-01 -5.796072514855971747e+00
-2.749999999999993561e-01 -5.799623168819401542e+00
-2.699999999999993516e-01 -5.803175110573668860e+00
-2.649999999999993472e-01 -5.806728383268612959e+00
-2.599999999999993427e-01 -5.810282953602857958e+00
-2.549999999999993383e-01 -5.813838840666015528e+00
-2.499999999999993339e-01 -5.817396037252613894e+00
-2.449999999999993294e-01 -5.820954546001324559e+00
-2.399999999999993250e-01 -5.824514364525860799e+00
-2.349999999999993205e-01 -5.828075496757286089e+00
-2.299999999999993161e-01 -5.831637940493713756e+00
-2.249999999999993117e-01 -5.835201708875523252e+00
-2.199999999999993072e-01 -5.838766778219472542e+00
-2.149999999999993028e-01 -5.842333167089712731e+00
-2.099999999999992983e-01 -5.845900867123212663e+00
-2.049999999999992939e-01 -5.849469886902419091e+00
-1.999999999999992895e-01 -5.853040218522004068e+00
-1.949999999999992850e-01 -5.856611878756005751e+00
-1.899999999999992806e-01 -5.860184841795465616e+00
-1.849999999999992761e-01 -5.863759128525792619e+00
-1.799999999999992717e-01 -5.867334728400713573e+00
-1.749999999999992673e-01 -5.870911654401673729e+00
-1.699999999999992628e-01 -5.874489898047862368e+00
-1.649999999999992584e-01 -5.878069452534212758e+00
-1.599999999999992539e-01 -5.881650331261219833e+00
-1.549999999999992495e-01 -5.885232536964188910e+00
-1.499999999999992450e-01 -5.888816052852028804e+00
-1.449999999999992406e-01 -5.892400899606194287e+00
-1.399999999999992362e-01 -5.895987056955412697e+00
-1.349999999999992317e-01 -5.899574547748009934e+00
-1.299999999999992273e-01 -5.903163359069615979e+00
-1.249999999999992228e-01 -5.906753491817447355e+00
-1.199999999999992184e-01 -5.910344951926411738e+00
-1.149999999999992140e-01 -5.913937730179235075e+00
-1.099999999999992095e-01 -5.917531835547400476e+00
-1.049999999999992051e-01 -5.921127267351515400e+00
-9.999999999999920064e-02 -5.924724023545216767e+00
-9.499999999999919620e-02 -5.928322110834663761e+00
-8.999999999999919176e-02 -5.931921519186992953e+00
-8.499999999999918732e-02 -5.935522256512079764e+00
-7.999999999999918288e-02 -5.939124320731274054e+00
-7.499999999999917843e-02 -5.942727718763329392e+00
-6.999999999999917399e-02 -5.946332441098569177e+00
-6.499999999999916955e-02 -5.949938492714430538e+00
-5.999999999999916511e-02 -5.953545872938342143e+00
-5.499999999999916067e-02 -5.957154591423680756e+00
-4.999999999999915623e-02 -5.960764638326075726e+00
-4.499999999999915179e-02 -5.964376009596684014e+00
-3.999999999999914735e-02 -5.967988714529404604e+00
-3.499999999999914291e-02 -5.971602755102843219e+00
-2.999999999999913847e-02 -5.975218127303399740e+00
-2.499999999999913403e-02 -5.978834835082373900e+00
-1.999999999999912959e-02 -5.982452874508247476e+00
-1.499999999999912514e-02 -5.986072252974302899e+00
-9.999999999999120703e-03 -5.989692960351952422e+00
-4.999999999999116262e-03 -5.993315003774135619e+00
8.881784197001252323e-16 -5.996938385402266647e+00
5.000000000000781597e-03 -6.000563106920274947e+00
1.000000000000089706e-02 -6.004189160250028579e+00
1.500000000000101252e-02 -6.007816557717454486e+00
2.000000000000090594e-02 -6.011445284750855933e+00
2.500000000000079936e-02 -6.015075352998586311e+00
3.000000000000091482e-02 -6.018706766545186326e+00
3.500000000000103029e-02 -6.022339517255680619e+00
4.000000000000092371e-02 -6.025973604854492294e+00
4.500000000000081712e-02 -6.029609031790435836e+00
5.000000000000093259e-02 -6.033245804030705983e+00
5.500000000000104805e-02 -6.036883917758608220e+00
6.000000000000094147e-02 -6.040523374251300481e+00
6.500000000000083489e-02 -6.044164171985606515e+00
7.000000000000095035e-02 -6.047806312918758920e+00
7.500000000000106581e-02 -6.051449799007308172e+00
8.000000000000095923e-02 -6.055094629113021654e+00
8.500000000000085265e-02 -6.058740803791145879e+00
9.000000000000096811e-02 -6.062388324167180542e+00
9.500000000000108358e-02 -6.066037193048281040e+00
1.000000000000009770e-01 -6.069687409754372709e+00
1.050000000000008704e-01 -6.073338968216624778e+00
1.100000000000009859e-01 -6.076991876495434042e+00
1.150000000000011013e-01 -6.080646131672914123e+00
1.200000000000009948e-01 -6.084301736564178498e+00
1.250000000000008882e-01 -6.087958691252445931e+00
1.300000000000010036e-01 -6.091616997487584229e+00
1.350000000000011191e-01 -6.095276651991092365e+00
1.400000000000010125e-01 -6.098937658716089061e+00
1.450000000000009059e-01 -6.102600020034763872e+00
1.500000000000010214e-01 -6.106263723763525775e+00
1.550000000000011369e-01 -6.109928786846715809e+00
1.600000000000010303e-01 -6.113595205806198862e+00
1.650000000000009237e-01 -6.117262973920581715e+00
1.700000000000010392e-01 -6.120932095191641054e+00
1.750000000000011546e-01 -6.124602573157083896e+00
1.800000000000010481e-01 -6.128274407866705076e+00
1.850000000000009415e-01 -6.131947596639086839e+00
1.900000000000010569e-01 -6.135622141424867948e+00
1.950000000000011724e-01 -6.139298044651717134e+00
2.000000000000010658e-01 -6.142975304963123051e+00
2.050000000000009592e-01 -6.146653921642858620e+00
2.100000000000010747e-01 -6.150333900553754063e+00
2.150000000000011902e-01 -6.154015234885285679e+00
2.200000000000010836e-01 -6.157697930057587143e+00
2.250000000000009770e-01 -6.161381983725071620e+00
2.300000000000010925e-01 -6.165067403737360507e+00
2.350000000000012079e-01 -6.168754182968335442e+00
2.400000000000011013e-01 -6.172442318954630025e+00
2.450000000000009948e-01 -6.176131820539033868e+00
2.500000000000011102e-01 -6.179822688484385651e+00
2.550000000000012257e-01 -6.183514914782129779e+00
2.600000000000011191e-01 -6.187208513004883059e+00
2.650000000000010125e-01 -6.190903465133736461e+00
2.700000000000011280e-01 -6.194599792299435137e+00
2.750000000000012434e-01 -6.198297483837016841e+00
2.800000000000011369e-01 -6.201996538559818362e+00
2.850000000000010303e-01 -6.205696957730900465e+00
2.900000000000011458e-01 -6.209398750297644654e+00
2.950000000000012612e-01 -6.213101907123721901e+00
3.000000000000011546e-01 -6.216806432575616270e+00
3.050000000000010481e-01 -6.220512327596928515e+00
3.100000000000011635e-01 -6.224219594930239907e+00
3.150000000000012790e-01 -6.227928228776612229e+00
3.200000000000011724e-01 -6.231638236077763793e+00
3.250000000000010658e-01 -6.235349620115833602e+00
3.300000000000011813e-01 -6.239062366710889762e+00
3.350000000000012967e-01 -6.242776491231118996e+00
3.400000000000011902e-01 -6.246491988333694678e+00
3.450000000000010836e-01 -6.250208859334655642e+00
3.500000000000011990e-01 -6.253927102081455303e+00
3.550000000000013145e-01 -6.257646726169262763e+00
3.600000000000012079e-01 -6.261367717055485116e+00
3.650000000000011013e-01 -6.265090089192675293e+00
3.700000000000012168e-01 -6.268813839770722041e+00
3.750000000000013323e-01 -6.272538966768046009e+00
3.800000000000012257e-01 -6.276265470146221048e+00
3.850000000000011191e-01 -6.279993347875027609e+00
3.900000000000012346e-01 -6.283722610914331597e+00
3.950000000000013500e-01 -6.287453249836310931e+00
4.000000000000012434e-01 -6.291185272150890739e+00
4.050000000000011369e-01 -6.294918672066181387e+00
4.100000000000012523e-01 -6.298653457890416973e+00
4.150000000000013678e-01 -6.302389623386964956e+00
4.200000000000012612e-01 -6.306127166528561645e+00
4.250000000000011546e-01 -6.309866097441521049e+00
4.300000000000012701e-01 -6.313606415486013645e+00
4.350000000000013856e-01 -6.317348109711041104e+00
4.400000000000012790e-01 -6.321091193861342106e+00
4.450000000000011724e-01 -6.324835659621633965e+00
4.500000000000012879e-01 -6.328581517350151842e+00
4.550000000000014033e-01 -6.332328759325285716e+00
4.600000000000012967e-01 -6.336077388158194879e+00
4.650000000000011902e-01 -6.339827405640129143e+00
4.700000000000013056e-01 -6.343578805794798825e+00
4.750000000000014211e-01 -6.347331601254403211e+00
4.800000000000013145e-01 -6.351085784298923897e+00
4.850000000000012079e-01 -6.354841361887132223e+00
4.900000000000013234e-01 -6.358598326916329313e+00
4.950000000000014388e-01 -6.362356679771231427e+00
5.000000000000013323e-01 -6.366116429594761428e+00
5.050000000000012257e-01 -6.369877570571837566e+00
5.100000000000013411e-01 -6.373640102539887664e+00
5.150000000000014566e-01 -6.377404025070994464e+00
5.200000000000013500e-01 -6.381169349770992483e+00
5.250000000000012434e-01 -6.384936068004456899e+00
5.300000000000013589e-01 -6.388704180559010126e+00
5.350000000000014744e-01 -6.392473693234272503e+00
5.400000000000013678e-01 -6.396244592917376792e+00
5.450000000000012612e-01 -6.400016895581551069e+00
5.500000000000013767e-01 -6.403790599488296209e+00
5.550000000000014921e-01 -6.407565697665198456e+00
5.600000000000013856e-01 -6.411342196450071640e+00
5.650000000000012790e-01 -6.415120096609619793e+00
5.700000000000013944e-01 -6.418899389303781788e+00
5.750000000000015099e-01 -6.422680095435701730e+00
5.800000000000014033e-01 -6.426462198155853400e+00
5.850000000000012967e-01 -6.430245702797058982e+00
5.900000000000014122e-01 -6.434030607929138057e+00
5.950000000000015277e-01 -6.437816923462399643e+00
6.000000000000014211e-01 -6.441604634005692276e+00
6.050000000000013145e-01 -6.445393750004107858e+00
6.100000000000014300e-01 -6.449184277450306979e+00
6.150000000000015454e-01 -6.452976205128173603e+00
6.200000000000014388e-01 -6.456769544589199938e+00
6.250000000000013323e-01 -6.460564289469196808e+00
6.300000000000014477e-01 -6.464360443216740748e+00
6.350000000000015632e-01 -6.468158006888437228e+00
6.400000000000014566e-01 -6.471956975681472102e+00
6.450000000000013500e-01 -6.475757351983268961e+00
6.500000000000014655e-01 -6.479559145257120178e+00
6.550000000000015810e-01 -6.483362347554496807e+00
6.600000000000014744e-01 -6.487166955573023586e+00
6.650000000000013678e-01 -6.490972982925789836e+00
6.700000000000014833e-01 -6.494780418732510441e+00
6.750000000000015987e-01 -6.498589277487347715e+00
6.800000000000014921e-01 -6.502399538392431566e+00
6.850000000000013856e-01 -6.506211216847553658e+00
6.900000000000015010e-01 -6.510024315543908813e+00
6.950000000000016165e-01 -6.513838826990671294e+00
7.000000000000015099e-01 -6.517654754137105044e+00
7.050000000000014033e-01 -6.521472100030244690e+00
7.100000000000015188e-01 -6.525290861777442331e+00
7.150000000000016342e-01 -6.529111044292243093e+00
7.200000000000015277e-01 -6.532932643227944425e+00
7.250000000000014211e-01 -6.536755666129941744e+00
7.300000000000015365e-01 -6.540580108440757101e+00
7.350000000000016520e-01 -6.544405962648646380e+00
7.400000000000015454e-01 -6.548233249734970229e+00
7.450000000000014388e-01 -6.552061960022022902e+00
7.500000000000015543e-01 -6.555892086132210750e+00
7.550000000000016698e-01 -6.559723637905811700e+00
7.600000000000015632e-01 -6.563556616994013382e+00
7.650000000000014566e-01 -6.567391016798204362e+00
7.700000000000015721e-01 -6.571226843245561611e+00
7.750000000000016875e-01 -6.575064095847231727e+00
7.800000000000015810e-01 -6.578902778416043873e+00
7.850000000000014744e-01 -6.582742884468210320e+00
7.900000000000015898e-01 -6.586584425059776038e+00
7.950000000000017053e-01 -6.590427384742973516e+00
8.000000000000015987e-01 -6.594271778063124145e+00
8.050000000000014921e-01 -6.598117602449541153e+00
8.100000000000016076e-01 -6.601964858461563779e+00
8.150000000000017231e-01 -6.605813541909149933e+00
8.200000000000016165e-01 -6.609663663015702184e+00
8.250000000000015099e-01 -6.613515210772469288e+00
8.300000000000016254e-01 -6.617368193993137027e+00
8.350000000000017408e-01 -6.621222604460193395e+00
8.400000000000016342e-01 -6.625078463334169498e+00
8.450000000000015277e-01 -6.628935753017252352e+00
8.500000000000016431e-01 -6.632794473759325626e+00
8.550000000000017586e-01 -6.636654635234002342e+00
8.600000000000016520e-01 -6.640516228929776332e+00
8.650000000000015454e-01 -6.644379266116651195e+00
8.700000000000016609e-01 -6.648243735987328762e+00
8.750000000000017764e-01 -6.652109647941209403e+00
8.800000000000016698e-01 -6.655977001907352530e+00
8.850000000000015632e-01 -6.659845798166564634e+00
8.900000000000016787e-01 -6.663716027879921455e+00
8.950000000000017941e-01 -6.667587706408788506e+00
9.000000000000016875e-01 -6.671460819907245821e+00
9.050000000000015810e-01 -6.675335383466766359e+00
9.100000000000016964e-01 -6.679211391076044890e+00
9.150000000000018119e-01 -6.683088836807677069e+00
9.200000000000017053e-01 -6.686967732238166207e+00
9.250000000000015987e-01 -6.690848076061477911e+00
9.300000000000017142e-01 -6.694729855665649154e+00
9.350000000000018296e-01 -6.698613096215716212e+00
9.400000000000017231e-01 -6.702497774542528930e+00
9.450000000000016165e-01 -6.706383910643147317e+00
9.500000000000017319e-01 -6.710271486750137626e+00
9.550000000000018474e-01 -6.714160512296324157e+00
9.600000000000017408e-01 -6.718050995427596206e+00
9.650000000000016342e-01 -6.721942926036284405e+00
9.700000000000017497e-01 -6.725836305249707436e+00
9.750000000000018652e-01 -6.729731143294223727e+00
9.800000000000017586e-01 -6.733627430493037025e+00
9.850000000000016520e-01 -6.737525170799720797e+00
9.900000000000017675e-01 -6.741424372268305376e+00
9.950000000000018829e-01 -6.745325016847367294e+00
1.000000000000001776e+00 -6.749227130497750693e+00
