-1.000000000000000000e+00 7.532305166130775831e+00
-9.949999999999999956e-01 7.528523070467166178e+00
-9.899999999999999911e-01 7.524741728143702346e+00
-9.849999999999999867e-01 7.520961146387456608e+00
-9.799999999999999822e-01 7.517181311777697772e+00
-9.749999999999999778e-01 7.513402230227505640e+00
-9.699999999999999734e-01 7.509623913974586173e+00
-9.649999999999999689e-01 7.505846346077326814e+00
-9.599999999999999645e-01 7.502069544317031102e+00
-9.549999999999999600e-01 7.498293492975584229e+00
-9.499999999999999556e-01 7.494518200436480981e+00
-9.449999999999999512e-01 7.490743669982769859e+00
-9.399999999999999467e-01 7.486969896235017075e+00
-9.349999999999999423e-01 7.483196877758722110e+00
-9.299999999999999378e-01 7.479424627335468756e+00
-9.249999999999999334e-01 7.475653134142497436e+00
-9.199999999999999289e-01 7.471882400172965788e+00
-9.149999999999999245e-01 7.468112427736535608e+00
-9.099999999999999201e-01 7.464343213148389111e+00
-9.049999999999999156e-01 7.460574768468653417e+00
-8.999999999999999112e-01 7.456807084101932048e+00
-8.949999999999999067e-01 7.453040157579629010e+00
-8.899999999999999023e-01 7.449274002147625140e+00
-8.849999999999998979e-01 7.445508606553651987e+00
-8.799999999999998934e-01 7.441743979451551638e+00
-8.749999999999998890e-01 7.437980112943954225e+00
-8.699999999999998845e-01 7.434217014090812370e+00
-8.649999999999998801e-01 7.430454676562497696e+00
-8.599999999999998757e-01 7.426693111838197581e+00
-8.549999999999998712e-01 7.422932305082916571e+00
-8.499999999999998668e-01 7.419172274426976799e+00
-8.449999999999998623e-01 7.415413011557596690e+00
-8.399999999999998579e-01 7.411654512437529263e+00
-8.349999999999998535e-01 7.407896779414180344e+00
-8.299999999999998490e-01 7.404139822310774832e+00
-8.249999999999998446e-01 7.400383632366605013e+00
-8.199999999999998401e-01 7.396628212150538673e+00
-8.149999999999998357e-01 7.392873563821034111e+00
-8.099999999999998312e-01 7.389119686401521392e+00
-8.049999999999998268e-01 7.385366581097763117e+00
-7.999999999999998224e-01 7.381614246007323743e+00
-7.949999999999998179e-01 7.377862683084480011e+00
-7.899999999999998135e-01 7.374111896305542757e+00
-7.849999999999998090e-01 7.370361881507299984e+00
-7.799999999999998046e-01 7.366612641941649997e+00
-7.749999999999998002e-01 7.362864173446290295e+00
-7.699999999999997957e-01 7.359116482409056914e+00
-7.649999999999997913e-01 7.355369567907267481e+00
-7.599999999999997868e-01 7.351623428326341525e+00
-7.549999999999997824e-01 7.347878061930281035e+00
-7.499999999999997780e-01 7.344133477906119367e+00
-7.449999999999997735e-01 7.340389666026133852e+00
-7.399999999999997691e-01 7.336646636475528283e+00
-7.349999999999997646e-01 7.332904380699368119e+00
-7.299999999999997602e-01 7.329162912983086642e+00
-7.249999999999997558e-01 7.325422217066510200e+00
-7.199999999999997513e-01 7.321682297907749160e+00
-7.149999999999997469e-01 7.317943166951430101e+00
-7.099999999999997424e-01 7.314204817270614001e+00
-7.049999999999997380e-01 7.310467242605021454e+00
-6.999999999999997335e-01 7.306730453333123876e+00
-6.949999999999997291e-01 7.302994449013134215e+00
-6.899999999999997247e-01 7.299259219809322019e+00
-6.849999999999997202e-01 7.295524781113066126e+00
-6.799999999999997158e-01 7.291791124697304838e+00
-6.749999999999997113e-01 7.288058249332856064e+00
-6.699999999999997069e-01 7.284326162169485031e+00
-6.649999999999997025e-01 7.280594858559219062e+00
-6.599999999999996980e-01 7.276864343167765981e+00
-6.549999999999996936e-01 7.273134612501529261e+00
-6.499999999999996891e-01 7.269405667454542197e+00
-6.449999999999996847e-01 7.265677516150638837e+00
-6.399999999999996803e-01 7.261950142885119419e+00
-6.349999999999996758e-01 7.258223567625030626e+00
-6.299999999999996714e-01 7.254497777806157899e+00
-6.249999999999996669e-01 7.250772774468735804e+00
-6.199999999999996625e-01 7.247048565192493186e+00
-6.149999999999996581e-01 7.243325141958415259e+00
-6.099999999999996536e-01 7.239602516589251024e+00
-6.049999999999996492e-01 7.235880675790234307e+00
-5.999999999999996447e-01 7.232159627712256622e+00
-5.949999999999996403e-01 7.228439379018503530e+00
-5.899999999999996358e-01 7.224719916552679422e+00
-5.849999999999996314e-01 7.221001250673474203e+00
-5.799999999999996270e-01 7.217283377696070090e+00
-5.749999999999996225e-01 7.213566299053830733e+00
-5.699999999999996181e-01 7.209850017776965103e+00
-5.649999999999996136e-01 7.206134527263905909e+00
-5.599999999999996092e-01 7.202419843341679950e+00
-5.549999999999996048e-01 7.198705942704712868e+00
-5.499999999999996003e-01 7.194992843386920356e+00
-5.449999999999995959e-01 7.191280548478992785e+00
-5.399999999999995914e-01 7.187569046435122289e+00
-5.349999999999995870e-01 7.183858344125859219e+00
-5.299999999999995826e-01 7.180148439701291352e+00
-5.249999999999995781e-01 7.176439338540852475e+00
-5.199999999999995737e-01 7.172731028554856891e+00
-5.149999999999995692e-01 7.169023526239264754e+00
-5.099999999999995648e-01 7.165316832409438064e+00
-5.049999999999995604e-01 7.161610930998698166e+00
-4.999999999999995559e-01 7.157905833434618614e+00
-4.949999999999995515e-01 7.154201544171449711e+00
-4.899999999999995470e-01 7.150498051338239236e+00
-4.849999999999995426e-01 7.146795364836201259e+00
-4.799999999999995381e-01 7.143093483395226428e+00
-4.749999999999995337e-01 7.139392409094419634e+00
-4.699999999999995293e-01 7.135692142459241438e+00
-4.649999999999995248e-01 7.131992674299475254e+00
-4.599999999999995204e-01 7.128294014717106108e+00
-4.549999999999995159e-01 7.124596168146375419e+00
-4.499999999999995115e-01 7.120899122077183563e+00
-4.449999999999995071e-01 7.117202889623534645e+00
-4.399999999999995026e-01 7.113507463707513523e+00
-4.349999999999994982e-01 7.109812844493966111e+00
-4.299999999999994937e-01 7.106119044199225243e+00
-4.249999999999994893e-01 7.102426046000594795e+00
-4.199999999999994849e-01 7.098733862181255461e+00
-4.149999999999994804e-01 7.095042489015234821e+00
-4.099999999999994760e-01 7.091351928934294335e+00
-4.049999999999994715e-01 7.087662184816075239e+00
-3.999999999999994671e-01 7.083973245453783818e+00
-3.949999999999994627e-01 7.080285126292231723e+00
-3.899999999999994582e-01 7.076597819661877509e+00
-3.849999999999994538e-01 7.072911328426947364e+00
-3.799999999999994493e-01 7.069225652317776110e+00
-3.749999999999994449e-01 7.065540794457113805e+00
-3.699999999999994404e-01 7.061856745848238859e+00
-3.649999999999994360e-01 7.058173525337927856e+00
-3.599999999999994316e-01 7.054491110786123897e+00
-3.549999999999994271e-01 7.050809520165579158e+00
-3.499999999999994227e-01 7.047128750589557455e+00
-3.449999999999994182e-01 7.043448796879395957e+00
-3.399999999999994138e-01 7.039769663260607047e+00
-3.349999999999994094e-01 7.036091354510311646e+00
-3.299999999999994049e-01 7.032413864855037389e+00
-3.249999999999994005e-01 7.028737195027154883e+00
-3.199999999999993960e-01 7.025061340988735026e+00
-3.149999999999993916e-01 7.021386315910625342e+00
-3.099999999999993872e-01 7.017712114939762102e+00
-3.049999999999993827e-01 7.014038734969993527e+00
-2.999999999999993783e-01 7.010366184983944038e+00
-2.949999999999993738e-01 7.006694452823488461e+00
-2.899999999999993694e-01 7.003023548300255641e+00
-2.849999999999993650e-01 6.999353475575638583e+00
-2.799999999999993605e-01 6.995684220016777033e+00
-2.749999999999993561e-01 6.992015795204245876e+00
-2.699999999999993516e-01 6.988348203457029229e+00
-2.649999999999993472e-01 6.984681434103343634e+00
-2.599999999999993427e-01 6.981015495484392375e+00
-2.549999999999993383e-01 6.977350384312124731e+00
-2.499999999999993339e-01 6.973686105447335137e+00
-2.449999999999993294e-01 6.970022654279567575e+00
-2.399999999999993250e-01 6.966360037469733868e+00
-2.349999999999993205e-01 6.962698255188591645e+00
-2.299999999999993161e-01 6.959037300777730195e+00
-2.249999999999993117e-01 6.955377176630939573e+00
-2.199999999999993072e-01 6.951717887439393451e+00
-2.149999999999993028e-01 6.948059433334513812e+00
-2.099999999999992983e-01 6.944401818726667841e+00
-2.049999999999992939e-01 6.940745030278570482e+00
-1.999999999999992895e-01 6.937089086824038020e+00
-1.949999999999992850e-01 6.933433969011524312e+00
-1.899999999999992806e-01 6.929779695936097994e+00
-1.849999999999992761e-01 6.926126260736758411e+00
-1.799999999999992717e-01 6.922473662845753495e+00
-1.749999999999992673e-01 6.918821898214694954e+00
-1.699999999999992628e-01 6.915170975551767185e+00
-1.649999999999992584e-01 6.911520895934039288e+00
-1.599999999999992539e-01 6.907871657347889993e+00
-1.549999999999992495e-01 6.904223253631037949e+00
-1.499999999999992450e-01 6.900575696465033104e+00
-1.449999999999992406e-01 6.896928975405693052e+00
-1.399999999999992362e-01 6.893283104412397222e+00
-1.349999999999992317e-01 6.889638072303817751e+00
-1.299999999999992273e-01 6.885993883590593612e+00
-1.249999999999992228e-01 6.882350546819701265e+00
-1.199999999999992184e-01 6.878708044602056759e+00
-1.149999999999992140e-01 6.875066389798369926e+00
-1.099999999999992095e-01 6.871425589487920149e+00
-1.049999999999992051e-01 6.867785633166953119e+00
-9.999999999999920064e-02 6.864146522947315532e+00
-9.499999999999919620e-02 6.860508255713533288e+00
-8.999999999999919176e-02 6.856870839790438765e+00
-8.499999999999918732e-02 6.853234279091587666e+00
-7.999999999999918288e-02 6.849598561487503900e+00
-7.499999999999917843e-02 6.845963692923326960e+00
-6.999999999999917399e-02 6.842329678757799627e+00
-6.499999999999916955e-02 6.838696519499556814e+00
-5.999999999999916511e-02 6.835064209782125033e+00
-5.499999999999916067e-02 6.831432755730041606e+00
-4.999999999999915623e-02 6.827802148617614364e+00
-4.499999999999915179e-02 6.824172400659129778e+00
-3.999999999999914735e-02 6.820543504807140778e+00
-3.499999999999914291e-02 6.816915466495423459e+00
-2.999999999999913847e-02 6.813288286092323176e+00
-2.499999999999913403e-02 6.809661953072712492e+00
-1.999999999999912959e-02 6.806036486050992096e+00
-1.499999999999912514e-02 6.802411871422030742e+00
-9.999999999999120703e-03 6.798788115316277469e+00
-4.999999999999116262e-03 6.795165222265971749e+00
8.881784197001252323e-16 6.791543187635873835e+00
5.000000000000781597e-03 6.787922009578345239e+00
1.000000000000089706e-02 6.784301695152883838e+00
1.500000000000101252e-02 6.780682243236718421e+00
2.000000000000090594e-02 6.777063651923320720e+00
2.500000000000079936e-02 6.773445921831601879e+00
3.000000000000091482e-02 6.769829057004265849e+00
3.500000000000103029e-02 6.766213052059377731e+00
4.000000000000092371e-02 6.762597916223761274e+00
4.500000000000081712e-02 6.758983645384226691e+00
5.000000000000093259e-02 6.755370234754103365e+00
5.500000000000104805e-02 6.751757694678438781e+00
6.000000000000094147e-02 6.748146023596312659e+00
6.500000000000083489e-02 6.744535214119672162e+00
7.000000000000095035e-02 6.740925277944619154e+00
7.500000000000106581e-02 6.737316207433899251e+00
8.000000000000095923e-02 6.733708008160441238e+00
8.500000000000085265e-02 6.730100679703603817e+00
9.000000000000096811e-02 6.726494218953369852e+00
9.500000000000108358e-02 6.722888627509995274e+00
1.000000000000009770e-01 6.719283910701072671e+00
1.050000000000008704e-01 6.715680071264863216e+00
1.100000000000009859e-01 6.712077099281962944e+00
1.150000000000011013e-01 6.708475003671104275e+00
1.200000000000009948e-01 6.704873783239712282e+00
1.250000000000008882e-01 6.701273431743651088e+00
1.300000000000010036e-01 6.697673960198720522e+00
1.350000000000011191e-01 6.694075365278671086e+00
1.400000000000010125e-01 6.690477650430032952e+00
1.450000000000009059e-01 6.686880804005589596e+00
1.500000000000010214e-01 6.683284842416263416e+00
1.550000000000011369e-01 6.679689758813104561e+00
1.600000000000010303e-01 6.676095551297315467e+00
1.650000000000009237e-01 6.672502226841309891e+00
1.700000000000010392e-01 6.668909785443268845e+00
1.750000000000011546e-01 6.665318227279861674e+00
1.800000000000010481e-01 6.661727542966239923e+00
1.850000000000009415e-01 6.658137745215547909e+00
1.900000000000010569e-01 6.654548833194006363e+00
1.950000000000011724e-01 6.650960802058328625e+00
2.000000000000010658e-01 6.647373654600208681e+00
2.050000000000009592e-01 6.643787390519058533e+00
2.100000000000010747e-01 6.640202018658577288e+00
2.150000000000011902e-01 6.636617525174663967e+00
2.200000000000010836e-01 6.633033926615119924e+00
2.250000000000009770e-01 6.629451215231959793e+00
2.300000000000010925e-01 6.625869391140916775e+00
2.350000000000012079e-01 6.622288452060296038e+00
2.400000000000011013e-01 6.618708408980886304e+00
2.450000000000009948e-01 6.615129254164024530e+00
2.500000000000011102e-01 6.611550988791371708e+00
2.550000000000012257e-01 6.607973617146193135e+00
2.600000000000011191e-01 6.604397130165146734e+00
2.650000000000010125e-01 6.600821547033113745e+00
2.700000000000011280e-01 6.597246851114071831e+00
2.750000000000012434e-01 6.593673047292234912e+00
2.800000000000011369e-01 6.590100148999702867e+00
2.850000000000010303e-01 6.586528136030459279e+00
2.900000000000011458e-01 6.582957021004880005e+00
2.950000000000012612e-01 6.579386808009779486e+00
3.000000000000011546e-01 6.575817487621883117e+00
3.050000000000010481e-01 6.572249068883841971e+00
3.100000000000011635e-01 6.568681544478316425e+00
3.150000000000012790e-01 6.565114925550254554e+00
3.200000000000011724e-01 6.561549208046493220e+00
3.250000000000010658e-01 6.557984381230674842e+00
3.300000000000011813e-01 6.554420462998926666e+00
3.350000000000012967e-01 6.550857448414966200e+00
3.400000000000011902e-01 6.547295336338741834e+00
3.450000000000010836e-01 6.543734120153679612e+00
3.500000000000011990e-01 6.540173819276354550e+00
3.550000000000013145e-01 6.536614415706047510e+00
3.600000000000012079e-01 6.533055926048085382e+00
3.650000000000011013e-01 6.529498324192012149e+00
3.700000000000012168e-01 6.525941646157228604e+00
3.750000000000013323e-01 6.522385868446711754e+00
3.800000000000012257e-01 6.518831004708566468e+00
3.850000000000011191e-01 6.515277053093107895e+00
3.900000000000012346e-01 6.511723996565045525e+00
3.950000000000013500e-01 6.508171858007266053e+00
4.000000000000012434e-01 6.504620633933448914e+00
4.050000000000011369e-01 6.501070314310275933e+00
4.100000000000012523e-01 6.497520915304015432e+00
4.150000000000013678e-01 6.493972423404350991e+00
4.200000000000012612e-01 6.490424847014104159e+00
4.250000000000011546e-01 6.486878181067389448e+00
4.300000000000012701e-01 6.483332429527330021e+00
4.350000000000013856e-01 6.479787604207125185e+00
4.400000000000012790e-01 6.476243687827739848e+00
4.450000000000011724e-01 6.472700689017322873e+00
4.500000000000012879e-01 6.469158607134680494e+00
4.550000000000014033e-01 6.465617440691879381e+00
4.600000000000012967e-01 6.462077200390943688e+00
4.650000000000011902e-01 6.458537874699935344e+00
4.700000000000013056e-01 6.454999474813824634e+00
4.750000000000014211e-01 6.451461989093580485e+00
4.800000000000013145e-01 6.447925427460198478e+00
4.850000000000012079e-01 6.444389790996659428e+00
4.900000000000013234e-01 6.440855077663421469e+00
4.950000000000014388e-01 6.437321287792450164e+00
5.000000000000013323e-01 6.433788416497257856e+00
5.050000000000012257e-01 6.430256477081705668e+00
5.100000000000013411e-01 6.426725462326906779e+00
5.150000000000014566e-01 6.423195370598044462e+00
5.200000000000013500e-01 6.419666211731531291e+00
5.250000000000012434e-01 6.416137975407103511e+00
5.300000000000013589e-01 6.412610672827916858e+00
5.350000000000014744e-01 6.409084296235299405e+00
5.400000000000013678e-01 6.405558846893221414e+00
5.450000000000012612e-01 6.402034337923190321e+00
5.500000000000013767e-01 6.398510756118888310e+00
5.550000000000014921e-01 6.394988099807072501e+00
5.600000000000013856e-01 6.391466385741999545e+00
5.650000000000012790e-01 6.387945599729185631e+00
5.700000000000013944e-01 6.384425744284065729e+00
5.750000000000015099e-01 6.380906836753204914e+00
5.800000000000014033e-01 6.377388855110687871e+00
5.850000000000012967e-01 6.373871815103960614e+00
5.900000000000014122e-01 6.370355713613911064e+00
5.950000000000015277e-01 6.366840538842119201e+00
6.000000000000014211e-01 6.363326306065140159e+00
6.050000000000013145e-01 6.359813017292502479e+00
6.100000000000014300e-01 6.356300672632436033e+00
6.150000000000015454e-01 6.352789265698696397e+00
6.200000000000014388e-01 6.349278795873736669e+00
6.250000000000013323e-01 6.345769262325823945e+00
6.300000000000014477e-01 6.342260687299607014e+00
6.350000000000015632e-01 6.338753040823824847e+00
6.400000000000014566e-01 6.335246351562794587e+00
6.450000000000013500e-01 6.331740595999711729e+00
6.500000000000014655e-01 6.328235795410385833e+00
6.550000000000015810e-01 6.324731935962766727e+00
6.600000000000014744e-01 6.321229019185715003e+00
6.650000000000013678e-01 6.317727055369481093e+00
6.700000000000014833e-01 6.314226043834672453e+00
6.750000000000015987e-01 6.310725977073865067e+00
6.800000000000014921e-01 6.307226861287539066e+00
6.850000000000013856e-01 6.303728693403193972e+00
6.900000000000015010e-01 6.300231483267928922e+00
6.950000000000016165e-01 6.296735217041280919e+00
7.000000000000015099e-01 6.293239905292715264e+00
7.050000000000014033e-01 6.289745551006966195e+00
7.100000000000015188e-01 6.286252150299127095e+00
7.150000000000016342e-01 6.282759706386535470e+00
7.200000000000015277e-01 6.279268209040331783e+00
7.250000000000014211e-01 6.275777677152312606e+00
7.300000000000015365e-01 6.272288095152838139e+00
7.350000000000016520e-01 6.268799477358491856e+00
7.400000000000015454e-01 6.265311820935970388e+00
7.450000000000014388e-01 6.261825118704585691e+00
7.500000000000015543e-01 6.258339380219261727e+00
7.550000000000016698e-01 6.254854598028053658e+00
7.600000000000015632e-01 6.251370775809412805e+00
7.650000000000014566e-01 6.247887921802679045e+00
7.700000000000015721e-01 6.244406022315409643e+00
7.750000000000016875e-01 6.240925093321514794e+00
7.800000000000015810e-01 6.237445124601684654e+00
7.850000000000014744e-01 6.233966123107187229e+00
7.900000000000015898e-01 6.230488092612198159e+00
7.950000000000017053e-01 6.227011027849833624e+00
8.000000000000015987e-01 6.223534927233252745e+00
8.050000000000014921e-01 6.220059787892544989e+00
8.100000000000016076e-01 6.216585625222727174e+00
8.150000000000017231e-01 6.213112433804120371e+00
8.200000000000016165e-01 6.209640210054452325e+00
8.250000000000015099e-01 6.206168952214987655e+00
8.300000000000016254e-01 6.202698679740954901e+00
8.350000000000017408e-01 6.199229368864756395e+00
8.400000000000016342e-01 6.195761033346819602e+00
8.450000000000015277e-01 6.192293666812496156e+00
8.500000000000016431e-01 6.188827284229567738e+00
8.550000000000017586e-01 6.185361875416923283e+00
8.600000000000016520e-01 6.181897437148130336e+00
8.650000000000015454e-01 6.178433977132520738e+00
8.700000000000016609e-01 6.174971501957337239e+00
8.750000000000017764e-01 6.171510010477753383e+00
8.800000000000016698e-01 6.168049488351037724e+00
8.850000000000015632e-01 6.164589939048958911e+00
8.900000000000016787e-01 6.161131384865505822e+00
8.950000000000017941e-01 6.157673796853281090e+00
9.000000000000016875e-01 6.154217201611139387e+00
9.050000000000015810e-01 6.150761592276715817e+00
9.100000000000016964e-01 6.147306956480427687e+00
9.150000000000018119e-01 6.143853312906252029e+00
9.200000000000017053e-01 6.140400653737536629e+00
9.250000000000015987e-01 6.136948980393093223e+00
9.300000000000017142e-01 6.133498301610437409e+00
9.350000000000018296e-01 6.130048595453239102e+00
9.400000000000017231e-01 6.126599882222102167e+00
9.450000000000016165e-01 6.123152173230231199e+00
9.500000000000017319e-01 6.119705436664865772e+00
9.550000000000018474e-01 6.116259691673143095e+00
9.600000000000017408e-01 6.112814943071292362e+00
9.650000000000016342e-01 6.109371188124917751e+00
9.700000000000017497e-01 6.105928418350707432e+00
9.750000000000018652e-01 6.102486651816683150e+00
9.800000000000017586e-01 6.099045871324072721e+00
9.850000000000016520e-01 6.095606095192827922e+00
9.900000000000017675e-01 6.092167307889233996e+00
9.950000000000018829e-01 6.088729519693991676e+00
1.000000000000001776e+00 6.085292725204475062e+00
