-1.000000000000000000e+00 1.117042054190051203e+00
-9.949999999999999956e-01 1.113467667026498020e+00
-9.899999999999999911e-01 1.109893031146384601e+00
-9.849999999999999867e-01 1.106318150732704453e+00
-9.799999999999999822e-01 1.102743022289132568e+00
-9.749999999999999778e-01 1.099167641035819543e+00
-9.699999999999999734e-01 1.095592019890773372e+00
-9.649999999999999689e-01 1.092016149067376318e+00
-9.599999999999999645e-01 1.088440037291093176e+00
-9.549999999999999600e-01 1.084863665465945815e+00
-9.499999999999999556e-01 1.081287056051678519e+00
-9.449999999999999512e-01 1.077710195888585076e+00
-9.399999999999999467e-01 1.074133091721705568e+00
-9.349999999999999423e-01 1.070555737959239195e+00
-9.299999999999999378e-01 1.066978141692970894e+00
-9.249999999999999334e-01 1.063400294652183220e+00
-9.199999999999999289e-01 1.059822202069653940e+00
-9.149999999999999245e-01 1.056243864404223132e+00
-9.099999999999999201e-01 1.052665272685089803e+00
-9.049999999999999156e-01 1.049086439827306094e+00
-8.999999999999999112e-01 1.045507365126695731e+00
-8.949999999999999067e-01 1.041928038679543533e+00
-8.899999999999999023e-01 1.038348466883235233e+00
-8.849999999999998979e-01 1.034768647984265044e+00
-8.799999999999998934e-01 1.031188585698828319e+00
-8.749999999999998890e-01 1.027608271641156534e+00
-8.699999999999998845e-01 1.024027718955721866e+00
-8.649999999999998801e-01 1.020446913551268153e+00
-8.599999999999998757e-01 1.016865861822907391e+00
-8.549999999999998712e-01 1.013284568069593661e+00
-8.499999999999998668e-01 1.009703022737539868e+00
-8.449999999999998623e-01 1.006121241070786709e+00
-8.399999999999998579e-01 1.002539205722541737e+00
-8.349999999999998535e-01 9.989569237968680682e-01
-8.299999999999998490e-01 9.953743935791408148e-01
-8.249999999999998446e-01 9.917916249323752709e-01
-8.199999999999998401e-01 9.882086078034717502e-01
-8.149999999999998357e-01 9.846253457942566456e-01
-8.099999999999998312e-01 9.810418373815537052e-01
-8.049999999999998268e-01 9.774580822095231269e-01
-7.999999999999998224e-01 9.738740837608474976e-01
-7.949999999999998179e-01 9.702898356242712907e-01
-7.899999999999998135e-01 9.667053443126860657e-01
-7.849999999999998090e-01 9.631206083013239549e-01
-7.799999999999998046e-01 9.595356261863798863e-01
-7.749999999999998002e-01 9.559503994717033493e-01
-7.699999999999997957e-01 9.523649259376725240e-01
-7.649999999999997913e-01 9.487792098811951291e-01
-7.599999999999997868e-01 9.451932445426791674e-01
-7.549999999999997824e-01 9.416070380614200985e-01
-7.499999999999997780e-01 9.380205834436310397e-01
-7.449999999999997735e-01 9.344338795165185729e-01
-7.399999999999997691e-01 9.308469382606290310e-01
-7.349999999999997646e-01 9.272597512847369217e-01
-7.299999999999997602e-01 9.236723218402858038e-01
-7.249999999999997558e-01 9.200846393214305863e-01
-7.199999999999997513e-01 9.164967112901649671e-01
-7.149999999999997469e-01 9.129085455322183407e-01
-7.099999999999997424e-01 9.093201330751981004e-01
-7.049999999999997380e-01 9.057314748411045002e-01
-6.999999999999997335e-01 9.021425719852231850e-01
-6.949999999999997291e-01 8.985534279893272469e-01
-6.899999999999997247e-01 8.949640323637595429e-01
-6.849999999999997202e-01 8.913743988391615858e-01
-6.799999999999997158e-01 8.877845170420641807e-01
-6.749999999999997113e-01 8.841943908046232536e-01
-6.699999999999997069e-01 8.806040235222099000e-01
-6.649999999999997025e-01 8.770134063395289559e-01
-6.599999999999996980e-01 8.734225473247079208e-01
-6.549999999999996936e-01 8.698314438026955031e-01
-6.499999999999996891e-01 8.662400968366910092e-01
-6.449999999999996847e-01 8.626485057156969560e-01
-6.399999999999996803e-01 8.590566670550288109e-01
-6.349999999999996758e-01 8.554645921324208757e-01
-6.299999999999996714e-01 8.518722662718118954e-01
-6.249999999999996669e-01 8.482796965624856966e-01
-6.199999999999996625e-01 8.446868892799557216e-01
-6.149999999999996581e-01 8.410938311419613456e-01
-6.099999999999996536e-01 8.375005340103598428e-01
-6.049999999999996492e-01 8.339069886794732156e-01
-5.999999999999996447e-01 8.303132001415178820e-01
-5.949999999999996403e-01 8.267191724594340485e-01
-5.899999999999996358e-01 8.231248945642164472e-01
-5.849999999999996314e-01 8.195303779677942657e-01
-5.799999999999996270e-01 8.159356153246335452e-01
-5.749999999999996225e-01 8.123406110466930841e-01
-5.699999999999996181e-01 8.087453616303719173e-01
-5.649999999999996136e-01 8.051498676445589808e-01
-5.599999999999996092e-01 8.015541372255938768e-01
-5.549999999999996048e-01 7.979581525539742870e-01
-5.499999999999996003e-01 7.943619317736647645e-01
-5.449999999999995959e-01 7.907654688212915062e-01
-5.399999999999995914e-01 7.871687586784901214e-01
-5.349999999999995870e-01 7.835718055237066437e-01
-5.299999999999995826e-01 7.799746095761292963e-01
-5.249999999999995781e-01 7.763771733857538493e-01
-5.199999999999995737e-01 7.727794865782016132e-01
-5.149999999999995692e-01 7.691815649745876726e-01
-5.099999999999995648e-01 7.655833990138489753e-01
-5.049999999999995604e-01 7.619849871712176537e-01
-4.999999999999995559e-01 7.583863355473567935e-01
-4.949999999999995515e-01 7.547874424847123009e-01
-4.899999999999995470e-01 7.511883006689004105e-01
-4.849999999999995426e-01 7.475889190206999046e-01
-4.799999999999995381e-01 7.439892953832440980e-01
-4.749999999999995337e-01 7.403894303258766740e-01
-4.699999999999995293e-01 7.367893245332197694e-01
-4.649999999999995248e-01 7.331889689096442453e-01
-4.599999999999995204e-01 7.295883726403644687e-01
-4.549999999999995159e-01 7.259875369918518118e-01
-4.499999999999995115e-01 7.223864532193147170e-01
-4.449999999999995071e-01 7.187851356291048432e-01
-4.399999999999995026e-01 7.151835704676159366e-01
-4.349999999999994982e-01 7.115817613321269164e-01
-4.299999999999994937e-01 7.079797181033882225e-01
-4.249999999999994893e-01 7.043774248181762232e-01
-4.199999999999994849e-01 7.007748939188331860e-01
-4.149999999999994804e-01 6.971721163106394670e-01
-4.099999999999994760e-01 6.935690991974752251e-01
-4.049999999999994715e-01 6.899658465229094872e-01
-3.999999999999994671e-01 6.863623411584285350e-01
-3.949999999999994627e-01 6.827585988071405154e-01
-3.899999999999994582e-01 6.791546124688920827e-01
-3.849999999999994538e-01 6.755503865522314300e-01
-3.799999999999994493e-01 6.719459202281541366e-01
-3.749999999999994449e-01 6.683412109205164597e-01
-3.699999999999994404e-01 6.647362564019658748e-01
-3.649999999999994360e-01 6.611310674848027702e-01
-3.599999999999994316e-01 6.575256290193465247e-01
-3.549999999999994271e-01 6.539199515859763778e-01
-3.499999999999994227e-01 6.503140356330732175e-01
-3.449999999999994182e-01 6.467078747432424279e-01
-3.399999999999994138e-01 6.431014742552179086e-01
-3.349999999999994094e-01 6.394948336901506991e-01
-3.299999999999994049e-01 6.358879535791857052e-01
-3.249999999999994005e-01 6.322808295733466366e-01
-3.199999999999993960e-01 6.286734562331730558e-01
-3.149999999999993916e-01 6.250658505412047816e-01
-3.099999999999993872e-01 6.214580029468379507e-01
-3.049999999999993827e-01 6.178499138982260774e-01
-2.999999999999993783e-01 6.142415868728221540e-01
-2.949999999999993738e-01 6.106330110285398405e-01
-2.899999999999993694e-01 6.070241970573988510e-01
-2.849999999999993650e-01 6.034151504177316383e-01
-2.799999999999993605e-01 5.998058525804026431e-01
-2.749999999999993561e-01 5.961963131924221670e-01
-2.699999999999993516e-01 5.925865464416801842e-01
-2.649999999999993472e-01 5.889765254173653375e-01
-2.599999999999993427e-01 5.853662709407672082e-01
-2.549999999999993383e-01 5.817557718230546016e-01
-2.499999999999993339e-01 5.781450340973606217e-01
-2.449999999999993294e-01 5.745340541391215083e-01
-2.399999999999993250e-01 5.709228364719365345e-01
-2.349999999999993205e-01 5.673113792156527779e-01
-2.299999999999993161e-01 5.636996801420082193e-01
-2.249999999999993117e-01 5.600877338777081604e-01
-2.199999999999993072e-01 5.564755546099604544e-01
-2.149999999999993028e-01 5.528631331224005407e-01
-2.099999999999992983e-01 5.492504758017275890e-01
-2.049999999999992939e-01 5.456375716880756954e-01
-1.999999999999992895e-01 5.420244341510169761e-01
-1.949999999999992850e-01 5.384110451277592801e-01
-1.899999999999992806e-01 5.347974270703161892e-01
-1.849999999999992761e-01 5.311835661054828961e-01
-1.799999999999992717e-01 5.275694672225199611e-01
-1.749999999999992673e-01 5.239551219065106125e-01
-1.699999999999992628e-01 5.203405387519524083e-01
-1.649999999999992584e-01 5.167257216999132652e-01
-1.599999999999992539e-01 5.131106630433350801e-01
-1.549999999999992495e-01 5.094953583334245195e-01
-1.499999999999992450e-01 5.058798218065021501e-01
-1.449999999999992406e-01 5.022640378997493826e-01
-1.399999999999992362e-01 4.986480237284922623e-01
-1.349999999999992317e-01 4.950317622779039084e-01
-1.299999999999992273e-01 4.914152622604888165e-01
-1.249999999999992228e-01 4.877985275011269550e-01
-1.199999999999992184e-01 4.841815463378225104e-01
-1.149999999999992140e-01 4.805643298095674254e-01
-1.099999999999992095e-01 4.769468769702598365e-01
-1.049999999999992051e-01 4.733291829077188595e-01
-9.999999999999920064e-02 4.697112497010493826e-01
-9.499999999999919620e-02 4.660930724394347635e-01
-8.999999999999919176e-02 4.624746603017229063e-01
-8.499999999999918732e-02 4.588560112897539511e-01
-7.999999999999918288e-02 4.552371203781149234e-01
-7.499999999999917843e-02 4.516179870799987839e-01
-6.999999999999917399e-02 4.479986188296152250e-01
-6.499999999999916955e-02 4.443790133925631380e-01
-5.999999999999916511e-02 4.407591684218914452e-01
-5.499999999999916067e-02 4.371390821531804249e-01
-4.999999999999915623e-02 4.335187551457693189e-01
-4.499999999999915179e-02 4.298981955312228820e-01
-3.999999999999914735e-02 4.262773951388680871e-01
-3.499999999999914291e-02 4.226563556962901202e-01
-2.999999999999913847e-02 4.190350793944617180e-01
-2.499999999999913403e-02 4.154135589951692964e-01
-1.999999999999912959e-02 4.117918057713723101e-01
-1.499999999999912514e-02 4.081698092238639219e-01
-9.999999999999120703e-03 4.045475774821625237e-01
-4.999999999999116262e-03 4.009251092459180654e-01
8.881784197001252323e-16 3.973024011168035940e-01
5.000000000000781597e-03 3.936794513290351460e-01
1.000000000000089706e-02 3.900562674514276296e-01
1.500000000000101252e-02 3.864328427596319671e-01
2.000000000000090594e-02 3.828091835862323933e-01
2.500000000000079936e-02 3.791852844165077840e-01
3.000000000000091482e-02 3.755611452295397612e-01
3.500000000000103029e-02 3.719367674018485559e-01
4.000000000000092371e-02 3.683121556846344902e-01
4.500000000000081712e-02 3.646873067968954274e-01
5.000000000000093259e-02 3.610622153616986907e-01
5.500000000000104805e-02 3.574368884599152807e-01
6.000000000000094147e-02 3.538113246725060890e-01
6.500000000000083489e-02 3.501855210670328233e-01
7.000000000000095035e-02 3.465594825129301171e-01
7.500000000000106581e-02 3.429332042132955394e-01
8.000000000000095923e-02 3.393066895237097924e-01
8.500000000000085265e-02 3.356799379562289687e-01
9.000000000000096811e-02 3.320529473930946551e-01
9.500000000000108358e-02 3.284257172308571171e-01
1.000000000000009770e-01 3.247982504733499809e-01
1.050000000000008704e-01 3.211705515241192188e-01
1.100000000000009859e-01 3.175426113932644512e-01
1.150000000000011013e-01 3.139144359990950761e-01
1.200000000000009948e-01 3.102860233377668919e-01
1.250000000000008882e-01 3.066573702456025785e-01
1.300000000000010036e-01 3.030284813555681467e-01
1.350000000000011191e-01 2.993993566437893605e-01
1.400000000000010125e-01 2.957699958569719456e-01
1.450000000000009059e-01 2.921403919854128617e-01
1.500000000000010214e-01 2.885105593263688206e-01
1.550000000000011369e-01 2.848804859831943759e-01
1.600000000000010303e-01 2.812501727455583023e-01
1.650000000000009237e-01 2.776196264603640884e-01
1.700000000000010392e-01 2.739888451258138957e-01
1.750000000000011546e-01 2.703578270613888890e-01
1.800000000000010481e-01 2.667265675497674238e-01
1.850000000000009415e-01 2.630950742882305349e-01
1.900000000000010569e-01 2.594633458845692076e-01
1.950000000000011724e-01 2.558313787033057451e-01
2.000000000000010658e-01 2.521991748185428150e-01
2.050000000000009592e-01 2.485667344380999566e-01
2.100000000000010747e-01 2.449340590524116124e-01
2.150000000000011902e-01 2.413011451446891442e-01
2.200000000000010836e-01 2.376679982787663903e-01
2.250000000000009770e-01 2.340346157534440863e-01
2.300000000000010925e-01 2.304009937017781340e-01
2.350000000000012079e-01 2.267671345459802978e-01
2.400000000000011013e-01 2.231330450131281395e-01
2.450000000000009948e-01 2.194987168124953314e-01
2.500000000000011102e-01 2.158641501534930285e-01
2.550000000000012257e-01 2.122293511820316780e-01
2.600000000000011191e-01 2.085943085801318375e-01
2.650000000000010125e-01 2.049590409496886423e-01
2.700000000000011280e-01 2.013235294073183468e-01
2.750000000000012434e-01 1.976877817276090354e-01
2.800000000000011369e-01 1.940518052199422527e-01
2.850000000000010303e-01 1.904155891497794073e-01
2.900000000000011458e-01 1.867791353536176757e-01
2.950000000000012612e-01 1.831424504430287925e-01
3.000000000000011546e-01 1.795055275231334235e-01
3.050000000000010481e-01 1.758683706434567284e-01
3.100000000000011635e-01 1.722309747740382591e-01
3.150000000000012790e-01 1.685933483868211624e-01
3.200000000000011724e-01 1.649554859843647137e-01
3.250000000000010658e-01 1.613173805574206199e-01
3.300000000000011813e-01 1.576790481440184521e-01
3.350000000000012967e-01 1.540404785919236019e-01
3.400000000000011902e-01 1.504016740025235777e-01
3.450000000000010836e-01 1.467626304095119849e-01
3.500000000000011990e-01 1.431233585974496236e-01
3.550000000000013145e-01 1.394838447683923732e-01
3.600000000000012079e-01 1.358441044963001332e-01
3.650000000000011013e-01 1.322041174996684276e-01
3.700000000000012168e-01 1.285639031932532816e-01
3.750000000000013323e-01 1.249234508393328724e-01
3.800000000000012257e-01 1.212827672811727098e-01
3.850000000000011191e-01 1.176418526090401429e-01
3.900000000000012346e-01 1.140006928253569640e-01
3.950000000000013500e-01 1.103593040854775609e-01
4.000000000000012434e-01 1.067176808912790875e-01
4.050000000000011369e-01 1.030758211220472731e-01
4.100000000000012523e-01 9.943372870679922926e-02
4.150000000000013678e-01 9.579140000869301730e-02
4.200000000000012612e-01 9.214884024277125718e-02
4.250000000000011546e-01 8.850604181293419970e-02
4.300000000000012701e-01 8.486300702065818768e-02
4.350000000000013856e-01 8.121974724804204016e-02
4.400000000000012790e-01 7.757624698319887102e-02
4.450000000000011724e-01 7.393251469784445362e-02
4.500000000000012879e-01 7.028854489226432634e-02
4.550000000000014033e-01 6.664434068329683214e-02
4.600000000000012967e-01 6.299990611637440452e-02
4.650000000000011902e-01 5.935523452990310034e-02
4.700000000000013056e-01 5.571033450951290433e-02
4.750000000000014211e-01 5.206519391958863707e-02
4.800000000000013145e-01 4.841982158063729003e-02
4.850000000000012079e-01 4.477421455476360279e-02
4.900000000000013234e-01 4.112837537354607775e-02
4.950000000000014388e-01 3.748230401060936856e-02
5.000000000000013323e-01 3.383599345124821411e-02
5.050000000000012257e-01 3.018945325493405107e-02
5.100000000000013411e-01 2.654267989350955759e-02
5.150000000000014566e-01 2.289567276352499903e-02
5.200000000000013500e-01 1.924843098026940424e-02
5.250000000000012434e-01 1.560095370132330572e-02
5.300000000000013589e-01 1.195324613445336581e-02
5.350000000000014744e-01 8.305301500513451174e-03
5.400000000000013678e-01 4.657126987922310946e-03
5.450000000000012612e-01 1.008721170819626423e-03
5.500000000000013767e-01 -2.639921684703949722e-03
5.550000000000014921e-01 -6.288798929062977550e-03
5.600000000000013856e-01 -9.937905354036047356e-03
5.650000000000012790e-01 -1.358724844021708122e-02
5.700000000000013944e-01 -1.723682250985802966e-02
5.750000000000015099e-01 -2.088662934124840831e-02
5.800000000000014033e-01 -2.453667152258276474e-02
5.850000000000012967e-01 -2.818694384654918395e-02
5.900000000000014122e-01 -3.183744715761349653e-02
5.950000000000015277e-01 -3.548819231014022080e-02
6.000000000000014211e-01 -3.913916397027605854e-02
6.050000000000013145e-01 -4.279036635580268921e-02
6.100000000000014300e-01 -4.644180240893547307e-02
6.150000000000015454e-01 -5.009346971473860322e-02
6.200000000000014388e-01 -5.374537435773163452e-02
6.250000000000013323e-01 -5.739751357168643153e-02
6.300000000000014477e-01 -6.104987795856686716e-02
6.350000000000015632e-01 -6.470248303230619058e-02
6.400000000000014566e-01 -6.835531205933875754e-02
6.450000000000013500e-01 -7.200837799177861598e-02
6.500000000000014655e-01 -7.566167492336717260e-02
6.550000000000015810e-01 -7.931520579586504027e-02
6.600000000000014744e-01 -8.296896819365429110e-02
6.650000000000013678e-01 -8.662296377815437154e-02
6.700000000000014833e-01 -9.027718744891899405e-02
6.750000000000015987e-01 -9.393165020674132393e-02
6.800000000000014921e-01 -9.758633855244625011e-02
6.850000000000013856e-01 -1.012412617221798428e-01
6.900000000000015010e-01 -1.048964161379899451e-01
6.950000000000016165e-01 -1.085518049746951874e-01
7.000000000000015099e-01 -1.122074244221948902e-01
7.050000000000014033e-01 -1.158632745116392471e-01
7.100000000000015188e-01 -1.195193557391576178e-01
7.150000000000016342e-01 -1.231756689528538118e-01
7.200000000000015277e-01 -1.268322170938063209e-01
7.250000000000014211e-01 -1.304889944888145692e-01
7.300000000000015365e-01 -1.341460066439594812e-01
7.350000000000016520e-01 -1.378032426450772618e-01
7.400000000000015454e-01 -1.414607143994999205e-01
7.450000000000014388e-01 -1.451184206587186054e-01
7.500000000000015543e-01 -1.487763529564745113e-01
7.550000000000016698e-01 -1.524345199388790206e-01
7.600000000000015632e-01 -1.560929205923002883e-01
7.650000000000014566e-01 -1.597515474977626582e-01
7.700000000000015721e-01 -1.634104104650759837e-01
7.750000000000016875e-01 -1.670695012628584664e-01
7.800000000000015810e-01 -1.707288269071796094e-01
7.850000000000014744e-01 -1.743883806805115455e-01
7.900000000000015898e-01 -1.780481662237889395e-01
7.950000000000017053e-01 -1.817081784465699457e-01
8.000000000000015987e-01 -1.853684254149357002e-01
8.050000000000014921e-01 -1.890289072784980817e-01
8.100000000000016076e-01 -1.926896166194183024e-01
8.150000000000017231e-01 -1.963505540525147808e-01
8.200000000000016165e-01 -2.000117264806249295e-01
8.250000000000015099e-01 -2.036731292787408165e-01
8.300000000000016254e-01 -2.073347571260910627e-01
8.350000000000017408e-01 -2.109966177977184998e-01
8.400000000000016342e-01 -2.146587149936749483e-01
8.450000000000015277e-01 -2.183210431023780984e-01
8.500000000000016431e-01 -2.219835947648789443e-01
8.550000000000017586e-01 -2.256463799085395294e-01
8.600000000000016520e-01 -2.293093958908229979e-01
8.650000000000015454e-01 -2.329726444920652284e-01
8.700000000000016609e-01 -2.366361170149957616e-01
8.750000000000017764e-01 -2.402998187317280099e-01
8.800000000000016698e-01 -2.439637567781574035e-01
8.850000000000015632e-01 -2.476279295588028617e-01
8.900000000000016787e-01 -2.512923215072078165e-01
8.950000000000017941e-01 -2.549569547777537082e-01
9.000000000000016875e-01 -2.586218091480532166e-01
9.050000000000015810e-01 -2.622868955950252712e-01
9.100000000000016964e-01 -2.659522172978086019e-01
9.150000000000018119e-01 -2.696177619507125200e-01
9.200000000000017053e-01 -2.732835392503147887e-01
9.250000000000015987e-01 -2.769495478341923445e-01
9.300000000000017142e-01 -2.806157770276058727e-01
9.350000000000018296e-01 -2.842822503812385548e-01
9.400000000000017231e-01 -2.879489461602133815e-01
9.450000000000016165e-01 -2.916158687064580590e-01
9.500000000000017319e-01 -2.952830250426359271e-01
9.550000000000018474e-01 -2.989504103115905309e-01
9.600000000000017408e-01 -3.026180261781519221e-01
9.650000000000016342e-01 -3.062858689556833269e-01
9.700000000000017497e-01 -3.099539434495000023e-01
9.750000000000018652e-01 -3.136222457387702889e-01
9.800000000000017586e-01 -3.172907795844821521e-01
9.850000000000016520e-01 -3.209595378034464375e-01
9.900000000000017675e-01 -3.246285321895356901e-01
9.950000000000018829e-01 -3.282977485766878090e-01
1.000000000000001776e+00 -3.319672026466378156e-01
