-1.000000000000000000e+00 2.042796381517456794e+00
-9.949999999999999956e-01 2.008634145319405651e+00
-9.899999999999999911e-01 1.974627708871995235e+00
-9.849999999999999867e-01 1.940777072175222662e+00
-9.799999999999999822e-01 1.907082235229091038e+00
-9.749999999999999778e-01 1.873543198033597923e+00
-9.699999999999999734e-01 1.840159960588744870e+00
-9.649999999999999689e-01 1.806932522894531878e+00
-9.599999999999999645e-01 1.773860884950957617e+00
-9.549999999999999600e-01 1.740945046758022752e+00
-9.499999999999999556e-01 1.708185008315729059e+00
-9.449999999999999512e-01 1.675580769624073207e+00
-9.399999999999999467e-01 1.643132330683057418e+00
-9.349999999999999423e-01 1.610839691492682135e+00
-9.299999999999999378e-01 1.578702852052945360e+00
-9.249999999999999334e-01 1.546721812363849313e+00
-9.199999999999999289e-01 1.514896572425391552e+00
-9.149999999999999245e-01 1.483227132237573409e+00
-9.099999999999999201e-01 1.451713491800396216e+00
-9.049999999999999156e-01 1.420355651113857531e+00
-8.999999999999999112e-01 1.389153610177959131e+00
-8.949999999999999067e-01 1.358107368992699460e+00
-8.899999999999999023e-01 1.327216927558079629e+00
-8.849999999999998979e-01 1.296482285874099860e+00
-8.799999999999998934e-01 1.265903443940758821e+00
-8.749999999999998890e-01 1.235480401758057845e+00
-8.699999999999998845e-01 1.205213159325996930e+00
-8.649999999999998801e-01 1.175101716644574745e+00
-8.599999999999998757e-01 1.145146073713792179e+00
-8.549999999999998712e-01 1.115346230533650340e+00
-8.499999999999998668e-01 1.085702187104146788e+00
-8.449999999999998623e-01 1.056213943425283963e+00
-8.399999999999998579e-01 1.026881499497059869e+00
-8.349999999999998535e-01 9.977048553194750591e-01
-8.299999999999998490e-01 9.686840108925306447e-01
-8.249999999999998446e-01 9.398189662162252933e-01
-8.199999999999998401e-01 9.111097212905606701e-01
-8.149999999999998357e-01 8.825562761155341107e-01
-8.099999999999998312e-01 8.541586306911475024e-01
-8.049999999999998268e-01 8.259167850174011782e-01
-7.999999999999998224e-01 7.978307390942933619e-01
-7.949999999999998179e-01 7.699004929218263849e-01
-7.899999999999998135e-01 7.421260464999993589e-01
-7.849999999999998090e-01 7.145073998288102857e-01
-7.799999999999998046e-01 6.870445529082611635e-01
-7.749999999999998002e-01 6.597375057383515484e-01
-7.699999999999997957e-01 6.325862583190813293e-01
-7.649999999999997913e-01 6.055908106504518384e-01
-7.599999999999997868e-01 5.787511627324618546e-01
-7.549999999999997824e-01 5.520673145651103786e-01
-7.499999999999997780e-01 5.255392661483988537e-01
-7.449999999999997735e-01 4.991670174823266692e-01
-7.399999999999997691e-01 4.729505685668948800e-01
-7.349999999999997646e-01 4.468899194021029309e-01
-7.299999999999997602e-01 4.209850699879496005e-01
-7.249999999999997558e-01 3.952360203244356662e-01
-7.199999999999997513e-01 3.696427704115616275e-01
-7.149999999999997469e-01 3.442053202493278730e-01
-7.099999999999997424e-01 3.189236698377336254e-01
-7.049999999999997380e-01 2.937978191767783298e-01
-6.999999999999997335e-01 2.688277682664622636e-01
-6.949999999999997291e-01 2.440135171067863429e-01
-6.899999999999997247e-01 2.193550656977495961e-01
-6.849999999999997202e-01 1.948524140393529946e-01
-6.799999999999997158e-01 1.705055621315957892e-01
-6.749999999999997113e-01 1.463145099744782851e-01
-6.699999999999997069e-01 1.222792575680004129e-01
-6.649999999999997025e-01 9.839980491216156200e-02
-6.599999999999996980e-01 7.467615200696280098e-02
-6.549999999999996936e-01 5.110829885240371351e-02
-6.499999999999996891e-01 2.769624544848361611e-02
-6.449999999999996847e-01 4.439991795203629410e-03
-6.399999999999996803e-01 -1.866046210743691619e-02
-6.349999999999996758e-01 -4.160511625943780212e-02
-6.299999999999996714e-01 -6.439397066079902143e-02
-6.249999999999996669e-01 -8.702702531152102516e-02
-6.199999999999996625e-01 -1.095042802116031472e-01
-6.149999999999996581e-01 -1.318257353610458316e-01
-6.099999999999996536e-01 -1.539913907598490506e-01
-6.049999999999996492e-01 -1.760012464080124017e-01
-5.999999999999996447e-01 -1.978553023055363291e-01
-5.949999999999996403e-01 -2.195535584524205552e-01
-5.899999999999996358e-01 -2.410960148486651633e-01
-5.849999999999996314e-01 -2.624826714942705141e-01
-5.799999999999996270e-01 -2.837135283892359694e-01
-5.749999999999996225e-01 -3.047885855335618066e-01
-5.699999999999996181e-01 -3.257078429272486364e-01
-5.649999999999996136e-01 -3.464713005702953486e-01
-5.599999999999996092e-01 -3.670789584627023872e-01
-5.549999999999996048e-01 -3.875308166044700298e-01
-5.499999999999996003e-01 -4.078268749955979433e-01
-5.449999999999995959e-01 -4.279671336360866829e-01
-5.399999999999995914e-01 -4.479515925259355269e-01
-5.349999999999995870e-01 -4.677802516651446973e-01
-5.299999999999995826e-01 -4.874531110537146938e-01
-5.249999999999995781e-01 -5.069701706916447392e-01
-5.199999999999995737e-01 -5.263314305789351666e-01
-5.149999999999995692e-01 -5.455368907155860869e-01
-5.099999999999995648e-01 -5.645865511015975002e-01
-5.049999999999995604e-01 -5.834804117369692955e-01
-4.999999999999995559e-01 -6.022184726217014727e-01
-4.949999999999995515e-01 -6.208007337557940319e-01
-4.899999999999995470e-01 -6.392271951392474172e-01
-4.849999999999995426e-01 -6.574978567720608513e-01
-4.799999999999995381e-01 -6.756127186542346674e-01
-4.749999999999995337e-01 -6.935717807857689765e-01
-4.699999999999995293e-01 -7.113750431666634455e-01
-4.649999999999995248e-01 -7.290225057969188516e-01
-4.599999999999995204e-01 -7.465141686765343065e-01
-4.549999999999995159e-01 -7.638500318055102545e-01
-4.499999999999995115e-01 -7.810300951838469175e-01
-4.449999999999995071e-01 -7.980543588115436293e-01
-4.399999999999995026e-01 -8.149228226886007231e-01
-4.349999999999994982e-01 -8.316354868150183099e-01
-4.299999999999994937e-01 -8.481923511907962787e-01
-4.249999999999994893e-01 -8.645934158159349625e-01
-4.199999999999994849e-01 -8.808386806904338062e-01
-4.149999999999994804e-01 -8.969281458142930319e-01
-4.099999999999994760e-01 -9.128618111875129726e-01
-4.049999999999994715e-01 -9.286396768100930732e-01
-3.999999999999994671e-01 -9.442617426820335558e-01
-3.949999999999994627e-01 -9.597280088033344203e-01
-3.899999999999994582e-01 -9.750384751739957778e-01
-3.849999999999994538e-01 -9.901931417940177393e-01
-3.799999999999994493e-01 -1.005192008663400083e+00
-3.749999999999994449e-01 -1.020035075782142586e+00
-3.699999999999994404e-01 -1.034722343150245916e+00
-3.649999999999994360e-01 -1.049253810767709183e+00
-3.599999999999994316e-01 -1.063629478634533054e+00
-3.549999999999994271e-01 -1.077849346750717308e+00
-3.499999999999994227e-01 -1.091913415116261943e+00
-3.449999999999994182e-01 -1.105821683731167404e+00
-3.399999999999994138e-01 -1.119574152595432803e+00
-3.349999999999994094e-01 -1.133170821709058806e+00
-3.299999999999994049e-01 -1.146611691072045414e+00
-3.249999999999994005e-01 -1.159896760684391959e+00
-3.199999999999993960e-01 -1.173026030546099330e+00
-3.149999999999993916e-01 -1.185999500657166639e+00
-3.099999999999993872e-01 -1.198817171017594774e+00
-3.049999999999993827e-01 -1.211479041627383513e+00
-2.999999999999993783e-01 -1.223985112486532190e+00
-2.949999999999993738e-01 -1.236335383595041471e+00
-2.899999999999993694e-01 -1.248529854952911355e+00
-2.849999999999993650e-01 -1.260568526560141622e+00
-2.799999999999993605e-01 -1.272451398416731827e+00
-2.749999999999993561e-01 -1.284178470522682858e+00
-2.699999999999993516e-01 -1.295749742877994271e+00
-2.649999999999993472e-01 -1.307165215482666287e+00
-2.599999999999993427e-01 -1.318424888336698464e+00
-2.549999999999993383e-01 -1.329528761440091023e+00
-2.499999999999993339e-01 -1.340476834792844185e+00
-2.449999999999993294e-01 -1.351269108394957730e+00
-2.399999999999993250e-01 -1.361905582246431434e+00
-2.349999999999993205e-01 -1.372386256347265743e+00
-2.299999999999993161e-01 -1.382711130697460433e+00
-2.249999999999993117e-01 -1.392880205297015728e+00
-2.199999999999993072e-01 -1.402893480145931404e+00
-2.149999999999993028e-01 -1.412750955244207240e+00
-2.099999999999992983e-01 -1.422452630591843903e+00
-2.049999999999992939e-01 -1.431998506188840281e+00
-1.999999999999992895e-01 -1.441388582035197707e+00
-1.949999999999992850e-01 -1.450622858130915516e+00
-1.899999999999992806e-01 -1.459701334475993262e+00
-1.849999999999992761e-01 -1.468624011070431834e+00
-1.799999999999992717e-01 -1.477390887914230566e+00
-1.749999999999992673e-01 -1.486001965007389902e+00
-1.699999999999992628e-01 -1.494457242349909842e+00
-1.649999999999992584e-01 -1.502756719941789942e+00
-1.599999999999992539e-01 -1.510900397783030646e+00
-1.549999999999992495e-01 -1.518888275873631510e+00
-1.499999999999992450e-01 -1.526720354213592756e+00
-1.449999999999992406e-01 -1.534396632802914606e+00
-1.399999999999992362e-01 -1.541917111641597060e+00
-1.349999999999992317e-01 -1.549281790729639452e+00
-1.299999999999992273e-01 -1.556490670067042670e+00
-1.249999999999992228e-01 -1.563543749653805826e+00
-1.199999999999992184e-01 -1.570441029489930029e+00
-1.149999999999992140e-01 -1.577182509575414393e+00
-1.099999999999992095e-01 -1.583768189910259139e+00
-1.049999999999992051e-01 -1.590198070494464044e+00
-9.999999999999920064e-02 -1.596472151328029776e+00
-9.499999999999919620e-02 -1.602590432410955668e+00
-8.999999999999919176e-02 -1.608552913743242163e+00
-8.499999999999918732e-02 -1.614359595324888819e+00
-7.999999999999918288e-02 -1.620010477155896300e+00
-7.499999999999917843e-02 -1.625505559236263942e+00
-6.999999999999917399e-02 -1.630844841565991965e+00
-6.499999999999916955e-02 -1.636028324145080592e+00
-5.999999999999916511e-02 -1.641056006973529602e+00
-5.499999999999916067e-02 -1.645927890051338549e+00
-4.999999999999915623e-02 -1.650643973378508544e+00
-4.499999999999915179e-02 -1.655204256955038478e+00
-3.999999999999914735e-02 -1.659608740780929015e+00
-3.499999999999914291e-02 -1.663857424856180156e+00
-2.999999999999913847e-02 -1.667950309180791235e+00
-2.499999999999913403e-02 -1.671887393754763362e+00
-1.999999999999912959e-02 -1.675668678578095427e+00
-1.499999999999912514e-02 -1.679294163650788096e+00
-9.999999999999120703e-03 -1.682763848972841147e+00
-4.999999999999116262e-03 -1.686077734544254803e+00
8.881784197001252323e-16 -1.689235820365028617e+00
5.000000000000781597e-03 -1.692238106435162814e+00
1.000000000000089706e-02 -1.695084592754657615e+00
1.500000000000101252e-02 -1.697775279323512798e+00
2.000000000000090594e-02 -1.700310166141728363e+00
2.500000000000079936e-02 -1.702689253209304310e+00
3.000000000000091482e-02 -1.704912540526240861e+00
3.500000000000103029e-02 -1.706980028092537793e+00
4.000000000000092371e-02 -1.708891715908194664e+00
4.500000000000081712e-02 -1.710647603973212361e+00
5.000000000000093259e-02 -1.712247692287590661e+00
5.500000000000104805e-02 -1.713691980851329122e+00
6.000000000000094147e-02 -1.714980469664427964e+00
6.500000000000083489e-02 -1.716113158726887411e+00
7.000000000000095035e-02 -1.717090048038707017e+00
7.500000000000106581e-02 -1.717911137599887228e+00
8.000000000000095923e-02 -1.718576427410427820e+00
8.500000000000085265e-02 -1.719085917470328795e+00
9.000000000000096811e-02 -1.719439607779590151e+00
9.500000000000108358e-02 -1.719637498338211890e+00
1.000000000000009770e-01 -1.719679589146194232e+00
1.050000000000008704e-01 -1.719565880203536956e+00
1.100000000000009859e-01 -1.719296371510239840e+00
1.150000000000011013e-01 -1.718871063066303551e+00
1.200000000000009948e-01 -1.718289954871727199e+00
1.250000000000008882e-01 -1.717553046926511673e+00
1.300000000000010036e-01 -1.716660339230656307e+00
1.350000000000011191e-01 -1.715611831784161545e+00
1.400000000000010125e-01 -1.714407524587027165e+00
1.450000000000009059e-01 -1.713047417639252945e+00
1.500000000000010214e-01 -1.711531510940839551e+00
1.550000000000011369e-01 -1.709859804491786317e+00
1.600000000000010303e-01 -1.708032298292093687e+00
1.650000000000009237e-01 -1.706048992341761439e+00
1.700000000000010392e-01 -1.703909886640789351e+00
1.750000000000011546e-01 -1.701614981189177866e+00
1.800000000000010481e-01 -1.699164275986926764e+00
1.850000000000009415e-01 -1.696557771034036266e+00
1.900000000000010569e-01 -1.693795466330505928e+00
1.950000000000011724e-01 -1.690877361876335749e+00
2.000000000000010658e-01 -1.687803457671526397e+00
2.050000000000009592e-01 -1.684573753716077649e+00
2.100000000000010747e-01 -1.681188250009989060e+00
2.150000000000011902e-01 -1.677646946553260410e+00
2.200000000000010836e-01 -1.673949843345893029e+00
2.250000000000009770e-01 -1.670096940387885587e+00
2.300000000000010925e-01 -1.666088237679238526e+00
2.350000000000012079e-01 -1.661923735219952070e+00
2.400000000000011013e-01 -1.657603433010025995e+00
2.450000000000009948e-01 -1.653127331049460524e+00
2.500000000000011102e-01 -1.648495429338255214e+00
2.550000000000012257e-01 -1.643707727876410285e+00
2.600000000000011191e-01 -1.638764226663925738e+00
2.650000000000010125e-01 -1.633664925700802018e+00
2.700000000000011280e-01 -1.628409824987038235e+00
2.750000000000012434e-01 -1.622998924522635056e+00
2.800000000000011369e-01 -1.617432224307592259e+00
2.850000000000010303e-01 -1.611709724341910066e+00
2.900000000000011458e-01 -1.605831424625588255e+00
2.950000000000012612e-01 -1.599797325158626382e+00
3.000000000000011546e-01 -1.593607425941025557e+00
3.050000000000010481e-01 -1.587261726972784892e+00
3.100000000000011635e-01 -1.580760228253904609e+00
3.150000000000012790e-01 -1.574102929784384486e+00
3.200000000000011724e-01 -1.567289831564225411e+00
3.250000000000010658e-01 -1.560320933593426496e+00
3.300000000000011813e-01 -1.553196235871987740e+00
3.350000000000012967e-01 -1.545915738399909367e+00
3.400000000000011902e-01 -1.538479441177191598e+00
3.450000000000010836e-01 -1.530887344203834655e+00
3.500000000000011990e-01 -1.523139447479837427e+00
3.550000000000013145e-01 -1.515235751005200804e+00
3.600000000000012079e-01 -1.507176254779925006e+00
3.650000000000011013e-01 -1.498960958804009369e+00
3.700000000000012168e-01 -1.490589863077454114e+00
3.750000000000013323e-01 -1.482062967600258796e+00
3.800000000000012257e-01 -1.473380272372424749e+00
3.850000000000011191e-01 -1.464541777393950639e+00
3.900000000000012346e-01 -1.455547482664836911e+00
3.950000000000013500e-01 -1.446397388185083566e+00
4.000000000000012434e-01 -1.437091493954691268e+00
4.050000000000011369e-01 -1.427629799973659130e+00
4.100000000000012523e-01 -1.418012306241987153e+00
4.150000000000013678e-01 -1.408239012759675335e+00
4.200000000000012612e-01 -1.398309919526724121e+00
4.250000000000011546e-01 -1.388225026543133955e+00
4.300000000000012701e-01 -1.377984333808903283e+00
4.350000000000013856e-01 -1.367587841324033437e+00
4.400000000000012790e-01 -1.357035549088524196e+00
4.450000000000011724e-01 -1.346327457102375336e+00
4.500000000000012879e-01 -1.335463565365586636e+00
4.550000000000014033e-01 -1.324443873878158096e+00
4.600000000000012967e-01 -1.313268382640091048e+00
4.650000000000011902e-01 -1.301937091651383271e+00
4.700000000000013056e-01 -1.290450000912036321e+00
4.750000000000014211e-01 -1.278807110422049753e+00
4.800000000000013145e-01 -1.267008420181423789e+00
4.850000000000012079e-01 -1.255053930190158429e+00
4.900000000000013234e-01 -1.242943640448253007e+00
4.950000000000014388e-01 -1.230677550955707966e+00
5.000000000000013323e-01 -1.218255661712523308e+00
5.050000000000012257e-01 -1.205677972718700142e+00
5.100000000000013411e-01 -1.192944483974235803e+00
5.150000000000014566e-01 -1.180055195479132513e+00
5.200000000000013500e-01 -1.167010107233390048e+00
5.250000000000012434e-01 -1.153809219237008188e+00
5.300000000000013589e-01 -1.140452531489986043e+00
5.350000000000014744e-01 -1.126940043992323615e+00
5.400000000000013678e-01 -1.113271756744023566e+00
5.450000000000012612e-01 -1.099447669745082568e+00
5.500000000000013767e-01 -1.085467782995502395e+00
5.550000000000014921e-01 -1.071332096495282160e+00
5.600000000000013856e-01 -1.057040610244423195e+00
5.650000000000012790e-01 -1.042593324242924391e+00
5.700000000000013944e-01 -1.027990238490785746e+00
5.750000000000015099e-01 -1.013231352988007261e+00
5.800000000000014033e-01 -9.983166677345893802e-01
5.850000000000012967e-01 -9.832461827305327695e-01
5.900000000000014122e-01 -9.680198979758352085e-01
5.950000000000015277e-01 -9.526378134704985845e-01
6.000000000000014211e-01 -9.370999292145227866e-01
6.050000000000013145e-01 -9.214062452079080368e-01
6.100000000000014300e-01 -9.055567614506514484e-01
6.150000000000015454e-01 -8.895514779427563523e-01
6.200000000000014388e-01 -8.733903946842229704e-01
6.250000000000013323e-01 -8.570735116750486382e-01
6.300000000000014477e-01 -8.406008289152347990e-01
6.350000000000015632e-01 -8.239723464047814527e-01
6.400000000000014566e-01 -8.071880641436897097e-01
6.450000000000013500e-01 -7.902479821319571274e-01
6.500000000000014655e-01 -7.731521003695850380e-01
6.550000000000015810e-01 -7.559004188565732196e-01
6.600000000000014744e-01 -7.384929375929220052e-01
6.650000000000013678e-01 -7.209296565786323940e-01
6.700000000000014833e-01 -7.032105758137019436e-01
6.750000000000015987e-01 -6.853356952981317640e-01
6.800000000000014921e-01 -6.673050150319221885e-01
6.850000000000013856e-01 -6.491185350150729949e-01
6.900000000000015010e-01 -6.307762552475840723e-01
6.950000000000016165e-01 -6.122781757294557536e-01
7.000000000000015099e-01 -5.936242964606890382e-01
7.050000000000014033e-01 -5.748146174412813725e-01
7.100000000000015188e-01 -5.558491386712343107e-01
7.150000000000016342e-01 -5.367278601505475200e-01
7.200000000000015277e-01 -5.174507818792210001e-01
7.250000000000014211e-01 -4.980179038572564720e-01
7.300000000000015365e-01 -4.784292260846509381e-01
7.350000000000016520e-01 -4.586847485614059527e-01
7.400000000000015454e-01 -4.387844712875213493e-01
7.450000000000014388e-01 -4.187283942629983491e-01
7.500000000000015543e-01 -3.985165174878346206e-01
7.550000000000016698e-01 -3.781488409620296642e-01
7.600000000000015632e-01 -3.576253646855881430e-01
7.650000000000014566e-01 -3.369460886585069481e-01
7.700000000000015721e-01 -3.161110128807834152e-01
7.750000000000016875e-01 -2.951201373524215965e-01
7.800000000000015810e-01 -2.739734620734216586e-01
7.850000000000014744e-01 -2.526709870437807148e-01
7.900000000000015898e-01 -2.312127122635003196e-01
7.950000000000017053e-01 -2.095986377325800565e-01
8.000000000000015987e-01 -1.878287634510216741e-01
8.050000000000014921e-01 -1.659030894188222860e-01
8.100000000000016076e-01 -1.438216156359834741e-01
8.150000000000017231e-01 -1.215843421025050025e-01
8.200000000000016165e-01 -9.919126881838687126e-02
8.250000000000015099e-01 -7.664239578363084282e-02
8.300000000000016254e-01 -5.393772299823360039e-02
8.350000000000017408e-01 -3.107725046219691339e-02
8.400000000000016342e-01 -8.060978175520566724e-03
8.450000000000015277e-01 1.511109386179544135e-02
8.500000000000016431e-01 3.843896564975111257e-02
8.550000000000017586e-01 6.192263718834623010e-02
8.600000000000016520e-01 8.556210847757923788e-02
8.650000000000015454e-01 1.093573795174534458e-01
8.700000000000016609e-01 1.333084503079675354e-01
8.750000000000017764e-01 1.574153208491208822e-01
8.800000000000016698e-01 1.816779911409140691e-01
8.850000000000015632e-01 2.060964611833449589e-01
8.900000000000016787e-01 2.306707309764172709e-01
8.950000000000017941e-01 2.554008005201290343e-01
9.000000000000016875e-01 2.802866698144801938e-01
9.050000000000015810e-01 3.053283388594697501e-01
9.100000000000016964e-01 3.305258076551000346e-01
9.150000000000018119e-01 3.558790762013719911e-01
9.200000000000017053e-01 3.813881444982802349e-01
9.250000000000015987e-01 4.070530125458275417e-01
9.300000000000017142e-01 4.328736803440182412e-01
9.350000000000018296e-01 4.588501478928466715e-01
9.400000000000017231e-01 4.849824151923131654e-01
9.450000000000016165e-01 5.112704822424208873e-01
9.500000000000017319e-01 5.377143490431680606e-01
9.550000000000018474e-01 5.643140155945550740e-01
9.600000000000017408e-01 5.910694818965793740e-01
9.650000000000016342e-01 6.179807479492452904e-01
9.700000000000017497e-01 6.450478137525510469e-01
9.750000000000018652e-01 6.722706793064963104e-01
9.800000000000017586e-01 6.996493446110809700e-01
9.850000000000016520e-01 7.271838096663033602e-01
9.900000000000017675e-01 7.548740744721673668e-01
9.950000000000018829e-01 7.827201390286707694e-01
1.000000000000001776e+00 8.107220033358141231e-01
