7.912091881466776222e-01 -2.259998988314383950e-01
8.152828548478736614e-01 -1.203217018055556670e-01
4.573501437708036299e-01 -1.319210476647672881e+00
-6.717932695507136120e-01 1.308816761955946539e-01
1.399352510934366300e-01 -1.714424115824650485e+00
-9.363114878034227706e-01 1.619294898545338146e+00
-4.437203345009168576e-01 -8.023863916390264750e-01
1.000000000000000000e+00 8.107220033358039091e-01
1.000000000000000000e+00 8.107220033358039091e-01
1.000000000000000000e+00 8.107220033358039091e-01
