-1.000000000000000000e+00 7.547330633153197965e+00
-9.949999999999999956e-01 7.543807351471233602e+00
-9.899999999999999911e-01 7.540284769271639931e+00
-9.849999999999999867e-01 7.536762871087095306e+00
-9.799999999999999822e-01 7.533241673106378045e+00
-9.749999999999999778e-01 7.529721162804836609e+00
-9.699999999999999734e-01 7.526201350880175056e+00
-9.649999999999999689e-01 7.522682227278384204e+00
-9.599999999999999645e-01 7.519163803315851879e+00
-9.549999999999999600e-01 7.515646074888710615e+00
-9.499999999999999556e-01 7.512129039044058487e+00
-9.449999999999999512e-01 7.508612699919414268e+00
-9.399999999999999467e-01 7.505097059945629923e+00
-9.349999999999999423e-01 7.501582116317823790e+00
-9.299999999999999378e-01 7.498067868418676341e+00
-9.249999999999999334e-01 7.494554317519433795e+00
-9.199999999999999289e-01 7.491041461372507371e+00
-9.149999999999999245e-01 7.487529313295173239e+00
-9.099999999999999201e-01 7.484017860738223504e+00
-9.049999999999999156e-01 7.480507104392192019e+00
-8.999999999999999112e-01 7.476997050812489221e+00
-8.949999999999999067e-01 7.473487699204216739e+00
-8.899999999999999023e-01 7.469979050893872596e+00
-8.849999999999998979e-01 7.466471095721264106e+00
-8.799999999999998934e-01 7.462963844890911247e+00
-8.749999999999998890e-01 7.459457306492542017e+00
-8.699999999999998845e-01 7.455951459002509552e+00
-8.649999999999998801e-01 7.452446318783305657e+00
-8.599999999999998757e-01 7.448941886326057471e+00
-8.549999999999998712e-01 7.445438153410751880e+00
-8.499999999999998668e-01 7.441935126002992007e+00
-8.449999999999998623e-01 7.438432806407892173e+00
-8.399999999999998579e-01 7.434931191471893186e+00
-8.349999999999998535e-01 7.431430278237545650e+00
-8.299999999999998490e-01 7.427930082691947433e+00
-8.249999999999998446e-01 7.424430583633412795e+00
-8.199999999999998401e-01 7.420931794593290221e+00
-8.149999999999998357e-01 7.417433714602740480e+00
-8.099999999999998312e-01 7.413936344960976754e+00
-8.049999999999998268e-01 7.410439688192756336e+00
-7.999999999999998224e-01 7.406943728862817267e+00
-7.949999999999998179e-01 7.403448492029784944e+00
-7.899999999999998135e-01 7.399953960098802241e+00
-7.849999999999998090e-01 7.396460138306512277e+00
-7.799999999999998046e-01 7.392967029101047416e+00
-7.749999999999998002e-01 7.389474633321416519e+00
-7.699999999999997957e-01 7.385982950898952737e+00
-7.649999999999997913e-01 7.382491976741167861e+00
-7.599999999999997868e-01 7.379001720426405342e+00
-7.549999999999997824e-01 7.375512174625502126e+00
-7.499999999999997780e-01 7.372023346863617377e+00
-7.449999999999997735e-01 7.368535229561931743e+00
-7.399999999999997691e-01 7.365047832495466906e+00
-7.349999999999997646e-01 7.361561146726618432e+00
-7.299999999999997602e-01 7.358075176233516146e+00
-7.249999999999997558e-01 7.354589930105650097e+00
-7.199999999999997513e-01 7.351105398468181562e+00
-7.149999999999997469e-01 7.347621576329121496e+00
-7.099999999999997424e-01 7.344138483614361945e+00
-7.049999999999997380e-01 7.340656104842484098e+00
-6.999999999999997335e-01 7.337174446553891727e+00
-6.949999999999997291e-01 7.333693501702274631e+00
-6.899999999999997247e-01 7.330213282943706332e+00
-6.849999999999997202e-01 7.326733787962840694e+00
-6.799999999999997158e-01 7.323255010698805023e+00
-6.749999999999997113e-01 7.319776954850059525e+00
-6.699999999999997069e-01 7.316299622562443261e+00
-6.649999999999997025e-01 7.312823013219432511e+00
-6.599999999999996980e-01 7.309347129018480160e+00
-6.549999999999996936e-01 7.305871962758548221e+00
-6.499999999999996891e-01 7.302397528115026404e+00
-6.449999999999996847e-01 7.298923805361429373e+00
-6.399999999999996803e-01 7.295450822449485173e+00
-6.349999999999996758e-01 7.291978558610200167e+00
-6.299999999999996714e-01 7.288507025613117918e+00
-6.249999999999996669e-01 7.285036212965398050e+00
-6.199999999999996625e-01 7.281566131838818734e+00
-6.149999999999996581e-01 7.278096772858535957e+00
-6.099999999999996536e-01 7.274628148461662391e+00
-6.049999999999996492e-01 7.271160244800913830e+00
-5.999999999999996447e-01 7.267693083589794156e+00
-5.949999999999996403e-01 7.264226642288296176e+00
-5.899999999999996358e-01 7.260760931312407962e+00
-5.849999999999996314e-01 7.257295955690953093e+00
-5.799999999999996270e-01 7.253831709602483357e+00
-5.749999999999996225e-01 7.250368192789611754e+00
-5.699999999999996181e-01 7.246905413281812258e+00
-5.649999999999996136e-01 7.243443368585705144e+00
-5.599999999999996092e-01 7.239982050186146267e+00
-5.549999999999996048e-01 7.236521469737628109e+00
-5.499999999999996003e-01 7.233061621021253274e+00
-5.449999999999995959e-01 7.229602509063116855e+00
-5.399999999999995914e-01 7.226144130836193114e+00
-5.349999999999995870e-01 7.222686494305609273e+00
-5.299999999999995826e-01 7.219229587587907560e+00
-5.249999999999995781e-01 7.215773423341207859e+00
-5.199999999999995737e-01 7.212317994252035902e+00
-5.149999999999995692e-01 7.208863305008382127e+00
-5.099999999999995648e-01 7.205409348392269209e+00
-5.049999999999995604e-01 7.201956134258299613e+00
-4.999999999999995559e-01 7.198503661515079699e+00
-4.949999999999995515e-01 7.195051927211753906e+00
-4.899999999999995470e-01 7.191600936844853464e+00
-4.849999999999995426e-01 7.188150687692033358e+00
-4.799999999999995381e-01 7.184701179206914645e+00
-4.749999999999995337e-01 7.181252407250159564e+00
-4.699999999999995293e-01 7.177804383513095132e+00
-4.649999999999995248e-01 7.174357105637856336e+00
-4.599999999999995204e-01 7.170910566902367833e+00
-4.549999999999995159e-01 7.167464775176487279e+00
-4.499999999999995115e-01 7.164019726098050711e+00
-4.449999999999995071e-01 7.160575424524441956e+00
-4.399999999999995026e-01 7.157131865400689463e+00
-4.349999999999994982e-01 7.153689055750593440e+00
-4.299999999999994937e-01 7.150246995617809631e+00
-4.249999999999994893e-01 7.146805684773372747e+00
-4.199999999999994849e-01 7.143365113833343827e+00
-4.149999999999994804e-01 7.139925295540653138e+00
-4.099999999999994760e-01 7.136486230809797604e+00
-4.049999999999994715e-01 7.133047910984434026e+00
-3.999999999999994671e-01 7.129610344456470017e+00
-3.949999999999994627e-01 7.126173524773268042e+00
-3.899999999999994582e-01 7.122737457089389324e+00
-3.849999999999994538e-01 7.119302148221041904e+00
-3.799999999999994493e-01 7.115867583451464640e+00
-3.749999999999994449e-01 7.112433779378253718e+00
-3.699999999999994404e-01 7.109000721071826234e+00
-3.649999999999994360e-01 7.105568418287194987e+00
-3.599999999999994316e-01 7.102136879921037149e+00
-3.549999999999994271e-01 7.098706087730935366e+00
-3.499999999999994227e-01 7.095276052346154216e+00
-3.449999999999994182e-01 7.091846775791683655e+00
-3.399999999999994138e-01 7.088418250931173503e+00
-3.349999999999994094e-01 7.084990488699705935e+00
-3.299999999999994049e-01 7.081563485040479833e+00
-3.249999999999994005e-01 7.078137238224545769e+00
-3.199999999999993960e-01 7.074711753976945516e+00
-3.149999999999993916e-01 7.071287020915125510e+00
-3.099999999999993872e-01 7.067863054536648093e+00
-3.049999999999993827e-01 7.064439842647235679e+00
-2.999999999999993783e-01 7.061017400414076661e+00
-2.949999999999993738e-01 7.057595720959117358e+00
-2.899999999999993694e-01 7.054174796515045642e+00
-2.849999999999993650e-01 7.050754641596487460e+00
-2.799999999999993605e-01 7.047335243648550573e+00
-2.749999999999993561e-01 7.043916612410558997e+00
-2.699999999999993516e-01 7.040498752255363257e+00
-2.649999999999993472e-01 7.037081650461178839e+00
-2.599999999999993427e-01 7.033665311174392087e+00
-2.549999999999993383e-01 7.030249750099248018e+00
-2.499999999999993339e-01 7.026834945982901814e+00
-2.449999999999993294e-01 7.023420912858629350e+00
-2.399999999999993250e-01 7.020007647721460131e+00
-2.349999999999993205e-01 7.016595151385164542e+00
-2.299999999999993161e-01 7.013183426605284154e+00
-2.249999999999993117e-01 7.009772467910071470e+00
-2.199999999999993072e-01 7.006362282091405547e+00
-2.149999999999993028e-01 7.002952866148635991e+00
-2.099999999999992983e-01 6.999544221456009296e+00
-2.049999999999992939e-01 6.996136353161492849e+00
-1.999999999999992895e-01 6.992729249325694951e+00
-1.949999999999992850e-01 6.989322924181752938e+00
-1.899999999999992806e-01 6.985917371214501514e+00
-1.849999999999992761e-01 6.982512594877508860e+00
-1.799999999999992717e-01 6.979108593460697563e+00
-1.749999999999992673e-01 6.975705364317665413e+00
-1.699999999999992628e-01 6.972302912524757090e+00
-1.649999999999992584e-01 6.968901241137647418e+00
-1.599999999999992539e-01 6.965500338043117523e+00
-1.549999999999992495e-01 6.962100222148993822e+00
-1.499999999999992450e-01 6.958700884901364958e+00
-1.449999999999992406e-01 6.955302322513663427e+00
-1.399999999999992362e-01 6.951904537678448293e+00
-1.349999999999992317e-01 6.948507543517454366e+00
-1.299999999999992273e-01 6.945111318924492849e+00
-1.249999999999992228e-01 6.941715875505625633e+00
-1.199999999999992184e-01 6.938321223395579551e+00
-1.149999999999992140e-01 6.934927349632236115e+00
-1.099999999999992095e-01 6.931534254317458732e+00
-1.049999999999992051e-01 6.928141948939302353e+00
-9.999999999999920064e-02 6.924750427338441483e+00
-9.499999999999919620e-02 6.921359687818213757e+00
-8.999999999999919176e-02 6.917969732914972525e+00
-8.499999999999918732e-02 6.914580570310310037e+00
-7.999999999999918288e-02 6.911192192908348630e+00
-7.499999999999917843e-02 6.907804591539562722e+00
-6.999999999999917399e-02 6.904417795324153673e+00
-6.499999999999916955e-02 6.901031776243772953e+00
-5.999999999999916511e-02 6.897646549383754433e+00
-5.499999999999916067e-02 6.894262113750020404e+00
-4.999999999999915623e-02 6.890878468077691110e+00
-4.499999999999915179e-02 6.887495609963654175e+00
-3.999999999999914735e-02 6.884113544432413079e+00
-3.499999999999914291e-02 6.880732273133336463e+00
-2.999999999999913847e-02 6.877351794833376886e+00
-2.499999999999913403e-02 6.873972106571219598e+00
-1.999999999999912959e-02 6.870593215563022937e+00
-1.499999999999912514e-02 6.867215120327674782e+00
-9.999999999999120703e-03 6.863837814690388228e+00
-4.999999999999116262e-03 6.860461307430060884e+00
8.881784197001252323e-16 6.857085598599216070e+00
5.000000000000781597e-03 6.853710684241324458e+00
1.000000000000089706e-02 6.850336568323033504e+00
1.500000000000101252e-02 6.846963249995216216e+00
2.000000000000090594e-02 6.843590729024246144e+00
2.500000000000079936e-02 6.840219014919686202e+00
3.000000000000091482e-02 6.836848090307459103e+00
3.500000000000103029e-02 6.833477970779032518e+00
4.000000000000092371e-02 6.830108654294409831e+00
4.500000000000081712e-02 6.826740139026416188e+00
5.000000000000093259e-02 6.823372423537140463e+00
5.500000000000104805e-02 6.820005513830157184e+00
6.000000000000094147e-02 6.816639405498964521e+00
6.500000000000083489e-02 6.813274100177924453e+00
7.000000000000095035e-02 6.809909607999490078e+00
7.500000000000106581e-02 6.806545912251923625e+00
8.000000000000095923e-02 6.803183029960738537e+00
8.500000000000085265e-02 6.799820948867992598e+00
9.000000000000096811e-02 6.796459676261466853e+00
9.500000000000108358e-02 6.793099212595681280e+00
1.000000000000009770e-01 6.789739554058034088e+00
1.050000000000008704e-01 6.786380707750542030e+00
1.100000000000009859e-01 6.783022677216823837e+00
1.150000000000011013e-01 6.779665445461606765e+00
1.200000000000009948e-01 6.776309038304308530e+00
1.250000000000008882e-01 6.772953434210140955e+00
1.300000000000010036e-01 6.769598643137843652e+00
1.350000000000011191e-01 6.766244662665204856e+00
1.400000000000010125e-01 6.762891504531527431e+00
1.450000000000009059e-01 6.759539150774745764e+00
1.500000000000010214e-01 6.756187622483995625e+00
1.550000000000011369e-01 6.752836903581684425e+00
1.600000000000010303e-01 6.749486995349290197e+00
1.650000000000009237e-01 6.746137907419498703e+00
1.700000000000010392e-01 6.742789644903215418e+00
1.750000000000011546e-01 6.739442193414394211e+00
1.800000000000010481e-01 6.736095561820267363e+00
1.850000000000009415e-01 6.732749750706663150e+00
1.900000000000010569e-01 6.729404757173771401e+00
1.950000000000011724e-01 6.726060585690166960e+00
2.000000000000010658e-01 6.722717228522643751e+00
2.050000000000009592e-01 6.719374707564103488e+00
2.100000000000010747e-01 6.716032998223628425e+00
2.150000000000011902e-01 6.712692114154553025e+00
2.200000000000010836e-01 6.709352054791853703e+00
2.250000000000009770e-01 6.706012820101651783e+00
2.300000000000010925e-01 6.702674408668091388e+00
2.350000000000012079e-01 6.699336827134803940e+00
2.400000000000011013e-01 6.696000069447510583e+00
2.450000000000009948e-01 6.692664136267186592e+00
2.500000000000011102e-01 6.689329038224688162e+00
2.550000000000012257e-01 6.685994766802142664e+00
2.600000000000011191e-01 6.682661316935710971e+00
2.650000000000010125e-01 6.679328704072023726e+00
2.700000000000011280e-01 6.675996912217389223e+00
2.750000000000012434e-01 6.672665958369353945e+00
2.800000000000011369e-01 6.669335836540259521e+00
2.850000000000010303e-01 6.666006546497275309e+00
2.900000000000011458e-01 6.662678086227689533e+00
2.950000000000012612e-01 6.659350463670481446e+00
3.000000000000011546e-01 6.656023678484817907e+00
3.050000000000010481e-01 6.652697715518517185e+00
3.100000000000011635e-01 6.649372595322748936e+00
3.150000000000012790e-01 6.646048315003728391e+00
3.200000000000011724e-01 6.642724864457196787e+00
3.250000000000010658e-01 6.639402258678902768e+00
3.300000000000011813e-01 6.636080488236022035e+00
3.350000000000012967e-01 6.632759557879754908e+00
3.400000000000011902e-01 6.629439459484334662e+00
3.450000000000010836e-01 6.626120208928288235e+00
3.500000000000011990e-01 6.622801792396504794e+00
3.550000000000013145e-01 6.619484221868280116e+00
3.600000000000012079e-01 6.616167497787902363e+00
3.650000000000011013e-01 6.612851608592965391e+00
3.700000000000012168e-01 6.609536561018050094e+00
3.750000000000013323e-01 6.606222366374087329e+00
3.800000000000012257e-01 6.602909013817853889e+00
3.850000000000011191e-01 6.599596502396881448e+00
3.900000000000012346e-01 6.596284841981006508e+00
3.950000000000013500e-01 6.592974023820435292e+00
4.000000000000012434e-01 6.589664060805208834e+00
4.050000000000011369e-01 6.586354939043022938e+00
4.100000000000012523e-01 6.583046671341381995e+00
4.150000000000013678e-01 6.579739245906640832e+00
4.200000000000012612e-01 6.576432673735727263e+00
4.250000000000011546e-01 6.573126954713817582e+00
4.300000000000012701e-01 6.569822084974649812e+00
4.350000000000013856e-01 6.566518065475694499e+00
4.400000000000012790e-01 6.563214904911038872e+00
4.450000000000011724e-01 6.559912594637072658e+00
4.500000000000012879e-01 6.556611141967270129e+00
4.550000000000014033e-01 6.553310536229393080e+00
4.600000000000012967e-01 6.550010790709340114e+00
4.650000000000011902e-01 6.546711895312174789e+00
4.700000000000013056e-01 6.543413862814706050e+00
4.750000000000014211e-01 6.540116690088726870e+00
4.800000000000013145e-01 6.536820376744746142e+00
4.850000000000012079e-01 6.533524914642558912e+00
4.900000000000013234e-01 6.530230316610815322e+00
4.950000000000014388e-01 6.526936575891287617e+00
5.000000000000013323e-01 6.523643698051447615e+00
5.050000000000012257e-01 6.520351680413174478e+00
5.100000000000013411e-01 6.517060529793926804e+00
5.150000000000014566e-01 6.513770238779617472e+00
5.200000000000013500e-01 6.510480814393933002e+00
5.250000000000012434e-01 6.507192253605982302e+00
5.300000000000013589e-01 6.503904554677948369e+00
5.350000000000014744e-01 6.500617721492236711e+00
5.400000000000013678e-01 6.497331760105399923e+00
5.450000000000012612e-01 6.494046664675526159e+00
5.500000000000013767e-01 6.490762432180137154e+00
5.550000000000014921e-01 6.487479069644397356e+00
5.600000000000013856e-01 6.484196576436890069e+00
5.650000000000012790e-01 6.480914960193960184e+00
5.700000000000013944e-01 6.477634207506699937e+00
5.750000000000015099e-01 6.474354325602636351e+00
5.800000000000014033e-01 6.471075318336662718e+00
5.850000000000012967e-01 6.467797188055730118e+00
5.900000000000014122e-01 6.464519922098535432e+00
5.950000000000015277e-01 6.461243543673337086e+00
6.000000000000014211e-01 6.457968028286988016e+00
6.050000000000013145e-01 6.454693384748171781e+00
6.100000000000014300e-01 6.451419630934370986e+00
6.150000000000015454e-01 6.448146744606166436e+00
6.200000000000014388e-01 6.444874742062612683e+00
6.250000000000013323e-01 6.441603613219914592e+00
6.300000000000014477e-01 6.438333363502071194e+00
6.350000000000015632e-01 6.435064002992650245e+00
6.400000000000014566e-01 6.431795513327589475e+00
6.450000000000013500e-01 6.428527908973766358e+00
6.500000000000014655e-01 6.425261185065611613e+00
6.550000000000015810e-01 6.421995345277029088e+00
6.600000000000014744e-01 6.418730380921889633e+00
6.650000000000013678e-01 6.415466305895225929e+00
6.700000000000014833e-01 6.412203114334889875e+00
6.750000000000015987e-01 6.408940813775362955e+00
6.800000000000014921e-01 6.405679397527539010e+00
6.850000000000013856e-01 6.402418869301019555e+00
6.900000000000015010e-01 6.399159227346618906e+00
6.950000000000016165e-01 6.395900472614531651e+00
7.000000000000015099e-01 6.392642608739098620e+00
7.050000000000014033e-01 6.389385630849520936e+00
7.100000000000015188e-01 6.386129548712862203e+00
7.150000000000016342e-01 6.382874351651427247e+00
7.200000000000015277e-01 6.379620049784708868e+00
7.250000000000014211e-01 6.376366642825761488e+00
7.300000000000015365e-01 6.373114120951132833e+00
7.350000000000016520e-01 6.369862505388429241e+00
7.400000000000015454e-01 6.366611778528696419e+00
7.450000000000014388e-01 6.363361944827094163e+00
7.500000000000015543e-01 6.360113019069959961e+00
7.550000000000016698e-01 6.356864976423768354e+00
7.600000000000015632e-01 6.353617834251227947e+00
7.650000000000014566e-01 6.350371599215979046e+00
7.700000000000015721e-01 6.347126253884599834e+00
7.750000000000016875e-01 6.343881809397945659e+00
7.800000000000015810e-01 6.340638265841736398e+00
7.850000000000014744e-01 6.337395627353490823e+00
7.900000000000015898e-01 6.334153887353924262e+00
7.950000000000017053e-01 6.330913055659213029e+00
8.000000000000015987e-01 6.327673125521588560e+00
8.050000000000014921e-01 6.324434096515407333e+00
8.100000000000016076e-01 6.321195977812013922e+00
8.150000000000017231e-01 6.317958763902371544e+00
8.200000000000016165e-01 6.314722450907257922e+00
8.250000000000015099e-01 6.311487050642373475e+00
8.300000000000016254e-01 6.308252558668701937e+00
8.350000000000017408e-01 6.305018970486404584e+00
8.400000000000016342e-01 6.301786292034822878e+00
8.450000000000015277e-01 6.298554532702784314e+00
8.500000000000016431e-01 6.295323677340267210e+00
8.550000000000017586e-01 6.292093731403785029e+00
8.600000000000016520e-01 6.288864701847561633e+00
8.650000000000015454e-01 6.285636587467426040e+00
8.700000000000016609e-01 6.282409387490080377e+00
8.750000000000017764e-01 6.279183097351452858e+00
8.800000000000016698e-01 6.275957725296567702e+00
8.850000000000015632e-01 6.272733267281356717e+00
8.900000000000016787e-01 6.269509729070879445e+00
8.950000000000017941e-01 6.266287112390674707e+00
9.000000000000016875e-01 6.263065406028037074e+00
9.050000000000015810e-01 6.259844624262942858e+00
9.100000000000016964e-01 6.256624752990038729e+00
9.150000000000018119e-01 6.253405814035833288e+00
9.200000000000017053e-01 6.250187793871592845e+00
9.250000000000015987e-01 6.246970697044790910e+00
9.300000000000017142e-01 6.243754513367949954e+00
9.350000000000018296e-01 6.240539256965295323e+00
9.400000000000017231e-01 6.237324939308283689e+00
9.450000000000016165e-01 6.234111527294718513e+00
9.500000000000017319e-01 6.230899056554509485e+00
9.550000000000018474e-01 6.227687505395980594e+00
9.600000000000017408e-01 6.224476878377291911e+00
9.650000000000016342e-01 6.221267189063102165e+00
9.700000000000017497e-01 6.218058421564538918e+00
9.750000000000018652e-01 6.214850587041556906e+00
9.800000000000017586e-01 6.211643680072203466e+00
9.850000000000016520e-01 6.208437704168947135e+00
9.900000000000017675e-01 6.205232666394014274e+00
9.950000000000018829e-01 6.202028556422366279e+00
1.000000000000001776e+00 6.198825388802848835e+00
