-1.000000000000000000e+00 5.181047444764264043e+00
-9.949999999999999956e-01 5.184143957846291784e+00
-9.899999999999999911e-01 5.187241667251274890e+00
-9.849999999999999867e-01 5.190340573607219454e+00
-9.799999999999999822e-01 5.193440672412354076e+00
-9.749999999999999778e-01 5.196541976786139827e+00
-9.699999999999999734e-01 5.199644470450213163e+00
-9.649999999999999689e-01 5.202748162707340640e+00
-9.599999999999999645e-01 5.205853059548818607e+00
-9.549999999999999600e-01 5.208959147825400038e+00
-9.499999999999999556e-01 5.212066443006452943e+00
-9.449999999999999512e-01 5.215174930640788631e+00
-9.399999999999999467e-01 5.218284624826711848e+00
-9.349999999999999423e-01 5.221395516742123988e+00
-9.299999999999999378e-01 5.224507609061621594e+00
-9.249999999999999334e-01 5.227620895640885834e+00
-9.199999999999999289e-01 5.230735393819660572e+00
-9.149999999999999245e-01 5.233851098322421791e+00
-9.099999999999999201e-01 5.236967994773696233e+00
-9.049999999999999156e-01 5.240086091345066421e+00
-8.999999999999999112e-01 5.243205390436006752e+00
-8.949999999999999067e-01 5.246325902462050550e+00
-8.899999999999999023e-01 5.249447611783072176e+00
-8.849999999999998979e-01 5.252570528531979477e+00
-8.799999999999998934e-01 5.255694648349109599e+00
-8.749999999999998890e-01 5.258819975397447166e+00
-8.699999999999998845e-01 5.261946503555638088e+00
-8.649999999999998801e-01 5.265074238279968455e+00
-8.599999999999998757e-01 5.268203178228024086e+00
-8.549999999999998712e-01 5.271333333378780850e+00
-8.499999999999998668e-01 5.274464681330247373e+00
-8.449999999999998623e-01 5.277597242811172151e+00
-8.399999999999998579e-01 5.280731019750934507e+00
-8.349999999999998535e-01 5.283865997691979288e+00
-8.299999999999998490e-01 5.287002172075919049e+00
-8.249999999999998446e-01 5.290139567076668214e+00
-8.199999999999998401e-01 5.293278169377519049e+00
-8.149999999999998357e-01 5.296417983632583315e+00
-8.099999999999998312e-01 5.299559006288919960e+00
-8.049999999999998268e-01 5.302701237577540638e+00
-7.999999999999998224e-01 5.305844681657791995e+00
-7.949999999999998179e-01 5.308989335451716585e+00
-7.899999999999998135e-01 5.312135203984954757e+00
-7.849999999999998090e-01 5.315282276465669753e+00
-7.799999999999998046e-01 5.318430566090857070e+00
-7.749999999999998002e-01 5.321580068379891060e+00
-7.699999999999997957e-01 5.324730783534224798e+00
-7.649999999999997913e-01 5.327882710921986842e+00
-7.599999999999997868e-01 5.331035854336224844e+00
-7.549999999999997824e-01 5.334190213240791678e+00
-7.499999999999997780e-01 5.337345785649350915e+00
-7.449999999999997735e-01 5.340502564488762260e+00
-7.399999999999997691e-01 5.343660565389829031e+00
-7.349999999999997646e-01 5.346819787605856078e+00
-7.299999999999997602e-01 5.349980223740832486e+00
-7.249999999999997558e-01 5.353141872212237473e+00
-7.199999999999997513e-01 5.356304735060522404e+00
-7.149999999999997469e-01 5.359468826190724400e+00
-7.099999999999997424e-01 5.362634120396425175e+00
-7.049999999999997380e-01 5.365800646939707264e+00
-6.999999999999997335e-01 5.368968381430423875e+00
-6.949999999999997291e-01 5.372137348066136298e+00
-6.899999999999997247e-01 5.375307524846622442e+00
-6.849999999999997202e-01 5.378478923231288178e+00
-6.799999999999997158e-01 5.381651540928206856e+00
-6.749999999999997113e-01 5.384825376318023160e+00
-6.699999999999997069e-01 5.388000434367146596e+00
-6.649999999999997025e-01 5.391176718644320687e+00
-6.599999999999996980e-01 5.394354218793925071e+00
-6.549999999999996936e-01 5.397532946275251931e+00
-6.499999999999996891e-01 5.400712901617399808e+00
-6.449999999999996847e-01 5.403894072352560585e+00
-6.399999999999996803e-01 5.407076461093485165e+00
-6.349999999999996758e-01 5.410260082035339479e+00
-6.299999999999996714e-01 5.413444920212615585e+00
-6.249999999999996669e-01 5.416630990554669012e+00
-6.199999999999996625e-01 5.419818285645934708e+00
-6.149999999999996581e-01 5.423006810821281221e+00
-6.099999999999996536e-01 5.426196552246612015e+00
-6.049999999999996492e-01 5.429387531277999557e+00
-5.999999999999996447e-01 5.432579727291514615e+00
-5.949999999999996403e-01 5.435773156440692588e+00
-5.899999999999996358e-01 5.438967810088517041e+00
-5.849999999999996314e-01 5.442163688652218667e+00
-5.799999999999996270e-01 5.445360803583017884e+00
-5.749999999999996225e-01 5.448559144415359157e+00
-5.699999999999996181e-01 5.451758715034149105e+00
-5.649999999999996136e-01 5.454959513916438851e+00
-5.599999999999996092e-01 5.458161540977190640e+00
-5.549999999999996048e-01 5.461364803252028111e+00
-5.499999999999996003e-01 5.464569293170089992e+00
-5.449999999999995959e-01 5.467775026974724284e+00
-5.399999999999995914e-01 5.470981979796935235e+00
-5.349999999999995870e-01 5.474190169655859250e+00
-5.299999999999995826e-01 5.477399589135476532e+00
-5.249999999999995781e-01 5.480610243720267505e+00
-5.199999999999995737e-01 5.483822135221263494e+00
-5.149999999999995692e-01 5.487035256493019375e+00
-5.099999999999995648e-01 5.490249620386922658e+00
-5.049999999999995604e-01 5.493465215147526948e+00
-4.999999999999995559e-01 5.496682043759793856e+00
-4.949999999999995515e-01 5.499900107339218636e+00
-4.899999999999995470e-01 5.503119406137276570e+00
-4.849999999999995426e-01 5.506339943376534762e+00
-4.799999999999995381e-01 5.509561720134517060e+00
-4.749999999999995337e-01 5.512784740001226425e+00
-4.699999999999995293e-01 5.516008988400418644e+00
-4.649999999999995248e-01 5.519234478389254406e+00
-4.599999999999995204e-01 5.522461210270595444e+00
-4.549999999999995159e-01 5.525689180791179211e+00
-4.499999999999995115e-01 5.528918394475059728e+00
-4.449999999999995071e-01 5.532148839931043227e+00
-4.399999999999995026e-01 5.535380532635091555e+00
-4.349999999999994982e-01 5.538613471278669209e+00
-4.299999999999994937e-01 5.541847637557285822e+00
-4.249999999999994893e-01 5.545083063648636568e+00
-4.199999999999994849e-01 5.548319720894316021e+00
-4.149999999999994804e-01 5.551557627899857295e+00
-4.099999999999994760e-01 5.554796773055105774e+00
-4.049999999999994715e-01 5.558037168705315167e+00
-3.999999999999994671e-01 5.561278801636436953e+00
-3.949999999999994627e-01 5.564521681740817627e+00
-3.899999999999994582e-01 5.567765813519091722e+00
-3.849999999999994538e-01 5.571011183579404502e+00
-3.799999999999994493e-01 5.574257801005106927e+00
-3.749999999999994449e-01 5.577505661713249907e+00
-3.699999999999994404e-01 5.580754785981245192e+00
-3.649999999999994360e-01 5.584005143333971688e+00
-3.599999999999994316e-01 5.587256752259637693e+00
-3.549999999999994271e-01 5.590509609230995380e+00
-3.499999999999994227e-01 5.593763721668612021e+00
-3.449999999999994182e-01 5.597019076977350238e+00
-3.399999999999994138e-01 5.600275685062062081e+00
-3.349999999999994094e-01 5.603533544570101554e+00
-3.299999999999994049e-01 5.606792652835284940e+00
-3.249999999999994005e-01 5.610053011719347893e+00
-3.199999999999993960e-01 5.613314625072408859e+00
-3.149999999999993916e-01 5.616577493621381478e+00
-3.099999999999993872e-01 5.619841607180152465e+00
-3.049999999999993827e-01 5.623106989926501598e+00
-2.999999999999993783e-01 5.626373612139506264e+00
-2.949999999999993738e-01 5.629641487245581999e+00
-2.899999999999993694e-01 5.632910630346206204e+00
-2.849999999999993650e-01 5.636181019916367774e+00
-2.799999999999993605e-01 5.639452664172669216e+00
-2.749999999999993561e-01 5.642725570810799951e+00
-2.699999999999993516e-01 5.645999726088295034e+00
-2.649999999999993472e-01 5.649275146675964976e+00
-2.599999999999993427e-01 5.652551822097340306e+00
-2.549999999999993383e-01 5.655829751347429379e+00
-2.499999999999993339e-01 5.659108946282177754e+00
-2.449999999999993294e-01 5.662389393048389508e+00
-2.399999999999993250e-01 5.665671107320296329e+00
-2.349999999999993205e-01 5.668954076686251398e+00
-2.299999999999993161e-01 5.672238309079094876e+00
-2.249999999999993117e-01 5.675523802801937023e+00
-2.199999999999993072e-01 5.678810556548970823e+00
-2.149999999999993028e-01 5.682098573895647320e+00
-2.099999999999992983e-01 5.685387850901125972e+00
-2.049999999999992939e-01 5.688678389051293749e+00
-1.999999999999992895e-01 5.691970195778086605e+00
-1.949999999999992850e-01 5.695263269070157008e+00
-1.899999999999992806e-01 5.698557603160853802e+00
-1.849999999999992761e-01 5.701853203490092170e+00
-1.799999999999992717e-01 5.705150066305524348e+00
-1.749999999999992673e-01 5.708448199950627355e+00
-1.699999999999992628e-01 5.711747596755177625e+00
-1.649999999999992584e-01 5.715048261456050938e+00
-1.599999999999992539e-01 5.718350196749558023e+00
-1.549999999999992495e-01 5.721653391860574089e+00
-1.499999999999992450e-01 5.724957858273402422e+00
-1.449999999999992406e-01 5.728263601089739865e+00
-1.399999999999992362e-01 5.731570608512985388e+00
-1.349999999999992317e-01 5.734878881616797486e+00
-1.299999999999992273e-01 5.738188431244626742e+00
-1.249999999999992228e-01 5.741499251125507186e+00
-1.199999999999992184e-01 5.744811337249249306e+00
-1.149999999999992140e-01 5.748124701155521876e+00
-1.099999999999992095e-01 5.751439336012200698e+00
-1.049999999999992051e-01 5.754755240090108970e+00
-9.999999999999920064e-02 5.758072420328918639e+00
-9.499999999999919620e-02 5.761390880200625730e+00
-8.999999999999919176e-02 5.764710611128013085e+00
-8.499999999999918732e-02 5.768031612927362772e+00
-7.999999999999918288e-02 5.771353890666379272e+00
-7.499999999999917843e-02 5.774677454320400471e+00
-6.999999999999917399e-02 5.778002281381251493e+00
-6.499999999999916955e-02 5.781328392776860170e+00
-5.999999999999916511e-02 5.784655782462269968e+00
-5.499999999999916067e-02 5.787984445072371642e+00
-4.999999999999915623e-02 5.791314385688284716e+00
-4.499999999999915179e-02 5.794645608714009910e+00
-3.999999999999914735e-02 5.797978117599715375e+00
-3.499999999999914291e-02 5.801311901712043806e+00
-2.999999999999913847e-02 5.804646961734707844e+00
-2.499999999999913403e-02 5.807983313391051894e+00
-1.999999999999912959e-02 5.811320933454172888e+00
-1.499999999999912514e-02 5.814659842149868751e+00
-9.999999999999120703e-03 5.818000038020446851e+00
-4.999999999999116262e-03 5.821341511970505422e+00
8.881784197001252323e-16 5.824684268069351134e+00
5.000000000000781597e-03 5.828028314759141182e+00
1.000000000000089706e-02 5.831373637606763083e+00
1.500000000000101252e-02 5.834720258361532075e+00
2.000000000000090594e-02 5.838068156864384406e+00
2.500000000000079936e-02 5.841417337395515830e+00
3.000000000000091482e-02 5.844767812203091495e+00
3.500000000000103029e-02 5.848119573426348694e+00
4.000000000000092371e-02 5.851472621644635552e+00
4.500000000000081712e-02 5.854826959272660503e+00
5.000000000000093259e-02 5.858182583075350891e+00
5.500000000000104805e-02 5.861539499580150192e+00
6.000000000000094147e-02 5.864897707230912971e+00
6.500000000000083489e-02 5.868257205160890777e+00
7.000000000000095035e-02 5.871617987263054061e+00
7.500000000000106581e-02 5.874980067617062929e+00
8.000000000000095923e-02 5.878343438628863993e+00
8.500000000000085265e-02 5.881708104865712272e+00
9.000000000000096811e-02 5.885074060400430795e+00
9.500000000000108358e-02 5.888441311568787029e+00
1.000000000000009770e-01 5.891809859975129626e+00
1.050000000000008704e-01 5.895179698111807198e+00
1.100000000000009859e-01 5.898550831444655529e+00
1.150000000000011013e-01 5.901923269114551118e+00
1.200000000000009948e-01 5.905296988807268832e+00
1.250000000000008882e-01 5.908672017245354624e+00
1.300000000000010036e-01 5.912048343489633595e+00
1.350000000000011191e-01 5.915425968907303655e+00
1.400000000000010125e-01 5.918804887370644252e+00
1.450000000000009059e-01 5.922185107284750671e+00
1.500000000000010214e-01 5.925566620466216960e+00
1.550000000000011369e-01 5.928949442097692923e+00
1.600000000000010303e-01 5.932333565604441361e+00
1.650000000000009237e-01 5.935718990903470882e+00
1.700000000000010392e-01 5.939105710593768350e+00
1.750000000000011546e-01 5.942493736634848034e+00
1.800000000000010481e-01 5.945883067089827279e+00
1.850000000000009415e-01 5.949273702298743416e+00
1.900000000000010569e-01 5.952665639913622186e+00
1.950000000000011724e-01 5.956058882599965187e+00
2.000000000000010658e-01 5.959453431540797652e+00
2.050000000000009592e-01 5.962849280744823233e+00
2.100000000000010747e-01 5.966246445271455201e+00
2.150000000000011902e-01 5.969644906468776213e+00
2.200000000000010836e-01 5.973044685258120268e+00
2.250000000000009770e-01 5.976445766766747880e+00
2.300000000000010925e-01 5.979848159651911743e+00
2.350000000000012079e-01 5.983251860143983691e+00
2.400000000000011013e-01 5.986656867375987900e+00
2.450000000000009948e-01 5.990063194411224146e+00
2.500000000000011102e-01 5.993470823306498829e+00
2.550000000000012257e-01 5.996879764000315305e+00
2.600000000000011191e-01 6.000290018247770973e+00
2.650000000000010125e-01 6.003701585257832818e+00
2.700000000000011280e-01 6.007114468194860279e+00
2.750000000000012434e-01 6.010528663632786817e+00
2.800000000000011369e-01 6.013944170303322068e+00
2.850000000000010303e-01 6.017360994092715742e+00
2.900000000000011458e-01 6.020779131191094535e+00
2.950000000000012612e-01 6.024198587039965247e+00
3.000000000000011546e-01 6.027619353680112368e+00
3.050000000000010481e-01 6.031041449785281117e+00
3.100000000000011635e-01 6.034464856625110230e+00
3.150000000000012790e-01 6.037889575094315120e+00
3.200000000000011724e-01 6.041315621698178262e+00
3.250000000000010658e-01 6.044742979365484103e+00
3.300000000000011813e-01 6.048171666905947319e+00
3.350000000000012967e-01 6.051601667477545021e+00
3.400000000000011902e-01 6.055032991407021115e+00
3.450000000000010836e-01 6.058465638142653376e+00
3.500000000000011990e-01 6.061899609034018255e+00
3.550000000000013145e-01 6.065334901935276690e+00
3.600000000000012079e-01 6.068771510141178993e+00
3.650000000000011013e-01 6.072209455913426979e+00
3.700000000000012168e-01 6.075648716021024853e+00
3.750000000000013323e-01 6.079089307662062680e+00
3.800000000000012257e-01 6.082531218664090744e+00
3.850000000000011191e-01 6.085974461644756417e+00
3.900000000000012346e-01 6.089419023492784078e+00
3.950000000000013500e-01 6.092864920437651932e+00
4.000000000000012434e-01 6.096312144014920165e+00
4.050000000000011369e-01 6.099760697865068693e+00
4.100000000000012523e-01 6.103210578564759459e+00
4.150000000000013678e-01 6.106661794411540001e+00
4.200000000000012612e-01 6.110114333653601904e+00
4.250000000000011546e-01 6.113568207185100079e+00
4.300000000000012701e-01 6.117023407252592193e+00
4.350000000000013856e-01 6.120479944662012173e+00
4.400000000000012790e-01 6.123937808614702050e+00
4.450000000000011724e-01 6.127397013822420746e+00
4.500000000000012879e-01 6.130857549273688534e+00
4.550000000000014033e-01 6.134319421122373939e+00
4.600000000000012967e-01 6.137782627833249904e+00
4.650000000000011902e-01 6.141247170550006018e+00
4.700000000000013056e-01 6.144713045823610997e+00
4.750000000000014211e-01 6.148180265493412122e+00
4.800000000000013145e-01 6.151648818067261715e+00
4.850000000000012079e-01 6.155118707578086656e+00
4.900000000000013234e-01 6.158589941107894816e+00
4.950000000000014388e-01 6.162062509404169219e+00
5.000000000000013323e-01 6.165536418340881397e+00
5.050000000000012257e-01 6.169011672033153815e+00
5.100000000000013411e-01 6.172488256029229348e+00
5.150000000000014566e-01 6.175966190847194781e+00
5.200000000000013500e-01 6.179445466838561885e+00
5.250000000000012434e-01 6.182926086173839764e+00
5.300000000000013589e-01 6.186408047180240288e+00
5.350000000000014744e-01 6.189891358469996163e+00
5.400000000000013678e-01 6.193376005681049179e+00
5.450000000000012612e-01 6.196862005629274250e+00
5.500000000000013767e-01 6.200349343487406628e+00
5.550000000000014921e-01 6.203838034269157475e+00
5.600000000000013856e-01 6.207328070431405109e+00
5.650000000000012790e-01 6.210819454793355732e+00
5.700000000000013944e-01 6.214312189147850773e+00
5.750000000000015099e-01 6.217806274280011536e+00
5.800000000000014033e-01 6.221301702940710499e+00
5.850000000000012967e-01 6.224798477546929831e+00
5.900000000000014122e-01 6.228296617641209565e+00
5.950000000000015277e-01 6.231796097146744984e+00
6.000000000000014211e-01 6.235296934015597259e+00
6.050000000000013145e-01 6.238799127819167012e+00
6.100000000000014300e-01 6.242302672758061277e+00
6.150000000000015454e-01 6.245807567850480524e+00
6.200000000000014388e-01 6.249313818532474585e+00
6.250000000000013323e-01 6.252821420608771774e+00
6.300000000000014477e-01 6.256330385633820157e+00
6.350000000000015632e-01 6.259840708164293943e+00
6.400000000000014566e-01 6.263352380387178897e+00
6.450000000000013500e-01 6.266865411953578047e+00
6.500000000000014655e-01 6.270379806921429378e+00
6.550000000000015810e-01 6.273895554137144615e+00
6.600000000000014744e-01 6.277412667805666757e+00
6.650000000000013678e-01 6.280931138613997433e+00
6.700000000000014833e-01 6.284450977006319050e+00
6.750000000000015987e-01 6.287972167510080368e+00
6.800000000000014921e-01 6.291494721467362439e+00
6.850000000000013856e-01 6.295018639474111666e+00
6.900000000000015010e-01 6.298543924514607539e+00
6.950000000000016165e-01 6.302070568064383593e+00
7.000000000000015099e-01 6.305598581517589452e+00
7.050000000000014033e-01 6.309127954956640139e+00
7.100000000000015188e-01 6.312658695898509364e+00
7.150000000000016342e-01 6.316190803983264601e+00
7.200000000000015277e-01 6.319724288012540825e+00
7.250000000000014211e-01 6.323259133568573276e+00
7.300000000000015365e-01 6.326795338123876178e+00
7.350000000000016520e-01 6.330332922982453425e+00
7.400000000000015454e-01 6.333871867119743371e+00
7.450000000000014388e-01 6.337412191601007549e+00
7.500000000000015543e-01 6.340953893357838211e+00
7.550000000000016698e-01 6.344496951126931350e+00
7.600000000000015632e-01 6.348041384676609056e+00
7.650000000000014566e-01 6.351587191666968835e+00
7.700000000000015721e-01 6.355134383848909607e+00
7.750000000000016875e-01 6.358682940537338624e+00
7.800000000000015810e-01 6.362232870046629074e+00
7.850000000000014744e-01 6.365784177527022081e+00
7.900000000000015898e-01 6.369336867647863443e+00
7.950000000000017053e-01 6.372890927955442208e+00
8.000000000000015987e-01 6.376446365284838436e+00
8.050000000000014921e-01 6.380003179283168180e+00
8.100000000000016076e-01 6.383561379205449526e+00
8.150000000000017231e-01 6.387120955894207697e+00
8.200000000000016165e-01 6.390681908806701728e+00
8.250000000000015099e-01 6.394244247047428331e+00
8.300000000000016254e-01 6.397807960663559612e+00
8.350000000000017408e-01 6.401373061530936326e+00
8.400000000000016342e-01 6.404939544739765012e+00
8.450000000000015277e-01 6.408507413454064050e+00
8.500000000000016431e-01 6.412076656570381061e+00
8.550000000000017586e-01 6.415647290099915523e+00
8.600000000000016520e-01 6.419219310133431833e+00
8.650000000000015454e-01 6.422792716243467481e+00
8.700000000000016609e-01 6.426367512630296375e+00
8.750000000000017764e-01 6.429943692711223235e+00
8.800000000000016698e-01 6.433521261552588300e+00
8.850000000000015632e-01 6.437100219847881277e+00
8.900000000000016787e-01 6.440680567621885899e+00
8.950000000000017941e-01 6.444262299927633109e+00
9.000000000000016875e-01 6.447845427983285305e+00
9.050000000000015810e-01 6.451429941941743351e+00
9.100000000000016964e-01 6.455015854082095217e+00
9.150000000000018119e-01 6.458603157908274994e+00
9.200000000000017053e-01 6.462191852780907908e+00
9.250000000000015987e-01 6.465781942627192080e+00
9.300000000000017142e-01 6.469373425958512058e+00
9.350000000000018296e-01 6.472966311622659674e+00
9.400000000000017231e-01 6.476560588823023323e+00
9.450000000000016165e-01 6.480156266449231595e+00
9.500000000000017319e-01 6.483753327592413740e+00
9.550000000000018474e-01 6.487351801634932968e+00
9.600000000000017408e-01 6.490951667602249842e+00
9.650000000000016342e-01 6.494552935885796074e+00
9.700000000000017497e-01 6.498155599526118209e+00
9.750000000000018652e-01 6.501759668830974448e+00
9.800000000000017586e-01 6.505365133575370606e+00
9.850000000000016520e-01 6.508972007365347423e+00
9.900000000000017675e-01 6.512580279418845208e+00
9.950000000000018829e-01 6.516189956955887652e+00
1.000000000000001776e+00 6.519801037309267855e+00
