-1.000000000000000000e+00 1.183141594194466961e+00
-9.949999999999999956e-01 1.179831696812470909e+00
-9.899999999999999911e-01 1.176521551010182520e+00
-9.849999999999999867e-01 1.173211148739937926e+00
-9.799999999999999822e-01 1.169900500347011985e+00
-9.749999999999999778e-01 1.166589593009348391e+00
-9.699999999999999734e-01 1.163278440214980947e+00
-9.649999999999999689e-01 1.159967032285521782e+00
-9.599999999999999645e-01 1.156655371883516636e+00
-9.549999999999999600e-01 1.153343463531655289e+00
-9.499999999999999556e-01 1.150031298018802772e+00
-9.449999999999999512e-01 1.146718884639312819e+00
-9.399999999999999467e-01 1.143406217559459037e+00
-9.349999999999999423e-01 1.140093299787849901e+00
-9.299999999999999378e-01 1.136780129678527373e+00
-9.249999999999999334e-01 1.133466710939273980e+00
-9.199999999999999289e-01 1.130153033776423399e+00
-9.149999999999999245e-01 1.126839107486375724e+00
-9.099999999999999201e-01 1.123524932982263635e+00
-9.049999999999999156e-01 1.120210506523562799e+00
-8.999999999999999112e-01 1.116895830188241234e+00
-8.949999999999999067e-01 1.113580898371083094e+00
-8.899999999999999023e-01 1.110265719555400210e+00
-8.849999999999998979e-01 1.106950283594642315e+00
-8.799999999999998934e-01 1.103634598270900824e+00
-8.749999999999998890e-01 1.100318665547547425e+00
-8.699999999999998845e-01 1.097002477723435732e+00
-8.649999999999998801e-01 1.093686040251668601e+00
-8.599999999999998757e-01 1.090369354049016692e+00
-8.549999999999998712e-01 1.087052410015985515e+00
-8.499999999999998668e-01 1.083735222336372317e+00
-8.449999999999998623e-01 1.080417781798360011e+00
-8.399999999999998579e-01 1.077100085860479339e+00
-8.349999999999998535e-01 1.073782140272783181e+00
-8.299999999999998490e-01 1.070463955308014192e+00
-8.249999999999998446e-01 1.067145508278372290e+00
-8.199999999999998401e-01 1.063826812607885586e+00
-8.149999999999998357e-01 1.060507865485078582e+00
-8.099999999999998312e-01 1.057188669336028397e+00
-8.049999999999998268e-01 1.053869225307607849e+00
-7.999999999999998224e-01 1.050549523602512636e+00
-7.949999999999998179e-01 1.047229578289034180e+00
-7.899999999999998135e-01 1.043909378056923742e+00
-7.849999999999998090e-01 1.040588930920421262e+00
-7.799999999999998046e-01 1.037268231505095173e+00
-7.749999999999998002e-01 1.033947282470762730e+00
-7.699999999999997957e-01 1.030626083682363969e+00
-7.649999999999997913e-01 1.027304632909590509e+00
-7.599999999999997868e-01 1.023982933045090249e+00
-7.549999999999997824e-01 1.020660980692355224e+00
-7.499999999999997780e-01 1.017338780607133231e+00
-7.449999999999997735e-01 1.014016332536584741e+00
-7.399999999999997691e-01 1.010693633552818937e+00
-7.349999999999997646e-01 1.007370679560381177e+00
-7.299999999999997602e-01 1.004047476246341830e+00
-7.249999999999997558e-01 1.000724028946706312e+00
-7.199999999999997513e-01 9.974003317038295791e-01
-7.149999999999997469e-01 9.940763750691985479e-01
-7.099999999999997424e-01 9.907521816089683853e-01
-7.049999999999997380e-01 9.874277289513884170e-01
-6.999999999999997335e-01 9.841030325617339258e-01
-6.949999999999997291e-01 9.807780768180691666e-01
-6.899999999999997247e-01 9.774528790485419449e-01
-6.849999999999997202e-01 9.741274323657762579e-01
-6.799999999999997158e-01 9.708017348852990835e-01
-6.749999999999997113e-01 9.674757892660181824e-01
-6.699999999999997069e-01 9.641495940976483325e-01
-6.649999999999997025e-01 9.608231472875559120e-01
-6.599999999999996980e-01 9.574964551122775447e-01
-6.549999999999996936e-01 9.541695082416481455e-01
-6.499999999999996891e-01 9.508423132488132978e-01
-6.449999999999996847e-01 9.475148665044343943e-01
-6.399999999999996803e-01 9.441871806780000043e-01
-6.349999999999996758e-01 9.408592382874303439e-01
-6.299999999999996714e-01 9.375310527002511662e-01
-6.249999999999996669e-01 9.342026112053645193e-01
-6.199999999999996625e-01 9.308739230964420130e-01
-6.149999999999996581e-01 9.275449810186273680e-01
-6.099999999999996536e-01 9.242157981075251882e-01
-6.049999999999996492e-01 9.208863567614571366e-01
-5.999999999999996447e-01 9.175566781491397705e-01
-5.949999999999996403e-01 9.142267429238017939e-01
-5.899999999999996358e-01 9.108965606119454606e-01
-5.849999999999996314e-01 9.075661335193672130e-01
-5.799999999999996270e-01 9.042354530097327370e-01
-5.749999999999996225e-01 9.009045241871262988e-01
-5.699999999999996181e-01 8.975733491238315764e-01
-5.649999999999996136e-01 8.942419273346331465e-01
-5.599999999999996092e-01 8.909102546044778137e-01
-5.549999999999996048e-01 8.875783332427999994e-01
-5.499999999999996003e-01 8.842461639255816408e-01
-5.449999999999995959e-01 8.809137410441962857e-01
-5.399999999999995914e-01 8.775810755196289392e-01
-5.349999999999995870e-01 8.742481623248750111e-01
-5.299999999999995826e-01 8.709149992262155138e-01
-5.249999999999995781e-01 8.675815898104701773e-01
-5.199999999999995737e-01 8.642479295153862040e-01
-5.149999999999995692e-01 8.609140242576813762e-01
-5.099999999999995648e-01 8.575798640026732755e-01
-5.049999999999995604e-01 8.542454595553863328e-01
-4.999999999999995559e-01 8.509108088776429213e-01
-4.949999999999995515e-01 8.475759099362676352e-01
-4.899999999999995470e-01 8.442407653537884471e-01
-4.849999999999995426e-01 8.409053721577492979e-01
-4.799999999999995381e-01 8.375697295361987926e-01
-4.749999999999995337e-01 8.342338336244665697e-01
-4.699999999999995293e-01 8.308976975563382439e-01
-4.649999999999995248e-01 8.275613136243009649e-01
-4.599999999999995204e-01 8.242246783158861945e-01
-4.549999999999995159e-01 8.208877971926540340e-01
-4.499999999999995115e-01 8.175506658114954917e-01
-4.449999999999995071e-01 8.142132922966993647e-01
-4.399999999999995026e-01 8.108756663827989541e-01
-4.349999999999994982e-01 8.075377922359621152e-01
-4.299999999999994937e-01 8.041996790302619047e-01
-4.249999999999994893e-01 8.008613105623680894e-01
-4.199999999999994849e-01 7.975226964695139031e-01
-4.149999999999994804e-01 7.941838338203979220e-01
-4.099999999999994760e-01 7.908447288773459150e-01
-4.049999999999994715e-01 7.875053711395594291e-01
-3.999999999999994671e-01 7.841657714100165322e-01
-3.949999999999994627e-01 7.808259215162252076e-01
-3.899999999999994582e-01 7.774858217851488007e-01
-3.849999999999994538e-01 7.741454823208187008e-01
-3.799999999999994493e-01 7.708048912231788563e-01
-3.749999999999994449e-01 7.674640588325019053e-01
-3.699999999999994404e-01 7.641229675452905212e-01
-3.649999999999994360e-01 7.607816374766116496e-01
-3.599999999999994316e-01 7.574400638306997280e-01
-3.549999999999994271e-01 7.540982392499699927e-01
-3.499999999999994227e-01 7.507561653387710976e-01
-3.449999999999994182e-01 7.474138494071667083e-01
-3.399999999999994138e-01 7.440712829345557111e-01
-3.349999999999994094e-01 7.407284720648021903e-01
-3.299999999999994049e-01 7.373854161025974463e-01
-3.249999999999994005e-01 7.340421132525989378e-01
-3.199999999999993960e-01 7.306985644522683288e-01
-3.149999999999993916e-01 7.273547636468720157e-01
-3.099999999999993872e-01 7.240107236782478140e-01
-3.049999999999993827e-01 7.206664263603670406e-01
-2.999999999999993783e-01 7.173218941372851987e-01
-2.949999999999993738e-01 7.139771168567676796e-01
-2.899999999999993694e-01 7.106320830844197189e-01
-2.849999999999993650e-01 7.072868108400598430e-01
-2.799999999999993605e-01 7.039412897379406786e-01
-2.749999999999993561e-01 7.005955207998795231e-01
-2.699999999999993516e-01 6.972495130835341115e-01
-2.649999999999993472e-01 6.939032518926069315e-01
-2.599999999999993427e-01 6.905567445385258907e-01
-2.549999999999993383e-01 6.872099993759093195e-01
-2.499999999999993339e-01 6.838629998503620300e-01
-2.449999999999993294e-01 6.805157599051199213e-01
-2.399999999999993250e-01 6.771682702005819010e-01
-2.349999999999993205e-01 6.738205373494565720e-01
-2.299999999999993161e-01 6.704725587630946393e-01
-2.249999999999993117e-01 6.671243325540672231e-01
-2.199999999999993072e-01 6.637758627712173620e-01
-2.149999999999993028e-01 6.604271461264943355e-01
-2.099999999999992983e-01 6.570781852774416620e-01
-2.049999999999992939e-01 6.537289820550995501e-01
-1.999999999999992895e-01 6.503795267738041730e-01
-1.949999999999992850e-01 6.470298275557979650e-01
-1.899999999999992806e-01 6.436798840268238564e-01
-1.849999999999992761e-01 6.403296956937083451e-01
-1.799999999999992717e-01 6.369792635775866074e-01
-1.749999999999992673e-01 6.336285821835190291e-01
-1.699999999999992628e-01 6.302776578847897326e-01
-1.649999999999992584e-01 6.269264898407982400e-01
-1.599999999999992539e-01 6.235750706467797499e-01
-1.549999999999992495e-01 6.202234151442098664e-01
-1.499999999999992450e-01 6.168715133139812679e-01
-1.449999999999992406e-01 6.135193607119617809e-01
-1.399999999999992362e-01 6.101669645827314525e-01
-1.349999999999992317e-01 6.068143309503284399e-01
-1.299999999999992273e-01 6.034614438399330538e-01
-1.249999999999992228e-01 6.001083121900592232e-01
-1.199999999999992184e-01 5.967549430731651228e-01
-1.149999999999992140e-01 5.934013242383571196e-01
-1.099999999999992095e-01 5.900474591526290169e-01
-1.049999999999992051e-01 5.866933544245966914e-01
-9.999999999999920064e-02 5.833390035047614219e-01
-9.499999999999919620e-02 5.799844038087940135e-01
-8.999999999999919176e-02 5.766295608934797201e-01
-8.499999999999918732e-02 5.732744786914736324e-01
-7.999999999999918288e-02 5.699191511209846794e-01
-7.499999999999917843e-02 5.665635686095811252e-01
-6.999999999999917399e-02 5.632077569714510901e-01
-6.499999999999916955e-02 5.598516917334563914e-01
-5.999999999999916511e-02 5.564953834607422323e-01
-5.499999999999916067e-02 5.531388343388243811e-01
-4.999999999999915623e-02 5.497820411947031971e-01
-4.499999999999915179e-02 5.464250006248221325e-01
-3.999999999999914735e-02 5.430677134163488518e-01
-3.499999999999914291e-02 5.397101857106463285e-01
-2.999999999999913847e-02 5.363524165493345208e-01
-2.499999999999913403e-02 5.329943965900838521e-01
-1.999999999999912959e-02 5.296361410544250248e-01
-1.499999999999912514e-02 5.262776390889030154e-01
-9.999999999999120703e-03 5.229188883349706884e-01
-4.999999999999116262e-03 5.195598977297777310e-01
8.881784197001252323e-16 5.162006652649324678e-01
5.000000000000781597e-03 5.128411847410916380e-01
1.000000000000089706e-02 5.094814653581352104e-01
1.500000000000101252e-02 5.061214958168420708e-01
2.000000000000090594e-02 5.027612860799308692e-01
2.500000000000079936e-02 4.994008387620851863e-01
3.000000000000091482e-02 4.960401390521838039e-01
3.500000000000103029e-02 4.926791986763419118e-01
4.000000000000092371e-02 4.893180163248871395e-01
4.500000000000081712e-02 4.859565898768778425e-01
5.000000000000093259e-02 4.825949202308947861e-01
5.500000000000104805e-02 4.792330071250034962e-01
6.000000000000094147e-02 4.758708491340257751e-01
6.500000000000083489e-02 4.725084475085168378e-01
7.000000000000095035e-02 4.691458103682180081e-01
7.500000000000106581e-02 4.657829223174303479e-01
8.000000000000095923e-02 4.624197956659372721e-01
8.500000000000085265e-02 4.590564220011401630e-01
9.000000000000096811e-02 4.556928079305180290e-01
9.500000000000108358e-02 4.523289505134471256e-01
1.000000000000009770e-01 4.489648470414522308e-01
1.050000000000008704e-01 4.456005048193674156e-01
1.100000000000009859e-01 4.422359228860841540e-01
1.150000000000011013e-01 4.388710881735278235e-01
1.200000000000009948e-01 4.355060247485198488e-01
1.250000000000008882e-01 4.321407084823931655e-01
1.300000000000010036e-01 4.287751498241050285e-01
1.350000000000011191e-01 4.254093468789506005e-01
1.400000000000010125e-01 4.220433085804415896e-01
1.450000000000009059e-01 4.186770217449975462e-01
1.500000000000010214e-01 4.153105010088893323e-01
1.550000000000011369e-01 4.119437307419957506e-01
1.600000000000010303e-01 4.085767148724244180e-01
1.650000000000009237e-01 4.052094582580139104e-01
1.700000000000010392e-01 4.018419671547235339e-01
1.750000000000011546e-01 3.984742283897730886e-01
1.800000000000010481e-01 3.951062473652200424e-01
1.850000000000009415e-01 3.917380242039598670e-01
1.900000000000010569e-01 3.883695586300746072e-01
1.950000000000011724e-01 3.850008515451008861e-01
2.000000000000010658e-01 3.816318984909230494e-01
2.050000000000009592e-01 3.782627134096401278e-01
2.100000000000010747e-01 3.748932764760866121e-01
2.150000000000011902e-01 3.715236038428884058e-01
2.200000000000010836e-01 3.681536847668667178e-01
2.250000000000009770e-01 3.647835266674519517e-01
2.300000000000010925e-01 3.614131245080898225e-01
2.350000000000012079e-01 3.580424834954101243e-01
2.400000000000011013e-01 3.546716010357613413e-01
2.450000000000009948e-01 3.513004709279812232e-01
2.500000000000011102e-01 3.479291074590946664e-01
2.550000000000012257e-01 3.445575014009136794e-01
2.600000000000011191e-01 3.411856493439699989e-01
2.650000000000010125e-01 3.378135594070954539e-01
2.700000000000011280e-01 3.344412220112644718e-01
2.750000000000012434e-01 3.310686473682835640e-01
2.800000000000011369e-01 3.276958331184687268e-01
2.850000000000010303e-01 3.243227762022797833e-01
2.900000000000011458e-01 3.209494775182974990e-01
2.950000000000012612e-01 3.175759383152580995e-01
3.000000000000011546e-01 3.142021624023527693e-01
3.050000000000010481e-01 3.108281328666180343e-01
3.100000000000011635e-01 3.074538693488193530e-01
3.150000000000012790e-01 3.040793699547066353e-01
3.200000000000011724e-01 3.007046213795092626e-01
3.250000000000010658e-01 2.973296396567093325e-01
3.300000000000011813e-01 2.939544106650373578e-01
3.350000000000012967e-01 2.905789452011049434e-01
3.400000000000011902e-01 2.872032340386567739e-01
3.450000000000010836e-01 2.838272853928174300e-01
3.500000000000011990e-01 2.804510916812432697e-01
3.550000000000013145e-01 2.770746599665017129e-01
3.600000000000012079e-01 2.736979938233616849e-01
3.650000000000011013e-01 2.703210763397692062e-01
3.700000000000012168e-01 2.669439224985126202e-01
3.750000000000013323e-01 2.635665293560123246e-01
3.800000000000012257e-01 2.601888975768815726e-01
3.850000000000011191e-01 2.568110203760625154e-01
3.900000000000012346e-01 2.534329092441112152e-01
3.950000000000013500e-01 2.500545516913916799e-01
4.000000000000012434e-01 2.466759583951443346e-01
4.050000000000011369e-01 2.432971205889771227e-01
4.100000000000012523e-01 2.399180463883112679e-01
4.150000000000013678e-01 2.365387257475504157e-01
4.200000000000012612e-01 2.331591700410626800e-01
4.250000000000011546e-01 2.297793737643587519e-01
4.300000000000012701e-01 2.263993388610288093e-01
4.350000000000013856e-01 2.230190604068411631e-01
4.400000000000012790e-01 2.196385481481684110e-01
4.450000000000011724e-01 2.162577904073259560e-01
4.500000000000012879e-01 2.128767963467907975e-01
4.550000000000014033e-01 2.094955575535095704e-01
4.600000000000012967e-01 2.061140814380451047e-01
4.650000000000011902e-01 2.027323623810843856e-01
4.700000000000013056e-01 1.993504084955475264e-01
4.750000000000014211e-01 1.959682122976573737e-01
4.800000000000013145e-01 1.925857793387422134e-01
4.850000000000012079e-01 1.892031035322361276e-01
4.900000000000013234e-01 1.858201877514602529e-01
4.950000000000014388e-01 1.824370332435591990e-01
5.000000000000013323e-01 1.790536398552831088e-01
5.050000000000012257e-01 1.756700041900103315e-01
5.100000000000013411e-01 1.722861368823487282e-01
5.150000000000014566e-01 1.689020239662113454e-01
5.200000000000013500e-01 1.655176737776855589e-01
5.250000000000012434e-01 1.621330837160712690e-01
5.300000000000013589e-01 1.587482537488540402e-01
5.350000000000014744e-01 1.553631815111202741e-01
5.400000000000013678e-01 1.519778772121753718e-01
5.450000000000012612e-01 1.485923295231259544e-01
5.500000000000013767e-01 1.452065443463652628e-01
5.550000000000014921e-01 1.418205176876199403e-01
5.600000000000013856e-01 1.384342530027424800e-01
5.650000000000012790e-01 1.350477527003022260e-01
5.700000000000013944e-01 1.316610091794245818e-01
5.750000000000015099e-01 1.282740256613124075e-01
5.800000000000014033e-01 1.248868076979761099e-01
5.850000000000012967e-01 1.214993552544001432e-01
5.900000000000014122e-01 1.181116522286629333e-01
5.950000000000015277e-01 1.147237232632960513e-01
6.000000000000014211e-01 1.113355471356953785e-01
6.050000000000013145e-01 1.079471284645023843e-01
6.100000000000014300e-01 1.045584790881548543e-01
6.150000000000015454e-01 1.011695883778429561e-01
6.200000000000014388e-01 9.778046176506904885e-02
6.250000000000013323e-01 9.439109630557140918e-02
6.300000000000014477e-01 9.100148893412551843e-02
6.350000000000015632e-01 8.761164741417815094e-02
6.400000000000014566e-01 8.422156647020528908e-02
6.450000000000013500e-01 8.083124851009415579e-02
6.500000000000014655e-01 7.744068907209111785e-02
6.550000000000015810e-01 7.404989556994223676e-02
6.600000000000014744e-01 7.065885655811143806e-02
6.650000000000013678e-01 6.726758364061424800e-02
6.700000000000014833e-01 6.387606866428541252e-02
6.750000000000015987e-01 6.048432313264129334e-02
6.800000000000014921e-01 5.709233803008828545e-02
6.850000000000013856e-01 5.370011491345394461e-02
6.900000000000015010e-01 5.030765141600568313e-02
6.950000000000016165e-01 4.691495227507402888e-02
7.000000000000015099e-01 4.352201361075458408e-02
7.050000000000014033e-01 4.012883794644039881e-02
7.100000000000015188e-01 3.673542640717641916e-02
7.150000000000016342e-01 3.334177383408132300e-02
7.200000000000015277e-01 2.994788088608402177e-02
7.250000000000014211e-01 2.655375462859410618e-02
7.300000000000015365e-01 2.315939141362832743e-02
7.350000000000016520e-01 1.976479120298790804e-02
7.400000000000015454e-01 1.636995570447652426e-02
7.450000000000014388e-01 1.297487661304330686e-02
7.500000000000015543e-01 9.579562856060874765e-03
7.550000000000016698e-01 6.184012648418502067e-03
7.600000000000015632e-01 2.788224787309445674e-03
7.650000000000014566e-01 -6.077962254948943155e-04
7.700000000000015721e-01 -4.004064982154886820e-03
7.750000000000016875e-01 -7.400565569696482271e-03
7.800000000000015810e-01 -1.079730210244633781e-02
7.850000000000014744e-01 -1.419427508676562866e-02
7.900000000000015898e-01 -1.759149014696959057e-02
7.950000000000017053e-01 -2.098893614811458974e-02
8.000000000000015987e-01 -2.438661988162493799e-02
8.050000000000014921e-01 -2.778454138388042338e-02
8.100000000000016076e-01 -3.118270069671780220e-02
8.150000000000017231e-01 -3.458109599591807637e-02
8.200000000000016165e-01 -3.797972894972190261e-02
8.250000000000015099e-01 -4.137859820252742793e-02
8.300000000000016254e-01 -4.477770099742883758e-02
8.350000000000017408e-01 -4.817704552226587111e-02
8.400000000000016342e-01 -5.157662635247106664e-02
8.450000000000015277e-01 -5.497644037563986785e-02
8.500000000000016431e-01 -5.837648961505692569e-02
8.550000000000017586e-01 -6.177677934806524718e-02
8.600000000000016520e-01 -6.517730414293509966e-02
8.650000000000015454e-01 -6.857806438802072080e-02
8.700000000000016609e-01 -7.197906257010799891e-02
8.750000000000017764e-01 -7.538029767988518870e-02
8.800000000000016698e-01 -7.878176812801029882e-02
8.850000000000015632e-01 -8.218347628326228005e-02
8.900000000000016787e-01 -8.558541927550322725e-02
8.950000000000017941e-01 -8.898759376847920066e-02
9.000000000000016875e-01 -9.239001097762411518e-02
9.050000000000015810e-01 -9.579265883940024651e-02
9.100000000000016964e-01 -9.919555054602824384e-02
9.150000000000018119e-01 -1.025986719362208532e-01
9.200000000000017053e-01 -1.060020294546575315e-01
9.250000000000015987e-01 -1.094056227912005852e-01
9.300000000000017142e-01 -1.128094562952810520e-01
9.350000000000018296e-01 -1.162135273286821757e-01
9.400000000000017231e-01 -1.196178247573698172e-01
9.450000000000016165e-01 -1.230223695772565407e-01
9.500000000000017319e-01 -1.264271355189521273e-01
9.550000000000018474e-01 -1.298321481194761873e-01
9.600000000000017408e-01 -1.332373946124789654e-01
9.650000000000016342e-01 -1.366428734113469545e-01
9.700000000000017497e-01 -1.400485889807896456e-01
9.750000000000018652e-01 -1.434545408947087708e-01
9.800000000000017586e-01 -1.468607267515835701e-01
9.850000000000016520e-01 -1.502671515982001438e-01
9.900000000000017675e-01 -1.536738065124154673e-01
9.950000000000018829e-01 -1.570807002667606866e-01
1.000000000000001776e+00 -1.604878242532095101e-01
