7.912091881466776222e-01 -3.053400337559836752e-01
8.152828548478736614e-01 -1.976737682424221376e-01
4.573501437708036299e-01 -1.419116608734539708e+00
-6.717932695507136120e-01 5.825536714158958962e-02
1.399352510934366300e-01 -1.821765194798018239e+00
-9.363114878034227706e-01 1.574669326703695083e+00
-4.437203345009168576e-01 -8.925697833121118974e-01
1.000000000000000000e+00 7.508851737494478540e-01
1.000000000000000000e+00 7.508851737494478540e-01
1.000000000000000000e+00 7.508851737494478540e-01
1.000000000000000000e+00 7.508851737494478540e-01
