-1.000000000000000000e+00 2.006137920929385920e+00
-9.949999999999999956e-01 1.971333008501370498e+00
-9.899999999999999911e-01 1.936686826802980876e+00
-9.849999999999999867e-01 1.902199375834214168e+00
-9.799999999999999822e-01 1.867870655595072815e+00
-9.749999999999999778e-01 1.833700666085555042e+00
-9.699999999999999734e-01 1.799689407305661959e+00
-9.649999999999999689e-01 1.765836879255393788e+00
-9.599999999999999645e-01 1.732143081934749196e+00
-9.549999999999999600e-01 1.698608015343728850e+00
-9.499999999999999556e-01 1.665231679482334304e+00
-9.449999999999999512e-01 1.632014074350562449e+00
-9.399999999999999467e-01 1.598955199948415729e+00
-9.349999999999999423e-01 1.566055056275893920e+00
-9.299999999999999378e-01 1.533313643332995690e+00
-9.249999999999999334e-01 1.500730961119723039e+00
-9.199999999999999289e-01 1.468307009636073079e+00
-9.149999999999999245e-01 1.436041788882048031e+00
-9.099999999999999201e-01 1.403935298857648561e+00
-9.049999999999999156e-01 1.371987539562872227e+00
-8.999999999999999112e-01 1.340198510997721248e+00
-8.949999999999999067e-01 1.308568213162193405e+00
-8.899999999999999023e-01 1.277096646056290474e+00
-8.849999999999998979e-01 1.245783809680012677e+00
-8.799999999999998934e-01 1.214629704033358015e+00
-8.749999999999998890e-01 1.183634329116328265e+00
-8.699999999999998845e-01 1.152797684928923427e+00
-8.649999999999998801e-01 1.122119771471142169e+00
-8.599999999999998757e-01 1.091600588742985378e+00
-8.549999999999998712e-01 1.061240136744453944e+00
-8.499999999999998668e-01 1.031038415475545866e+00
-8.449999999999998623e-01 1.000995424936263145e+00
-8.399999999999998579e-01 9.711111651266038924e-01
-8.349999999999998535e-01 9.413856360465688855e-01
-8.299999999999998490e-01 9.118188376961590125e-01
-8.249999999999998446e-01 8.824107700753729411e-01
-8.199999999999998401e-01 8.531614331842124477e-01
-8.149999999999998357e-01 8.240708270226748677e-01
-8.099999999999998312e-01 7.951389515907619776e-01
-8.049999999999998268e-01 7.663658068884742214e-01
-7.999999999999998224e-01 7.377513929158098227e-01
-7.949999999999998179e-01 7.092957096727710020e-01
-7.899999999999998135e-01 6.809987571593568711e-01
-7.849999999999998090e-01 6.528605353755656537e-01
-7.799999999999998046e-01 6.248810443213991261e-01
-7.749999999999998002e-01 5.970602839968568443e-01
-7.699999999999997957e-01 5.693982544019386971e-01
-7.649999999999997913e-01 5.418949555366462389e-01
-7.599999999999997868e-01 5.145503874009780265e-01
-7.549999999999997824e-01 4.873645499949331716e-01
-7.499999999999997780e-01 4.603374433185129511e-01
-7.449999999999997735e-01 4.334690673717170317e-01
-7.399999999999997691e-01 4.067594221545462463e-01
-7.349999999999997646e-01 3.802085076670000952e-01
-7.299999999999997602e-01 3.538163239090773571e-01
-7.249999999999997558e-01 3.275828708807788092e-01
-7.199999999999997513e-01 3.015081485821049512e-01
-7.149999999999997469e-01 2.755921570130562825e-01
-7.099999999999997424e-01 2.498348961736318319e-01
-7.049999999999997380e-01 2.242363660638311551e-01
-6.999999999999997335e-01 1.987965666836545020e-01
-6.949999999999997291e-01 1.735154980331027885e-01
-6.899999999999997247e-01 1.483931601121750710e-01
-6.849999999999997202e-01 1.234295529208722930e-01
-6.799999999999997158e-01 9.862467645919374692e-02
-6.749999999999997113e-01 7.397853072713965472e-02
-6.699999999999997069e-01 4.949111572471004417e-02
-6.649999999999997025e-01 2.516243145190422137e-02
-6.599999999999996980e-01 9.924779087233156355e-04
-6.549999999999996936e-01 -2.301874490483312233e-02
-6.499999999999996891e-01 -4.687123698876576733e-02
-6.449999999999996847e-01 -7.056499834307349006e-02
-6.399999999999996803e-01 -9.410002896775698789e-02
-6.349999999999996758e-01 -1.174763288628160041e-01
-6.299999999999996714e-01 -1.406938980282505525e-01
-6.249999999999996669e-01 -1.637527364640610772e-01
-6.199999999999996625e-01 -1.866528441702469399e-01
-6.149999999999996581e-01 -2.093942211468085290e-01
-6.099999999999996536e-01 -2.319768673937459003e-01
-6.049999999999996492e-01 -2.544007829110585539e-01
-5.999999999999996447e-01 -2.766659676987469618e-01
-5.949999999999996403e-01 -2.987724217568109575e-01
-5.899999999999996358e-01 -3.207201450852504299e-01
-5.849999999999996314e-01 -3.425091376840658786e-01
-5.799999999999996270e-01 -3.641393995532566930e-01
-5.749999999999996225e-01 -3.856109306928229841e-01
-5.699999999999996181e-01 -4.069237311027655291e-01
-5.649999999999996136e-01 -4.280778007830831067e-01
-5.599999999999996092e-01 -4.490731397337762165e-01
-5.549999999999996048e-01 -4.699097479548451362e-01
-5.499999999999996003e-01 -4.905876254462895325e-01
-5.449999999999995959e-01 -5.111067722081099607e-01
-5.399999999999995914e-01 -5.314671882403056991e-01
-5.349999999999995870e-01 -5.516688735428769697e-01
-5.299999999999995826e-01 -5.717118281158242166e-01
-5.249999999999995781e-01 -5.915960519591466626e-01
-5.199999999999995737e-01 -6.113215450728447520e-01
-5.149999999999995692e-01 -6.308883074569185956e-01
-5.099999999999995648e-01 -6.502963391113679714e-01
-5.049999999999995604e-01 -6.695456400361931015e-01
-4.999999999999995559e-01 -6.886362102313937639e-01
-4.949999999999995515e-01 -7.075680496969699584e-01
-4.899999999999995470e-01 -7.263411584329221293e-01
-4.849999999999995426e-01 -7.449555364392496104e-01
-4.799999999999995381e-01 -7.634111837159526237e-01
-4.749999999999995337e-01 -7.817081002630313913e-01
-4.699999999999995293e-01 -7.998462860804854690e-01
-4.649999999999995248e-01 -8.178257411683157452e-01
-4.599999999999995204e-01 -8.356464655265212205e-01
-4.549999999999995159e-01 -8.533084591551023390e-01
-4.499999999999995115e-01 -8.708117220540594339e-01
-4.449999999999995071e-01 -8.881562542233917279e-01
-4.399999999999995026e-01 -9.053420556630996652e-01
-4.349999999999994982e-01 -9.223691263731832457e-01
-4.299999999999994937e-01 -9.392374663536423585e-01
-4.249999999999994893e-01 -9.559470756044774475e-01
-4.199999999999994849e-01 -9.724979541256878468e-01
-4.149999999999994804e-01 -9.888901019172740003e-01
-4.099999999999994760e-01 -1.005123518979235797e+00
-4.049999999999994715e-01 -1.021198205311573126e+00
-3.999999999999994671e-01 -1.037114160914285987e+00
-3.949999999999994627e-01 -1.052871385787374381e+00
-3.899999999999994582e-01 -1.068469879930838529e+00
-3.849999999999994538e-01 -1.083909643344678431e+00
-3.799999999999994493e-01 -1.099190676028894087e+00
-3.749999999999994449e-01 -1.114312977983484831e+00
-3.699999999999994404e-01 -1.129276549208451774e+00
-3.649999999999994360e-01 -1.144081389703793805e+00
-3.599999999999994316e-01 -1.158727499469511590e+00
-3.549999999999994271e-01 -1.173214878505604908e+00
-3.499999999999994227e-01 -1.187543526812073980e+00
-3.449999999999994182e-01 -1.201713444388919028e+00
-3.399999999999994138e-01 -1.215724631236139164e+00
-3.349999999999994094e-01 -1.229577087353735054e+00
-3.299999999999994049e-01 -1.243270812741706699e+00
-3.249999999999994005e-01 -1.256805807400053654e+00
-3.199999999999993960e-01 -1.270182071328776585e+00
-3.149999999999993916e-01 -1.283399604527874605e+00
-3.099999999999993872e-01 -1.296458406997348600e+00
-3.049999999999993827e-01 -1.309358478737198350e+00
-2.999999999999993783e-01 -1.322099819747423632e+00
-2.949999999999993738e-01 -1.334682430028024447e+00
-2.899999999999993694e-01 -1.347106309579000794e+00
-2.849999999999993650e-01 -1.359371458400352894e+00
-2.799999999999993605e-01 -1.371477876492080528e+00
-2.749999999999993561e-01 -1.383425563854183693e+00
-2.699999999999993516e-01 -1.395214520486662613e+00
-2.649999999999993472e-01 -1.406844746389517509e+00
-2.599999999999993427e-01 -1.418316241562747493e+00
-2.549999999999993383e-01 -1.429629006006353009e+00
-2.499999999999993339e-01 -1.440783039720334280e+00
-2.449999999999993294e-01 -1.451778342704691527e+00
-2.399999999999993250e-01 -1.462614914959423862e+00
-2.349999999999993205e-01 -1.473292756484531951e+00
-2.299999999999993161e-01 -1.483811867280015795e+00
-2.249999999999993117e-01 -1.494172247345875393e+00
-2.199999999999993072e-01 -1.504373896682110301e+00
-2.149999999999993028e-01 -1.514416815288720963e+00
-2.099999999999992983e-01 -1.524301003165707380e+00
-2.049999999999992939e-01 -1.534026460313069107e+00
-1.999999999999992895e-01 -1.543593186730806588e+00
-1.949999999999992850e-01 -1.553001182418919823e+00
-1.899999999999992806e-01 -1.562250447377408369e+00
-1.849999999999992761e-01 -1.571340981606272669e+00
-1.799999999999992717e-01 -1.580272785105512501e+00
-1.749999999999992673e-01 -1.589045857875128087e+00
-1.699999999999992628e-01 -1.597660199915119206e+00
-1.649999999999992584e-01 -1.606115811225486079e+00
-1.599999999999992539e-01 -1.614412691806228484e+00
-1.549999999999992495e-01 -1.622550841657346643e+00
-1.499999999999992450e-01 -1.630530260778839891e+00
-1.449999999999992406e-01 -1.638350949170709336e+00
-1.399999999999992362e-01 -1.646012906832954314e+00
-1.349999999999992317e-01 -1.653516133765574603e+00
-1.299999999999992273e-01 -1.660860629968570645e+00
-1.249999999999992228e-01 -1.668046395441942220e+00
-1.199999999999992184e-01 -1.675073430185689549e+00
-1.149999999999992140e-01 -1.681941734199812633e+00
-1.099999999999992095e-01 -1.688651307484311026e+00
-1.049999999999992051e-01 -1.695202150039185174e+00
-9.999999999999920064e-02 -1.701594261864434854e+00
-9.499999999999919620e-02 -1.707827642960060288e+00
-8.999999999999919176e-02 -1.713902293326061255e+00
-8.499999999999918732e-02 -1.719818212962437753e+00
-7.999999999999918288e-02 -1.725575401869190006e+00
-7.499999999999917843e-02 -1.731173860046318014e+00
-6.999999999999917399e-02 -1.736613587493821109e+00
-6.499999999999916955e-02 -1.741894584211700403e+00
-5.999999999999916511e-02 -1.747016850199955229e+00
-5.499999999999916067e-02 -1.751980385458585143e+00
-4.999999999999915623e-02 -1.756785189987591256e+00
-4.499999999999915179e-02 -1.761431263786972456e+00
-3.999999999999914735e-02 -1.765918606856729633e+00
-3.499999999999914291e-02 -1.770247219196862565e+00
-2.999999999999913847e-02 -1.774417100807370584e+00
-2.499999999999913403e-02 -1.778428251688254802e+00
-1.999999999999912959e-02 -1.782280671839514330e+00
-1.499999999999912514e-02 -1.785974361261149390e+00
-9.999999999999120703e-03 -1.789509319953160205e+00
-4.999999999999116262e-03 -1.792885547915546773e+00
8.881784197001252323e-16 -1.796103045148308652e+00
5.000000000000781597e-03 -1.799161811651446286e+00
1.000000000000089706e-02 -1.802061847424959673e+00
1.500000000000101252e-02 -1.804803152468848371e+00
2.000000000000090594e-02 -1.807385726783112823e+00
2.500000000000079936e-02 -1.809809570367753029e+00
3.000000000000091482e-02 -1.812074683222768545e+00
3.500000000000103029e-02 -1.814181065348160038e+00
4.000000000000092371e-02 -1.816128716743926841e+00
4.500000000000081712e-02 -1.817917637410069398e+00
5.000000000000093259e-02 -1.819547827346587487e+00
5.500000000000104805e-02 -1.821019286553481331e+00
6.000000000000094147e-02 -1.822332015030750707e+00
6.500000000000083489e-02 -1.823486012778395837e+00
7.000000000000095035e-02 -1.824481279796416278e+00
7.500000000000106581e-02 -1.825317816084812472e+00
8.000000000000095923e-02 -1.825995621643584421e+00
8.500000000000085265e-02 -1.826514696472731902e+00
9.000000000000096811e-02 -1.826875040572254916e+00
9.500000000000108358e-02 -1.827076653942153461e+00
1.000000000000009770e-01 -1.827119536582427761e+00
1.050000000000008704e-01 -1.827003688493077815e+00
1.100000000000009859e-01 -1.826729109674103180e+00
1.150000000000011013e-01 -1.826295800125504520e+00
1.200000000000009948e-01 -1.825703759847280949e+00
1.250000000000008882e-01 -1.824952988839433354e+00
1.300000000000010036e-01 -1.824043487101961292e+00
1.350000000000011191e-01 -1.822975254634864983e+00
1.400000000000010125e-01 -1.821748291438144207e+00
1.450000000000009059e-01 -1.820362597511798963e+00
1.500000000000010214e-01 -1.818818172855829474e+00
1.550000000000011369e-01 -1.817115017470235516e+00
1.600000000000010303e-01 -1.815253131355017091e+00
1.650000000000009237e-01 -1.813232514510174420e+00
1.700000000000010392e-01 -1.811053166935707281e+00
1.750000000000011546e-01 -1.808715088631615675e+00
1.800000000000010481e-01 -1.806218279597899823e+00
1.850000000000009415e-01 -1.803562739834559725e+00
1.900000000000010569e-01 -1.800748469341594937e+00
1.950000000000011724e-01 -1.797775468119005682e+00
2.000000000000010658e-01 -1.794643736166792403e+00
2.050000000000009592e-01 -1.791353273484954656e+00
2.100000000000010747e-01 -1.787904080073492441e+00
2.150000000000011902e-01 -1.784296155932405537e+00
2.200000000000010836e-01 -1.780529501061694830e+00
2.250000000000009770e-01 -1.776604115461359434e+00
2.300000000000010925e-01 -1.772519999131399571e+00
2.350000000000012079e-01 -1.768277152071815461e+00
2.400000000000011013e-01 -1.763875574282606884e+00
2.450000000000009948e-01 -1.759315265763774061e+00
2.500000000000011102e-01 -1.754596226515316770e+00
2.550000000000012257e-01 -1.749718456537235012e+00
2.600000000000011191e-01 -1.744681955829528786e+00
2.650000000000010125e-01 -1.739486724392198536e+00
2.700000000000011280e-01 -1.734132762225243596e+00
2.750000000000012434e-01 -1.728620069328664188e+00
2.800000000000011369e-01 -1.722948645702460535e+00
2.850000000000010303e-01 -1.717118491346632636e+00
2.900000000000011458e-01 -1.711129606261180269e+00
2.950000000000012612e-01 -1.704981990446103213e+00
3.000000000000011546e-01 -1.698675643901402355e+00
3.050000000000010481e-01 -1.692210566627076807e+00
3.100000000000011635e-01 -1.685586758623126791e+00
3.150000000000012790e-01 -1.678804219889552307e+00
3.200000000000011724e-01 -1.671862950426353800e+00
3.250000000000010658e-01 -1.664762950233530825e+00
3.300000000000011813e-01 -1.657504219311083160e+00
3.350000000000012967e-01 -1.650086757659011027e+00
3.400000000000011902e-01 -1.642510565277314649e+00
3.450000000000010836e-01 -1.634775642165994691e+00
3.500000000000011990e-01 -1.626881988325049155e+00
3.550000000000013145e-01 -1.618829603754479596e+00
3.600000000000012079e-01 -1.610618488454286013e+00
3.650000000000011013e-01 -1.602248642424467961e+00
3.700000000000012168e-01 -1.593720065665025443e+00
3.750000000000013323e-01 -1.585032758175958012e+00
3.800000000000012257e-01 -1.576186719957267002e+00
3.850000000000011191e-01 -1.567181951008951080e+00
3.900000000000012346e-01 -1.558018451331010690e+00
3.950000000000013500e-01 -1.548696220923446276e+00
4.000000000000012434e-01 -1.539215259786257617e+00
4.050000000000011369e-01 -1.529575567919444490e+00
4.100000000000012523e-01 -1.519777145323006673e+00
4.150000000000013678e-01 -1.509819991996944610e+00
4.200000000000012612e-01 -1.499704107941257858e+00
4.250000000000011546e-01 -1.489429493155947526e+00
4.300000000000012701e-01 -1.478996147641011838e+00
4.350000000000013856e-01 -1.468404071396452348e+00
4.400000000000012790e-01 -1.457653264422268391e+00
4.450000000000011724e-01 -1.446743726718460188e+00
4.500000000000012879e-01 -1.435675458285027295e+00
4.550000000000014033e-01 -1.424448459121969712e+00
4.600000000000012967e-01 -1.413062729229288772e+00
4.650000000000011902e-01 -1.401518268606982698e+00
4.700000000000013056e-01 -1.389815077255052156e+00
4.750000000000014211e-01 -1.377953155173497368e+00
4.800000000000013145e-01 -1.365932502362318557e+00
4.850000000000012079e-01 -1.353753118821515278e+00
4.900000000000013234e-01 -1.341415004551087087e+00
4.950000000000014388e-01 -1.328918159551034872e+00
5.000000000000013323e-01 -1.316262583821357968e+00
5.050000000000012257e-01 -1.303448277362057928e+00
5.100000000000013411e-01 -1.290475240173131644e+00
5.150000000000014566e-01 -1.277343472254581558e+00
5.200000000000013500e-01 -1.264052973606407893e+00
5.250000000000012434e-01 -1.250603744228609537e+00
5.300000000000013589e-01 -1.236995784121186492e+00
5.350000000000014744e-01 -1.223229093284138314e+00
5.400000000000013678e-01 -1.209303671717467443e+00
5.450000000000012612e-01 -1.195219519421171217e+00
5.500000000000013767e-01 -1.180976636395250523e+00
5.550000000000014921e-01 -1.166575022639705361e+00
5.600000000000013856e-01 -1.152014678154536398e+00
5.650000000000012790e-01 -1.137295602939743189e+00
5.700000000000013944e-01 -1.122417796995324846e+00
5.750000000000015099e-01 -1.107381260321282257e+00
5.800000000000014033e-01 -1.092185992917615200e+00
5.850000000000012967e-01 -1.076831994784325008e+00
5.900000000000014122e-01 -1.061319265921408572e+00
5.950000000000015277e-01 -1.045647806328868556e+00
6.000000000000014211e-01 -1.029817616006704295e+00
6.050000000000013145e-01 -1.013828694954916454e+00
6.100000000000014300e-01 -9.976810431735020357e-01
6.150000000000015454e-01 -9.813746606624642599e-01
6.200000000000014388e-01 -9.649095474218033486e-01
6.250000000000013323e-01 -9.482857034515167483e-01
6.300000000000014477e-01 -9.315031287516057912e-01
6.350000000000015632e-01 -9.145618233220704774e-01
6.400000000000014566e-01 -8.974617871629120280e-01
6.450000000000013500e-01 -8.802030202741280007e-01
6.500000000000014655e-01 -8.627855226557196167e-01
6.550000000000015810e-01 -8.452092943076866538e-01
6.600000000000014744e-01 -8.274743352300294452e-01
6.650000000000013678e-01 -8.095806454227491011e-01
6.700000000000014833e-01 -7.915282248858431791e-01
6.750000000000015987e-01 -7.733170736193126782e-01
6.800000000000014921e-01 -7.549471916231579316e-01
6.850000000000013856e-01 -7.364185788973787172e-01
6.900000000000015010e-01 -7.177312354419751461e-01
6.950000000000016165e-01 -6.988851612569472183e-01
7.000000000000015099e-01 -6.798803563422961549e-01
7.050000000000014033e-01 -6.607168206980194025e-01
7.100000000000015188e-01 -6.413945543241182934e-01
7.150000000000016342e-01 -6.219135572205927165e-01
7.200000000000015277e-01 -6.022738293874427828e-01
7.250000000000014211e-01 -5.824753708246698247e-01
7.300000000000015365e-01 -5.625181815322711776e-01
7.350000000000016520e-01 -5.424022615102481737e-01
7.400000000000015454e-01 -5.221276107586007020e-01
7.450000000000014388e-01 -5.016942292773302059e-01
7.500000000000015543e-01 -4.811021170664340763e-01
7.550000000000016698e-01 -4.603512741259118690e-01
7.600000000000015632e-01 -4.394417004557684137e-01
7.650000000000014566e-01 -4.183733960560004350e-01
7.700000000000015721e-01 -3.971463609266053241e-01
7.750000000000016875e-01 -3.757605950675870776e-01
7.800000000000015810e-01 -3.542160984789459177e-01
7.850000000000014744e-01 -3.325128711606789578e-01
7.900000000000015898e-01 -3.106509131127877521e-01
7.950000000000017053e-01 -2.886302243352718566e-01
8.000000000000015987e-01 -2.664508048281331032e-01
8.050000000000014921e-01 -2.441126545913684942e-01
8.100000000000016076e-01 -2.216157736249796673e-01
8.150000000000017231e-01 -1.989601619289663448e-01
8.200000000000016165e-01 -1.761458195033285823e-01
8.250000000000015099e-01 -1.531727463480681284e-01
8.300000000000016254e-01 -1.300409424631816524e-01
8.350000000000017408e-01 -1.067504078486709168e-01
8.400000000000016342e-01 -8.330114250453571345e-02
8.450000000000015277e-01 -5.969314643077605620e-02
8.500000000000016431e-01 -3.592641962739192424e-02
8.550000000000017586e-01 -1.200096209438355002e-02
8.600000000000016520e-01 1.208322616824748612e-02
8.650000000000015454e-01 3.632614516050457210e-02
8.700000000000016609e-01 6.072779488238634615e-02
8.750000000000017764e-01 8.528817533389213001e-02
8.800000000000016698e-01 1.100072865150226176e-01
8.850000000000015632e-01 1.348851284257755467e-01
8.900000000000016787e-01 1.599217010661547478e-01
8.950000000000017941e-01 1.851170044361581668e-01
9.000000000000016875e-01 2.104710385357858593e-01
9.050000000000015810e-01 2.359838033650366318e-01
9.100000000000016964e-01 2.616552989239130378e-01
9.150000000000018119e-01 2.874855252124159377e-01
9.200000000000017053e-01 3.134744822305398637e-01
9.250000000000015987e-01 3.396221699782876469e-01
9.300000000000017142e-01 3.659285884556637281e-01
9.350000000000018296e-01 3.923937376626622231e-01
9.400000000000017231e-01 4.190176175992835761e-01
9.450000000000016165e-01 4.458002282655310067e-01
9.500000000000017319e-01 4.727415696614026830e-01
9.550000000000018474e-01 4.998416417868990491e-01
9.600000000000017408e-01 5.271004446420174405e-01
9.650000000000016342e-01 5.545179782267622981e-01
9.700000000000017497e-01 5.820942425411318455e-01
9.750000000000018652e-01 6.098292375851256386e-01
9.800000000000017586e-01 6.377229633587436775e-01
9.850000000000016520e-01 6.657754198619840746e-01
9.900000000000017675e-01 6.939866070948510490e-01
9.950000000000018829e-01 7.223565250573422691e-01
1.000000000000001776e+00 7.508851737494581791e-01
