-1.000000000000000000e+00 7.486129240857584577e+00
-9.949999999999999956e-01 7.481700788119004741e+00
-9.899999999999999911e-01 7.477273430130557230e+00
-9.849999999999999867e-01 7.472847184657174680e+00
-9.799999999999999822e-01 7.468422032241241126e+00
-9.749999999999999778e-01 7.463997987327919859e+00
-9.699999999999999734e-01 7.459575047956567673e+00
-9.649999999999999689e-01 7.455153209080171095e+00
-9.599999999999999645e-01 7.450732484796352750e+00
-9.549999999999999600e-01 7.446312859712028498e+00
-9.499999999999999556e-01 7.441894341395558499e+00
-9.449999999999999512e-01 7.437476926746589001e+00
-9.399999999999999467e-01 7.433060617458258079e+00
-9.349999999999999423e-01 7.428645422271832999e+00
-9.299999999999999378e-01 7.424231328750201087e+00
-9.249999999999999334e-01 7.419818346751602789e+00
-9.199999999999999289e-01 7.415406472354410639e+00
-9.149999999999999245e-01 7.410995709211951166e+00
-9.099999999999999201e-01 7.406586057112312105e+00
-9.049999999999999156e-01 7.402177506747383617e+00
-8.999999999999999112e-01 7.397770073584942097e+00
-8.949999999999999067e-01 7.393363753202569555e+00
-8.899999999999999023e-01 7.388958539564290717e+00
-8.849999999999998979e-01 7.384554438271910826e+00
-8.799999999999998934e-01 7.380151451139303376e+00
-8.749999999999998890e-01 7.375749573111042068e+00
-8.699999999999998845e-01 7.371348819781891493e+00
-8.649999999999998801e-01 7.366949168299887774e+00
-8.599999999999998757e-01 7.362550638090018751e+00
-8.549999999999998712e-01 7.358153229498688219e+00
-8.499999999999998668e-01 7.353756917758536460e+00
-8.449999999999998623e-01 7.349361730870631604e+00
-8.399999999999998579e-01 7.344967667413206058e+00
-8.349999999999998535e-01 7.340574719151922167e+00
-8.299999999999998490e-01 7.336182878485677961e+00
-8.249999999999998446e-01 7.331792165330247357e+00
-8.199999999999998401e-01 7.327402560708682344e+00
-8.149999999999998357e-01 7.323014084436371363e+00
-8.099999999999998312e-01 7.318626722414554919e+00
-8.049999999999998268e-01 7.314240481467967570e+00
-7.999999999999998224e-01 7.309855362332390527e+00
-7.949999999999998179e-01 7.305471360996270036e+00
-7.899999999999998135e-01 7.301088479653989438e+00
-7.849999999999998090e-01 7.296706728597731839e+00
-7.799999999999998046e-01 7.292326090308128173e+00
-7.749999999999998002e-01 7.287946578645991380e+00
-7.699999999999997957e-01 7.283568194494554504e+00
-7.649999999999997913e-01 7.279190927400540190e+00
-7.599999999999997868e-01 7.274814787688418605e+00
-7.549999999999997824e-01 7.270439769365074412e+00
-7.499999999999997780e-01 7.266065877033232923e+00
-7.449999999999997735e-01 7.261693113773011632e+00
-7.399999999999997691e-01 7.257321479388300745e+00
-7.349999999999997646e-01 7.252950970681544263e+00
-7.299999999999997602e-01 7.248581582594587402e+00
-7.249999999999997558e-01 7.244213323330845000e+00
-7.199999999999997513e-01 7.239846196835136638e+00
-7.149999999999997469e-01 7.235480196616853377e+00
-7.099999999999997424e-01 7.231115327680148752e+00
-7.049999999999997380e-01 7.226751589130762099e+00
-6.999999999999997335e-01 7.222388971794620360e+00
-6.949999999999997291e-01 7.218027496592830161e+00
-6.899999999999997247e-01 7.213667147614691189e+00
-6.849999999999997202e-01 7.209307931866495878e+00
-6.799999999999997158e-01 7.204949844768028910e+00
-6.749999999999997113e-01 7.200592897446957963e+00
-6.699999999999997069e-01 7.196237073488950031e+00
-6.649999999999997025e-01 7.191882389303449585e+00
-6.599999999999996980e-01 7.187528841656748213e+00
-6.549999999999996936e-01 7.183176422913751580e+00
-6.499999999999996891e-01 7.178825154487944005e+00
-6.449999999999996847e-01 7.174475007763097878e+00
-6.399999999999996803e-01 7.170125999341129486e+00
-6.349999999999996758e-01 7.165778129833901389e+00
-6.299999999999996714e-01 7.161431391824143233e+00
-6.249999999999996669e-01 7.157085798963256806e+00
-6.199999999999996625e-01 7.152741347476725409e+00
-6.149999999999996581e-01 7.148398024082515789e+00
-6.099999999999996536e-01 7.144055849875448061e+00
-6.049999999999996492e-01 7.139714808121615519e+00
-5.999999999999996447e-01 7.135374914729672113e+00
-5.949999999999996403e-01 7.131036156082435795e+00
-5.899999999999996358e-01 7.126698548210319117e+00
-5.849999999999996314e-01 7.122362072967311164e+00
-5.799999999999996270e-01 7.118026743133517797e+00
-5.749999999999996225e-01 7.113692551491302751e+00
-5.699999999999996181e-01 7.109359514573233341e+00
-5.649999999999996136e-01 7.105027616347305397e+00
-5.599999999999996092e-01 7.100696858604541362e+00
-5.549999999999996048e-01 7.096367248716168419e+00
-5.499999999999996003e-01 7.092038789812439958e+00
-5.449999999999995959e-01 7.087711476755051976e+00
-5.399999999999995914e-01 7.083385300275457652e+00
-5.349999999999995870e-01 7.079060280879124534e+00
-5.299999999999995826e-01 7.074736406016617352e+00
-5.249999999999995781e-01 7.070413677834002542e+00
-5.199999999999995737e-01 7.066092103926470358e+00
-5.149999999999995692e-01 7.061771675373924140e+00
-5.099999999999995648e-01 7.057452401543249820e+00
-5.049999999999995604e-01 7.053134277662328699e+00
-4.999999999999995559e-01 7.048817303468089435e+00
-4.949999999999995515e-01 7.044501474886223136e+00
-4.899999999999995470e-01 7.040186807062204011e+00
-4.849999999999995426e-01 7.035873286516979519e+00
-4.799999999999995381e-01 7.031560928544612565e+00
-4.749999999999995337e-01 7.027249713473187498e+00
-4.699999999999995293e-01 7.022939658046729150e+00
-4.649999999999995248e-01 7.018630756661044856e+00
-4.599999999999995204e-01 7.014323010727556706e+00
-4.549999999999995159e-01 7.010016418112476444e+00
-4.499999999999995115e-01 7.005710989869802674e+00
-4.449999999999995071e-01 7.001406709242436577e+00
-4.399999999999995026e-01 6.997103591536605549e+00
-4.349999999999994982e-01 6.992801634504948183e+00
-4.299999999999994937e-01 6.988500826615412720e+00
-4.249999999999994893e-01 6.984201183388639933e+00
-4.199999999999994849e-01 6.979902707146683483e+00
-4.149999999999994804e-01 6.975605381342651512e+00
-4.099999999999994760e-01 6.971309226122988534e+00
-4.049999999999994715e-01 6.967014222959468484e+00
-3.999999999999994671e-01 6.962720384751795777e+00
-3.949999999999994627e-01 6.958427712893316297e+00
-3.899999999999994582e-01 6.954136202157505053e+00
-3.849999999999994538e-01 6.949845852519805689e+00
-3.799999999999994493e-01 6.945556671257426373e+00
-3.749999999999994449e-01 6.941268647909472733e+00
-3.699999999999994404e-01 6.936981801557029925e+00
-3.649999999999994360e-01 6.932696115715051732e+00
-3.599999999999994316e-01 6.928411593183076533e+00
-3.549999999999994271e-01 6.924128244689731204e+00
-3.499999999999994227e-01 6.919846058407491896e+00
-3.449999999999994182e-01 6.915565036071674498e+00
-3.399999999999994138e-01 6.911285187468100943e+00
-3.349999999999994094e-01 6.907006513507175427e+00
-3.299999999999994049e-01 6.902728999895620277e+00
-3.249999999999994005e-01 6.898452662253097500e+00
-3.199999999999993960e-01 6.894177495029188307e+00
-3.149999999999993916e-01 6.889903508706046509e+00
-3.099999999999993872e-01 6.885630681215920035e+00
-3.049999999999993827e-01 6.881359029513836489e+00
-2.999999999999993783e-01 6.877088547810748409e+00
-2.949999999999993738e-01 6.872819251884797254e+00
-2.899999999999993694e-01 6.868551124841664191e+00
-2.849999999999993650e-01 6.864284166944647936e+00
-2.799999999999993605e-01 6.860018388168517944e+00
-2.749999999999993561e-01 6.855753783696135528e+00
-2.699999999999993516e-01 6.851490359838143362e+00
-2.649999999999993472e-01 6.847228116457776181e+00
-2.599999999999993427e-01 6.842967046504176309e+00
-2.549999999999993383e-01 6.838707151640241122e+00
-2.499999999999993339e-01 6.834448440824266058e+00
-2.449999999999993294e-01 6.830190912132328762e+00
-2.399999999999993250e-01 6.825934560400773066e+00
-2.349999999999993205e-01 6.821679388074661787e+00
-2.299999999999993161e-01 6.817425396089637601e+00
-2.249999999999993117e-01 6.813172591957558311e+00
-2.199999999999993072e-01 6.808920961543853068e+00
-2.149999999999993028e-01 6.804670520145540635e+00
-2.099999999999992983e-01 6.800421266236488904e+00
-2.049999999999992939e-01 6.796173194897923153e+00
-1.999999999999992895e-01 6.791926298908341764e+00
-1.949999999999992850e-01 6.787680600428151578e+00
-1.899999999999992806e-01 6.783436082091233388e+00
-1.849999999999992761e-01 6.779192751825879881e+00
-1.799999999999992717e-01 6.774950605080297450e+00
-1.749999999999992673e-01 6.770709653193497601e+00
-1.699999999999992628e-01 6.766469882724399199e+00
-1.649999999999992584e-01 6.762231307632950106e+00
-1.599999999999992539e-01 6.757993917831603525e+00
-1.549999999999992495e-01 6.753757722202257341e+00
-1.499999999999992450e-01 6.749522716775194553e+00
-1.449999999999992406e-01 6.745288898074553785e+00
-1.399999999999992362e-01 6.741056276707089623e+00
-1.349999999999992317e-01 6.736824841970891597e+00
-1.299999999999992273e-01 6.732594600255046302e+00
-1.249999999999992228e-01 6.728365562692905755e+00
-1.199999999999992184e-01 6.724137716153753885e+00
-1.149999999999992140e-01 6.719911054498046710e+00
-1.099999999999992095e-01 6.715685596209331365e+00
-1.049999999999992051e-01 6.711461333718451883e+00
-9.999999999999920064e-02 6.707238267535407417e+00
-9.499999999999919620e-02 6.703016404027343000e+00
-8.999999999999919176e-02 6.698795724740042701e+00
-8.499999999999918732e-02 6.694576252894384183e+00
-7.999999999999918288e-02 6.690357984567830485e+00
-7.499999999999917843e-02 6.686140911866081282e+00
-6.999999999999917399e-02 6.681925040216091460e+00
-6.499999999999916955e-02 6.677710369557038561e+00
-5.999999999999916511e-02 6.673496897240246639e+00
-5.499999999999916067e-02 6.669284627490773332e+00
-4.999999999999915623e-02 6.665073565013662105e+00
-4.499999999999915179e-02 6.660863705804066726e+00
-3.999999999999914735e-02 6.656655048628257632e+00
-3.499999999999914291e-02 6.652447595313750739e+00
-2.999999999999913847e-02 6.648241343669573311e+00
-2.499999999999913403e-02 6.644036311827752783e+00
-1.999999999999912959e-02 6.639832469504844070e+00
-1.499999999999912514e-02 6.635629843621662971e+00
-9.999999999999120703e-03 6.631428422988241422e+00
-4.999999999999116262e-03 6.627228214550163088e+00
8.881784197001252323e-16 6.623029208073566210e+00
5.000000000000781597e-03 6.618831421030639817e+00
1.000000000000089706e-02 6.614634837232832965e+00
1.500000000000101252e-02 6.610439462605389949e+00
2.000000000000090594e-02 6.606245298753796291e+00
2.500000000000079936e-02 6.602052357866758925e+00
3.000000000000091482e-02 6.597860621692651861e+00
3.500000000000103029e-02 6.593670098167271121e+00
4.000000000000092371e-02 6.589480793097854061e+00
4.500000000000081712e-02 6.585292697901044434e+00
5.000000000000093259e-02 6.581105815111945034e+00
5.500000000000104805e-02 6.576920155386877909e+00
6.000000000000094147e-02 6.572735710830633238e+00
6.500000000000083489e-02 6.568552478518503435e+00
7.000000000000095035e-02 6.564370469816216414e+00
7.500000000000106581e-02 6.560189677074125925e+00
8.000000000000095923e-02 6.556010104449532250e+00
8.500000000000085265e-02 6.551831750840468871e+00
9.000000000000096811e-02 6.547654625167714570e+00
9.500000000000108358e-02 6.543478701909597461e+00
1.000000000000009770e-01 6.539304016138279607e+00
1.050000000000008704e-01 6.535130543836848105e+00
1.100000000000009859e-01 6.530958299845641690e+00
1.150000000000011013e-01 6.526787271922179556e+00
1.200000000000009948e-01 6.522617475842329426e+00
1.250000000000008882e-01 6.518448904494638541e+00
1.300000000000010036e-01 6.514281554098337423e+00
1.350000000000011191e-01 6.510115429653486885e+00
1.400000000000010125e-01 6.505950532810706122e+00
1.450000000000009059e-01 6.501786863698688634e+00
1.500000000000010214e-01 6.497624425881289412e+00
1.550000000000011369e-01 6.493463206809414245e+00
1.600000000000010303e-01 6.489303229010678464e+00
1.650000000000009237e-01 6.485144470830809027e+00
1.700000000000010392e-01 6.480986952436600390e+00
1.750000000000011546e-01 6.476830662865344479e+00
1.800000000000010481e-01 6.472675603543242673e+00
1.850000000000009415e-01 6.468521770602668752e+00
1.900000000000010569e-01 6.464369175971873105e+00
1.950000000000011724e-01 6.460217811752576367e+00
2.000000000000010658e-01 6.456067688236165836e+00
2.050000000000009592e-01 6.451918790714520568e+00
2.100000000000010747e-01 6.447771143377471148e+00
2.150000000000011902e-01 6.443624723923297992e+00
2.200000000000010836e-01 6.439479543505020942e+00
2.250000000000009770e-01 6.435335600744982898e+00
2.300000000000010925e-01 6.431192887141113701e+00
2.350000000000012079e-01 6.427051422534722391e+00
2.400000000000011013e-01 6.422911191222814509e+00
2.450000000000009948e-01 6.418772206245725087e+00
2.500000000000011102e-01 6.414634456877783109e+00
2.550000000000012257e-01 6.410497947992629619e+00
2.600000000000011191e-01 6.406362691122316377e+00
2.650000000000010125e-01 6.402228667643916182e+00
2.700000000000011280e-01 6.398095888543215537e+00
2.750000000000012434e-01 6.393964358089723632e+00
2.800000000000011369e-01 6.389834073269488712e+00
2.850000000000010303e-01 6.385705029775712305e+00
2.900000000000011458e-01 6.381577232187359172e+00
2.950000000000012612e-01 6.377450681251692899e+00
3.000000000000011546e-01 6.373325379648766997e+00
3.050000000000010481e-01 6.369201323326896258e+00
3.100000000000011635e-01 6.365078519925381428e+00
3.150000000000012790e-01 6.360956968219133145e+00
3.200000000000011724e-01 6.356836660127745731e+00
3.250000000000010658e-01 6.352717602622155013e+00
3.300000000000011813e-01 6.348599800791779657e+00
3.350000000000012967e-01 6.344483248323248503e+00
3.400000000000011902e-01 6.340367954001939310e+00
3.450000000000010836e-01 6.336253905459406255e+00
3.500000000000011990e-01 6.332141119439105736e+00
3.550000000000013145e-01 6.328029586799706507e+00
3.600000000000012079e-01 6.323919301764439282e+00
3.650000000000011013e-01 6.319810277206633131e+00
3.700000000000012168e-01 6.315702514649805366e+00
3.750000000000013323e-01 6.311596004105544111e+00
3.800000000000012257e-01 6.307490749878146730e+00
3.850000000000011191e-01 6.303386757946858765e+00
3.900000000000012346e-01 6.299284030477641849e+00
3.950000000000013500e-01 6.295182558540735940e+00
4.000000000000012434e-01 6.291082348072526642e+00
4.050000000000011369e-01 6.286983391684733746e+00
4.100000000000012523e-01 6.282885710270042168e+00
4.150000000000013678e-01 6.278789286283844362e+00
4.200000000000012612e-01 6.274694124342280688e+00
4.250000000000011546e-01 6.270600225632923852e+00
4.300000000000012701e-01 6.266507595567949451e+00
4.350000000000013856e-01 6.262416230924904070e+00
4.400000000000012790e-01 6.258326127640165382e+00
4.450000000000011724e-01 6.254237298331721817e+00
4.500000000000012879e-01 6.250149729862036097e+00
4.550000000000014033e-01 6.246063435225741145e+00
4.600000000000012967e-01 6.241978410558280288e+00
4.650000000000011902e-01 6.237894654362852620e+00
4.700000000000013056e-01 6.233812170375435002e+00
4.750000000000014211e-01 6.229730957844102690e+00
4.800000000000013145e-01 6.225651013811861034e+00
4.850000000000012079e-01 6.221572342257067234e+00
4.900000000000013234e-01 6.217494943512596350e+00
4.950000000000014388e-01 6.213418822134903152e+00
5.000000000000013323e-01 6.209343970877133856e+00
5.050000000000012257e-01 6.205270404496522119e+00
5.100000000000013411e-01 6.201198101887788638e+00
5.150000000000014566e-01 6.197127084824236576e+00
5.200000000000013500e-01 6.193057342160804168e+00
5.250000000000012434e-01 6.188988886517867272e+00
5.300000000000013589e-01 6.184921691367057051e+00
5.350000000000014744e-01 6.180855785785487555e+00
5.400000000000013678e-01 6.176791161529385121e+00
5.450000000000012612e-01 6.172727817789299465e+00
5.500000000000013767e-01 6.168665754968250425e+00
5.550000000000014921e-01 6.164604981429837594e+00
5.600000000000013856e-01 6.160545475915986557e+00
5.650000000000012790e-01 6.156487263023981527e+00
5.700000000000013944e-01 6.152430347997855264e+00
5.750000000000015099e-01 6.148374696964046038e+00
5.800000000000014033e-01 6.144320339929285169e+00
5.850000000000012967e-01 6.140267270912053377e+00
5.900000000000014122e-01 6.136215485859187524e+00
5.950000000000015277e-01 6.132164998646848275e+00
6.000000000000014211e-01 6.128115788330623204e+00
6.050000000000013145e-01 6.124067871849282696e+00
6.100000000000014300e-01 6.120021244254720827e+00
6.150000000000015454e-01 6.115975912654638691e+00
6.200000000000014388e-01 6.111931870102884190e+00
6.250000000000013323e-01 6.107889113911445733e+00
6.300000000000014477e-01 6.103847655532112171e+00
6.350000000000015632e-01 6.099807491970031137e+00
6.400000000000014566e-01 6.095768626864431994e+00
6.450000000000013500e-01 6.091731048143136817e+00
6.500000000000014655e-01 6.087694773296183470e+00
6.550000000000015810e-01 6.083659784258392378e+00
6.600000000000014744e-01 6.079626104344773907e+00
6.650000000000013678e-01 6.075593719290244721e+00
6.700000000000014833e-01 6.071562626616886504e+00
6.750000000000015987e-01 6.067532841518604059e+00
6.800000000000014921e-01 6.063504356911229465e+00
6.850000000000013856e-01 6.059477161410731227e+00
6.900000000000015010e-01 6.055451280735800523e+00
6.950000000000016165e-01 6.051426708594553006e+00
7.000000000000015099e-01 6.047403425876799687e+00
7.050000000000014033e-01 6.043381446931524792e+00
7.100000000000015188e-01 6.039360784729259635e+00
7.150000000000016342e-01 6.035341416223294786e+00
7.200000000000015277e-01 6.031323355126081864e+00
7.250000000000014211e-01 6.027306604668828172e+00
7.300000000000015365e-01 6.023291162447625524e+00
7.350000000000016520e-01 6.019277026678727438e+00
7.400000000000015454e-01 6.015264190450542614e+00
7.450000000000014388e-01 6.011252682635889855e+00
7.500000000000015543e-01 6.007242474565449797e+00
7.550000000000016698e-01 6.003233582112974531e+00
7.600000000000015632e-01 5.999225989111513613e+00
7.650000000000014566e-01 5.995219724797570038e+00
7.700000000000015721e-01 5.991214763871161253e+00
7.750000000000016875e-01 5.987211127575241321e+00
7.800000000000015810e-01 5.983208795416279813e+00
7.850000000000014744e-01 5.979207775494122856e+00
7.900000000000015898e-01 5.975208083390688429e+00
7.950000000000017053e-01 5.971209708548107287e+00
8.000000000000015987e-01 5.967212648724816049e+00
8.050000000000014921e-01 5.963216907068803252e+00
8.100000000000016076e-01 5.959222484879054704e+00
8.150000000000017231e-01 5.955229379672422496e+00
8.200000000000016165e-01 5.951237604024262495e+00
8.250000000000015099e-01 5.947247147077026952e+00
8.300000000000016254e-01 5.943257997118811531e+00
8.350000000000017408e-01 5.939270188201779987e+00
8.400000000000016342e-01 5.935283700058411327e+00
8.450000000000015277e-01 5.931298531019214337e+00
8.500000000000016431e-01 5.927314688399823339e+00
8.550000000000017586e-01 5.923332186074693695e+00
8.600000000000016520e-01 5.919350994243776753e+00
8.650000000000015454e-01 5.915371128663954536e+00
8.700000000000016609e-01 5.911392601190263107e+00
8.750000000000017764e-01 5.907415395782399159e+00
8.800000000000016698e-01 5.903439522897391711e+00
8.850000000000015632e-01 5.899464987553832529e+00
8.900000000000016787e-01 5.895491773758143594e+00
8.950000000000017941e-01 5.891519894826236836e+00
9.000000000000016875e-01 5.887549353223752391e+00
9.050000000000015810e-01 5.883580142515901557e+00
9.100000000000016964e-01 5.879612264862620563e+00
9.150000000000018119e-01 5.875645724815020898e+00
9.200000000000017053e-01 5.871680516092245838e+00
9.250000000000015987e-01 5.867716655070998044e+00
9.300000000000017142e-01 5.863754115533160061e+00
9.350000000000018296e-01 5.859792937033111215e+00
9.400000000000017231e-01 5.855833080335136387e+00
9.450000000000016165e-01 5.851874568145225552e+00
9.500000000000017319e-01 5.847917395297335119e+00
9.550000000000018474e-01 5.843961563878869114e+00
9.600000000000017408e-01 5.840007068847361538e+00
9.650000000000016342e-01 5.836053925447307833e+00
9.700000000000017497e-01 5.832102117493112914e+00
9.750000000000018652e-01 5.828151658714281425e+00
9.800000000000017586e-01 5.824202549346940927e+00
9.850000000000016520e-01 5.820254781969728342e+00
9.900000000000017675e-01 5.816308355061513780e+00
9.950000000000018829e-01 5.812363289130265898e+00
1.000000000000001776e+00 5.808419557010855883e+00
