-1.000000000000000000e+00 5.670420424762673051e+00
-9.949999999999999956e-01 5.674406749047383514e+00
-9.899999999999999911e-01 5.678394677449281502e+00
-9.849999999999999867e-01 5.682384213469239498e+00
-9.799999999999999822e-01 5.686375341778520109e+00
-9.749999999999999778e-01 5.690368081183086346e+00
-9.699999999999999734e-01 5.694362422909724941e+00
-9.649999999999999689e-01 5.698358370231934700e+00
-9.599999999999999645e-01 5.702355922052410264e+00
-9.549999999999999600e-01 5.706355082473768547e+00
-9.499999999999999556e-01 5.710355849459196165e+00
-9.449999999999999512e-01 5.714358220079096995e+00
-9.399999999999999467e-01 5.718362202488341595e+00
-9.349999999999999423e-01 5.722367783130797747e+00
-9.299999999999999378e-01 5.726374977566782931e+00
-9.249999999999999334e-01 5.730383775221374876e+00
-9.199999999999999289e-01 5.734394186435414653e+00
-9.149999999999999245e-01 5.738406201762094483e+00
-9.099999999999999201e-01 5.742419825589726301e+00
-9.049999999999999156e-01 5.746435064034093543e+00
-8.999999999999999112e-01 5.750451900723382082e+00
-8.949999999999999067e-01 5.754470354693770773e+00
-8.899999999999999023e-01 5.758490417638503445e+00
-8.849999999999998979e-01 5.762512097665497990e+00
-8.799999999999998934e-01 5.766535385703113192e+00
-8.749999999999998890e-01 5.770560282694040311e+00
-8.699999999999998845e-01 5.774586785781897547e+00
-8.649999999999998801e-01 5.778614915364832072e+00
-8.599999999999998757e-01 5.782644639123040164e+00
-8.549999999999998712e-01 5.786675988082228272e+00
-8.499999999999998668e-01 5.790708955230192245e+00
-8.449999999999998623e-01 5.794743523692622134e+00
-8.399999999999998579e-01 5.798779715504073451e+00
-8.349999999999998535e-01 5.802817514615375316e+00
-8.299999999999998490e-01 5.806856933769912743e+00
-8.249999999999998446e-01 5.810897964038607810e+00
-8.199999999999998401e-01 5.814940615701820192e+00
-8.149999999999998357e-01 5.818984876040039111e+00
-8.099999999999998312e-01 5.823030755233920885e+00
-8.049999999999998268e-01 5.827078251439123946e+00
-7.999999999999998224e-01 5.831127366037170745e+00
-7.949999999999998179e-01 5.835178104276527833e+00
-7.899999999999998135e-01 5.839230446063956137e+00
-7.849999999999998090e-01 5.843284413281557121e+00
-7.799999999999998046e-01 5.847340002792256186e+00
-7.749999999999998002e-01 5.851397209546425060e+00
-7.699999999999997957e-01 5.855456030185186123e+00
-7.649999999999997913e-01 5.859516476322331968e+00
-7.599999999999997868e-01 5.863578540303668873e+00
-7.549999999999997824e-01 5.867642227844006797e+00
-7.499999999999997780e-01 5.871707529523936486e+00
-7.449999999999997735e-01 5.875774461064414922e+00
-7.399999999999997691e-01 5.879843006734480682e+00
-7.349999999999997646e-01 5.883913174813946156e+00
-7.299999999999997602e-01 5.887984966013581456e+00
-7.249999999999997558e-01 5.892058387791470508e+00
-7.199999999999997513e-01 5.896133424250214361e+00
-7.149999999999997469e-01 5.900210090622485026e+00
-7.099999999999997424e-01 5.904288375332120253e+00
-7.049999999999997380e-01 5.908368284770366685e+00
-6.999999999999997335e-01 5.912449827178155815e+00
-6.949999999999997291e-01 5.916532991764333005e+00
-6.899999999999997247e-01 5.920617781544782687e+00
-6.849999999999997202e-01 5.924704191022973632e+00
-6.799999999999997158e-01 5.928792232569852771e+00
-6.749999999999997113e-01 5.932881897240539715e+00
-6.699999999999997069e-01 5.936973198573545218e+00
-6.649999999999997025e-01 5.941066120370427583e+00
-6.599999999999996980e-01 5.945160667152739720e+00
-6.549999999999996936e-01 5.949256844087207341e+00
-6.499999999999996891e-01 5.953354646538704387e+00
-6.449999999999996847e-01 5.957454089155438837e+00
-6.399999999999996803e-01 5.961555156827065716e+00
-6.349999999999996758e-01 5.965657853731121563e+00
-6.299999999999996714e-01 5.969762185327644133e+00
-6.249999999999996669e-01 5.973868149506719405e+00
-6.199999999999996625e-01 5.977975729993962872e+00
-6.149999999999996581e-01 5.982084956771549500e+00
-6.099999999999996536e-01 5.986195803391373360e+00
-6.049999999999996492e-01 5.990308296850079373e+00
-5.999999999999996447e-01 5.994422412500588493e+00
-5.949999999999996403e-01 5.998538173004098084e+00
-5.899999999999996358e-01 6.002655551740039286e+00
-5.849999999999996314e-01 6.006774574759750962e+00
-5.799999999999996270e-01 6.010895232680999456e+00
-5.749999999999996225e-01 6.015017531051588762e+00
-5.699999999999996181e-01 6.019141457722716027e+00
-5.649999999999996136e-01 6.023267014783831641e+00
-5.599999999999996092e-01 6.027394218535581771e+00
-5.549999999999996048e-01 6.031523051513167033e+00
-5.499999999999996003e-01 6.035653526351515197e+00
-5.449999999999995959e-01 6.039785635312304279e+00
-5.399999999999995914e-01 6.043919384800991779e+00
-5.349999999999995870e-01 6.048054769093218042e+00
-5.299999999999995826e-01 6.052191793989967650e+00
-5.249999999999995781e-01 6.056330469983512543e+00
-5.199999999999995737e-01 6.060470769820843984e+00
-5.149999999999995692e-01 6.064612718534666769e+00
-5.099999999999995648e-01 6.068756306596204908e+00
-5.049999999999995604e-01 6.072901532105523970e+00
-4.999999999999995559e-01 6.077048399827694070e+00
-4.949999999999995515e-01 6.081196916596431024e+00
-4.899999999999995470e-01 6.085347065367235686e+00
-4.849999999999995426e-01 6.089498865014283169e+00
-4.799999999999995381e-01 6.093652296034369087e+00
-4.749999999999995337e-01 6.097807384704159617e+00
-4.699999999999995293e-01 6.101964107916804991e+00
-4.649999999999995248e-01 6.106122482965323783e+00
-4.599999999999995204e-01 6.110282504241885349e+00
-4.549999999999995159e-01 6.114444164336040544e+00
-4.499999999999995115e-01 6.118607471242247797e+00
-4.449999999999995071e-01 6.122772427374874482e+00
-4.399999999999995026e-01 6.126939030311595147e+00
-4.349999999999994982e-01 6.131107275789608124e+00
-4.299999999999994937e-01 6.135277177971223850e+00
-4.249999999999994893e-01 6.139448723822360066e+00
-4.199999999999994849e-01 6.143621913884052432e+00
-4.149999999999994804e-01 6.147796757303543913e+00
-4.099999999999994760e-01 6.151973242761945571e+00
-4.049999999999994715e-01 6.156151391745160240e+00
-3.999999999999994671e-01 6.160331179633734777e+00
-3.949999999999994627e-01 6.164512621059619946e+00
-3.899999999999994582e-01 6.168695715654129330e+00
-3.849999999999994538e-01 6.172880462661472833e+00
-3.799999999999994493e-01 6.177066855359234054e+00
-3.749999999999994449e-01 6.181254904904980307e+00
-3.699999999999994404e-01 6.185444609628993007e+00
-3.649999999999994360e-01 6.189635964190264517e+00
-3.599999999999994316e-01 6.193828979506255550e+00
-3.549999999999994271e-01 6.198023635542389442e+00
-3.499999999999994227e-01 6.202219958623535589e+00
-3.449999999999994182e-01 6.206417932762596124e+00
-3.399999999999994138e-01 6.210617567013022366e+00
-3.349999999999994094e-01 6.214818847824252757e+00
-3.299999999999994049e-01 6.219021791237613783e+00
-3.249999999999994005e-01 6.223226392614682467e+00
-3.199999999999993960e-01 6.227432649547798960e+00
-3.149999999999993916e-01 6.231640561133607648e+00
-3.099999999999993872e-01 6.235850136503207963e+00
-3.049999999999993827e-01 6.240061371514533661e+00
-2.999999999999993783e-01 6.244274262908978912e+00
-2.949999999999993738e-01 6.248488814329752117e+00
-2.899999999999993694e-01 6.252705026553107004e+00
-2.849999999999993650e-01 6.256922907495740205e+00
-2.799999999999993605e-01 6.261142435675955298e+00
-2.749999999999993561e-01 6.265363636982064222e+00
-2.699999999999993516e-01 6.269586493718369624e+00
-2.649999999999993472e-01 6.273811013754160726e+00
-2.599999999999993427e-01 6.278037199441845573e+00
-2.549999999999993383e-01 6.282265049975270799e+00
-2.499999999999993339e-01 6.286494559850401842e+00
-2.449999999999993294e-01 6.290725734221686238e+00
-2.399999999999993250e-01 6.294958571624382770e+00
-2.349999999999993205e-01 6.299193079368668791e+00
-2.299999999999993161e-01 6.303429256853595675e+00
-2.249999999999993117e-01 6.307667088749289164e+00
-2.199999999999993072e-01 6.311906604551685618e+00
-2.149999999999993028e-01 6.316147781236699288e+00
-2.099999999999992983e-01 6.320390616787070925e+00
-2.049999999999992939e-01 6.324635121511240854e+00
-1.999999999999992895e-01 6.328881309702941493e+00
-1.949999999999992850e-01 6.333129150996304801e+00
-1.899999999999992806e-01 6.337378672707322025e+00
-1.849999999999992761e-01 6.341629859107873912e+00
-1.799999999999992717e-01 6.345882721809251947e+00
-1.749999999999992673e-01 6.350137250705719438e+00
-1.699999999999992628e-01 6.354393450265282794e+00
-1.649999999999992584e-01 6.358651327208084680e+00
-1.599999999999992539e-01 6.362910874870598477e+00
-1.549999999999992495e-01 6.367172088076207714e+00
-1.499999999999992450e-01 6.371434981253818464e+00
-1.449999999999992406e-01 6.375699550903467738e+00
-1.399999999999992362e-01 6.379965794902167531e+00
-1.349999999999992317e-01 6.384233709629105746e+00
-1.299999999999992273e-01 6.388503303898309227e+00
-1.249999999999992228e-01 6.392774572295328639e+00
-1.199999999999992184e-01 6.397047514706818205e+00
-1.149999999999992140e-01 6.401322138365534542e+00
-1.099999999999992095e-01 6.405598441477158289e+00
-1.049999999999992051e-01 6.409876419600058384e+00
-9.999999999999920064e-02 6.414156079512926212e+00
-9.499999999999919620e-02 6.418437408123812915e+00
-8.999999999999919176e-02 6.422720433527578265e+00
-8.499999999999918732e-02 6.427005127239189264e+00
-7.999999999999918288e-02 6.431291495214813025e+00
-7.499999999999917843e-02 6.435579555271337071e+00
-6.999999999999917399e-02 6.439869292681313695e+00
-6.499999999999916955e-02 6.444160711092612459e+00
-5.999999999999916511e-02 6.448453819131108489e+00
-5.499999999999916067e-02 6.452748604711890934e+00
-4.999999999999915623e-02 6.457045074385822758e+00
-4.499999999999915179e-02 6.461343229371058428e+00
-3.999999999999914735e-02 6.465643069584379177e+00
-3.499999999999914291e-02 6.469944587059179852e+00
-2.999999999999913847e-02 6.474247801245004652e+00
-2.499999999999913403e-02 6.478552689047623048e+00
-1.999999999999912959e-02 6.482859275584550218e+00
-1.499999999999912514e-02 6.487167546551480868e+00
-9.999999999999120703e-03 6.491477505298538730e+00
-4.999999999999116262e-03 6.495789141411327350e+00
8.881784197001252323e-16 6.500102481198117843e+00
5.000000000000781597e-03 6.504417500674739117e+00
1.000000000000089706e-02 6.508734208420909439e+00
1.500000000000101252e-02 6.513052610282064947e+00
2.000000000000090594e-02 6.517372707572198109e+00
2.500000000000079936e-02 6.521694487802468743e+00
3.000000000000091482e-02 6.526017965541049293e+00
3.500000000000103029e-02 6.530343136371888235e+00
4.000000000000092371e-02 6.534669990491428493e+00
4.500000000000081712e-02 6.538998543638930627e+00
5.000000000000093259e-02 6.543328794030534468e+00
5.500000000000104805e-02 6.547660737410941678e+00
6.000000000000094147e-02 6.551994368205745545e+00
6.500000000000083489e-02 6.556329706179857553e+00
7.000000000000095035e-02 6.560666728580676121e+00
7.500000000000106581e-02 6.565005451266946679e+00
8.000000000000095923e-02 6.569345871867616538e+00
8.500000000000085265e-02 6.573687994742462237e+00
9.000000000000096811e-02 6.578031804824339801e+00
9.500000000000108358e-02 6.582377326176091614e+00
1.000000000000009770e-01 6.586724534723165547e+00
1.050000000000008704e-01 6.591073445905939465e+00
1.100000000000009859e-01 6.595424058726583993e+00
1.150000000000011013e-01 6.599776376068879458e+00
1.200000000000009948e-01 6.604130387741255603e+00
1.250000000000008882e-01 6.608486100012973097e+00
1.300000000000010036e-01 6.612843522370971172e+00
1.350000000000011191e-01 6.617202642111768895e+00
1.400000000000010125e-01 6.621563471010707858e+00
1.450000000000009059e-01 6.625925995569522442e+00
1.500000000000010214e-01 6.630290226798100761e+00
1.550000000000011369e-01 6.634656165296595631e+00
1.600000000000010303e-01 6.639023801343077125e+00
1.650000000000009237e-01 6.643393157979707198e+00
1.700000000000010392e-01 6.647764212413070695e+00
1.750000000000011546e-01 6.652136969881516038e+00
1.800000000000010481e-01 6.656511438377568979e+00
1.850000000000009415e-01 6.660887618634736995e+00
1.900000000000010569e-01 6.665265512545451188e+00
1.950000000000011724e-01 6.669645104175591754e+00
2.000000000000010658e-01 6.674026404281297786e+00
2.050000000000009592e-01 6.678409419221528864e+00
2.100000000000010747e-01 6.682794144429712091e+00
2.150000000000011902e-01 6.687180583331914008e+00
2.200000000000010836e-01 6.691568729731860898e+00
2.250000000000009770e-01 6.695958591681081984e+00
2.300000000000010925e-01 6.700350168126496087e+00
2.350000000000012079e-01 6.704743447826976066e+00
2.400000000000011013e-01 6.709138451749671717e+00
2.450000000000009948e-01 6.713535164644175879e+00
2.500000000000011102e-01 6.717933594878749304e+00
2.550000000000012257e-01 6.722333745114005055e+00
2.600000000000011191e-01 6.726735606977475967e+00
2.650000000000010125e-01 6.731139185942614844e+00
2.700000000000011280e-01 6.735544491485446983e+00
2.750000000000012434e-01 6.739951500284368180e+00
2.800000000000011369e-01 6.744360231096683478e+00
2.850000000000010303e-01 6.748770689979059156e+00
2.900000000000011458e-01 6.753182857997066080e+00
2.950000000000012612e-01 6.757596746376028918e+00
3.000000000000011546e-01 6.762012359429908415e+00
3.050000000000010481e-01 6.766429694389179517e+00
3.100000000000011635e-01 6.770848750282956630e+00
3.150000000000012790e-01 6.775269525655138736e+00
3.200000000000011724e-01 6.779692028844428009e+00
3.250000000000010658e-01 6.784116246802645023e+00
3.300000000000011813e-01 6.788542204644690159e+00
3.350000000000012967e-01 6.792969880345898659e+00
3.400000000000011902e-01 6.797399270768854862e+00
3.450000000000010836e-01 6.801830400036314117e+00
3.500000000000011990e-01 6.806263249105617419e+00
3.550000000000013145e-01 6.810697824033089987e+00
3.600000000000012079e-01 6.815134129405882035e+00
3.650000000000011013e-01 6.819572161458344439e+00
3.700000000000012168e-01 6.824011924629607151e+00
3.750000000000013323e-01 6.828453411729546119e+00
3.800000000000012257e-01 6.832896636967538129e+00
3.850000000000011191e-01 6.837341578504569028e+00
3.900000000000012346e-01 6.841788262261692566e+00
3.950000000000013500e-01 6.846236673032498388e+00
4.000000000000012434e-01 6.850686816292940406e+00
4.050000000000011369e-01 6.855138693745137957e+00
4.100000000000012523e-01 6.859592303121038626e+00
4.150000000000013678e-01 6.864047646560228699e+00
4.200000000000012612e-01 6.868504727988542058e+00
4.250000000000011546e-01 6.872963542780516022e+00
4.300000000000012701e-01 6.877424083088348183e+00
4.350000000000013856e-01 6.881886372589027800e+00
4.400000000000012790e-01 6.886350385576596622e+00
4.450000000000011724e-01 6.890816147715517204e+00
4.500000000000012879e-01 6.895283640059991725e+00
4.550000000000014033e-01 6.899752874566464911e+00
4.600000000000012967e-01 6.904223849708008842e+00
4.650000000000011902e-01 6.908696561671794356e+00
4.700000000000013056e-01 6.913171015602150860e+00
4.750000000000014211e-01 6.917647207963645073e+00
4.800000000000013145e-01 6.922125142562739697e+00
4.850000000000012079e-01 6.926604818735276226e+00
4.900000000000013234e-01 6.931086234727748874e+00
4.950000000000014388e-01 6.935569403493294871e+00
5.000000000000013323e-01 6.940054299518768843e+00
5.050000000000012257e-01 6.944540946693186001e+00
5.100000000000013411e-01 6.949029343255309854e+00
5.150000000000014566e-01 6.953519485372529729e+00
5.200000000000013500e-01 6.958011370958578468e+00
5.250000000000012434e-01 6.962505006245086392e+00
5.300000000000013589e-01 6.967000378337464994e+00
5.350000000000014744e-01 6.971497510390880947e+00
5.400000000000013678e-01 6.975996380555747223e+00
5.450000000000012612e-01 6.980497015394766080e+00
5.500000000000013767e-01 6.984999381448423250e+00
5.550000000000014921e-01 6.989503506654690668e+00
5.600000000000013856e-01 6.994009381645318157e+00
5.650000000000012790e-01 6.998517005073344066e+00
5.700000000000013944e-01 7.003026387785515894e+00
5.750000000000015099e-01 7.007537516532655886e+00
5.800000000000014033e-01 7.012050398868344914e+00
5.850000000000012967e-01 7.016565033949254016e+00
5.900000000000014122e-01 7.021081429150020981e+00
5.950000000000015277e-01 7.025599576942758162e+00
6.000000000000014211e-01 7.030119475378077354e+00
6.050000000000013145e-01 7.034641133377780520e+00
6.100000000000014300e-01 7.039164552997780433e+00
6.150000000000015454e-01 7.043689725998964590e+00
6.200000000000014388e-01 7.048216654881874987e+00
6.250000000000013323e-01 7.052745342449119548e+00
6.300000000000014477e-01 7.057275794118217149e+00
6.350000000000015632e-01 7.061807994574072822e+00
6.400000000000014566e-01 7.066341964821125643e+00
6.450000000000013500e-01 7.070877697115482974e+00
6.500000000000014655e-01 7.075415187196616884e+00
6.550000000000015810e-01 7.079954445308052513e+00
6.600000000000014744e-01 7.084495463356082823e+00
6.650000000000013678e-01 7.089038240599128571e+00
6.700000000000014833e-01 7.093582781215863164e+00
6.750000000000015987e-01 7.098129085637500779e+00
6.800000000000014921e-01 7.102677161004598005e+00
6.850000000000013856e-01 7.107227002706812513e+00
6.900000000000015010e-01 7.111778612503107055e+00
6.950000000000016165e-01 7.116331981564107068e+00
7.000000000000015099e-01 7.120887119672223875e+00
7.050000000000014033e-01 7.125444037009364351e+00
7.100000000000015188e-01 7.130002709432764263e+00
7.150000000000016342e-01 7.134563158272007044e+00
7.200000000000015277e-01 7.139125387253292487e+00
7.250000000000014211e-01 7.143689367501300680e+00
7.300000000000015365e-01 7.148255134354561946e+00
7.350000000000016520e-01 7.152822667077733954e+00
7.400000000000015454e-01 7.157391964022243869e+00
7.450000000000014388e-01 7.161963051876304220e+00
7.500000000000015543e-01 7.166535905368922599e+00
7.550000000000016698e-01 7.171110532718861563e+00
7.600000000000015632e-01 7.175686940134104574e+00
7.650000000000014566e-01 7.180265121022747721e+00
7.700000000000015721e-01 7.184845074558628752e+00
7.750000000000016875e-01 7.189426808971878913e+00
7.800000000000015810e-01 7.194010317183787251e+00
7.850000000000014744e-01 7.198595608718695971e+00
7.900000000000015898e-01 7.203182672875035664e+00
7.950000000000017053e-01 7.207771524036010291e+00
8.000000000000015987e-01 7.212362158475078999e+00
8.050000000000014921e-01 7.216954567958358879e+00
8.100000000000016076e-01 7.221548755676129971e+00
8.150000000000017231e-01 7.226144730816335127e+00
8.200000000000016165e-01 7.230742491197323929e+00
8.250000000000015099e-01 7.235342031229341941e+00
8.300000000000016254e-01 7.239943348659911848e+00
8.350000000000017408e-01 7.244546452359562849e+00
8.400000000000016342e-01 7.249151357560853270e+00
8.450000000000015277e-01 7.253758036467464976e+00
8.500000000000016431e-01 7.258366507084096142e+00
8.550000000000017586e-01 7.262976760964155787e+00
8.600000000000016520e-01 7.267588802798362835e+00
8.650000000000015454e-01 7.272202641388011202e+00
8.700000000000016609e-01 7.276818260099579661e+00
8.750000000000017764e-01 7.281435668186722054e+00
8.800000000000016698e-01 7.286054871246809839e+00
8.850000000000015632e-01 7.290675864203043588e+00
8.900000000000016787e-01 7.295298653912217546e+00
8.950000000000017941e-01 7.299923234863703314e+00
9.000000000000016875e-01 7.304549597099443403e+00
9.050000000000015810e-01 7.309177767978061624e+00
9.100000000000016964e-01 7.313807726642229667e+00
9.150000000000018119e-01 7.318439482334232693e+00
9.200000000000017053e-01 7.323073031250450171e+00
9.250000000000015987e-01 7.327708375949859132e+00
9.300000000000017142e-01 7.332345522145109484e+00
9.350000000000018296e-01 7.336984463558414049e+00
9.400000000000017231e-01 7.341625203946099631e+00
9.450000000000016165e-01 7.346267750799219343e+00
9.500000000000017319e-01 7.350912090255368625e+00
9.550000000000018474e-01 7.355558231423023230e+00
9.600000000000017408e-01 7.360206168130579485e+00
9.650000000000016342e-01 7.364855915310576151e+00
9.700000000000017497e-01 7.369507457510925619e+00
9.750000000000018652e-01 7.374160809314693310e+00
9.800000000000017586e-01 7.378815962029269926e+00
9.850000000000016520e-01 7.383472920844118548e+00
9.900000000000017675e-01 7.388131684973890501e+00
9.950000000000018829e-01 7.392792253193723795e+00
1.000000000000001776e+00 7.397454631366562339e+00
