-1.000000000000000000e+00 9.078544080474557632e-01
-9.949999999999999956e-01 9.036470195358106139e-01
-9.899999999999999911e-01 8.994393763406378639e-01
-9.849999999999999867e-01 8.952314855939675908e-01
-9.799999999999999822e-01 8.910233452313605085e-01
-9.749999999999999778e-01 8.868149530724167562e-01
-9.699999999999999734e-01 8.826063125234213658e-01
-9.649999999999999689e-01 8.783974194241181976e-01
-9.599999999999999645e-01 8.741882813719712431e-01
-9.549999999999999600e-01 8.699788886191299753e-01
-9.499999999999999556e-01 8.657692459681811670e-01
-9.449999999999999512e-01 8.615593533337460030e-01
-9.399999999999999467e-01 8.573492074849582423e-01
-9.349999999999999423e-01 8.531388195705176258e-01
-9.299999999999999378e-01 8.489281755917090777e-01
-9.249999999999999334e-01 8.447172857651139566e-01
-9.199999999999999289e-01 8.405061429594979927e-01
-9.149999999999999245e-01 8.362947537249283414e-01
-9.099999999999999201e-01 8.320831157612929019e-01
-9.049999999999999156e-01 8.278712213566450373e-01
-8.999999999999999112e-01 8.236590864307800075e-01
-8.949999999999999067e-01 8.194466992543993911e-01
-8.899999999999999023e-01 8.152340609628936363e-01
-8.849999999999998979e-01 8.110211703032064179e-01
-8.799999999999998934e-01 8.068080327180950917e-01
-8.749999999999998890e-01 8.025946452085008787e-01
-8.699999999999998845e-01 7.983810169999969730e-01
-8.649999999999998801e-01 7.941671264675278508e-01
-8.599999999999998757e-01 7.899529994834892932e-01
-8.549999999999998712e-01 7.857386207082299734e-01
-8.499999999999998668e-01 7.815239812641721073e-01
-8.449999999999998623e-01 7.773091035890047351e-01
-8.399999999999998579e-01 7.730939759545663037e-01
-8.349999999999998535e-01 7.688786022682734256e-01
-8.299999999999998490e-01 7.646629723578826088e-01
-8.249999999999998446e-01 7.604471006458197735e-01
-8.199999999999998401e-01 7.562309725034310759e-01
-8.149999999999998357e-01 7.520146041981661256e-01
-8.099999999999998312e-01 7.477979835903170169e-01
-8.049999999999998268e-01 7.435811150144218118e-01
-7.999999999999998224e-01 7.393639981476098910e-01
-7.949999999999998179e-01 7.351466283598711016e-01
-7.899999999999998135e-01 7.309290167950166506e-01
-7.849999999999998090e-01 7.267111576580873589e-01
-7.799999999999998046e-01 7.224930437579359932e-01
-7.749999999999998002e-01 7.182746845497831600e-01
-7.699999999999997957e-01 7.140560821546841908e-01
-7.649999999999997913e-01 7.098372255391041108e-01
-7.599999999999997868e-01 7.056181236923748656e-01
-7.549999999999997824e-01 7.013987707605338073e-01
-7.499999999999997780e-01 6.971791737546482182e-01
-7.449999999999997735e-01 6.929593263542983550e-01
-7.399999999999997691e-01 6.887392363269100315e-01
-7.349999999999997646e-01 6.845188979337990531e-01
-7.299999999999997602e-01 6.802983082905029733e-01
-7.249999999999997558e-01 6.760774677696872459e-01
-7.199999999999997513e-01 6.718563862924611385e-01
-7.149999999999997469e-01 6.676350529971841752e-01
-7.099999999999997424e-01 6.634134761740142494e-01
-7.049999999999997380e-01 6.591916521801977069e-01
-6.999999999999997335e-01 6.549695723082322729e-01
-6.949999999999997291e-01 6.507472524142485781e-01
-6.899999999999997247e-01 6.465246830349542506e-01
-6.849999999999997202e-01 6.423018704217611230e-01
-6.799999999999997158e-01 6.380788060990880695e-01
-6.749999999999997113e-01 6.338555001032091241e-01
-6.699999999999997069e-01 6.296319374577024064e-01
-6.649999999999997025e-01 6.254081344665110009e-01
-6.599999999999996980e-01 6.211840872520042467e-01
-6.549999999999996936e-01 6.169597894132721194e-01
-6.499999999999996891e-01 6.127352539746198090e-01
-6.449999999999996847e-01 6.085104593038295206e-01
-6.399999999999996803e-01 6.042854212570318850e-01
-6.349999999999996758e-01 6.000601380513899130e-01
-6.299999999999996714e-01 5.958346032482495502e-01
-6.249999999999996669e-01 5.916088247282687007e-01
-6.199999999999996625e-01 5.873828087413812682e-01
-6.149999999999996581e-01 5.831565336554831447e-01
-6.099999999999996536e-01 5.789300232420373504e-01
-6.049999999999996492e-01 5.747032556357680733e-01
-5.999999999999996447e-01 5.704762511145418102e-01
-5.949999999999996403e-01 5.662489915391688555e-01
-5.899999999999996358e-01 5.620214982351399158e-01
-5.849999999999996314e-01 5.577937491037801010e-01
-5.799999999999996270e-01 5.535657552262591707e-01
-5.749999999999996225e-01 5.493375102198569948e-01
-5.699999999999996181e-01 5.451090284252586571e-01
-5.649999999999996136e-01 5.408803007817368780e-01
-5.599999999999996092e-01 5.366513200344797951e-01
-5.549999999999996048e-01 5.324220986015006929e-01
-5.499999999999996003e-01 5.281926317304623808e-01
-5.449999999999995959e-01 5.239629207213738482e-01
-5.399999999999995914e-01 5.197329577372329368e-01
-5.349999999999995870e-01 5.155027558929532461e-01
-5.299999999999995826e-01 5.112723060133248509e-01
-5.249999999999995781e-01 5.070416039252449991e-01
-5.199999999999995737e-01 5.028106670528131872e-01
-5.149999999999995692e-01 4.985794784196286855e-01
-5.099999999999995648e-01 4.943480474735224561e-01
-5.049999999999995604e-01 4.901163727784023649e-01
-4.999999999999995559e-01 4.858844518201976825e-01
-4.949999999999995515e-01 4.816522791448960561e-01
-4.899999999999995470e-01 4.774198708474841624e-01
-4.849999999999995426e-01 4.731872107513481751e-01
-4.799999999999995381e-01 4.689543162551217392e-01
-4.749999999999995337e-01 4.647211643845139406e-01
-4.699999999999995293e-01 4.604877750649620793e-01
-4.649999999999995248e-01 4.562541368478605364e-01
-4.599999999999995204e-01 4.520202532428356790e-01
-4.549999999999995159e-01 4.477861268882179502e-01
-4.499999999999995115e-01 4.435517593137774384e-01
-4.449999999999995071e-01 4.393171409337810474e-01
-4.399999999999995026e-01 4.350822806125052011e-01
-4.349999999999994982e-01 4.308471793576700293e-01
-4.299999999999994937e-01 4.266118243220944350e-01
-4.249999999999994893e-01 4.223762297831399337e-01
-4.199999999999994849e-01 4.181403966313155252e-01
-4.149999999999994804e-01 4.139043120195537995e-01
-4.099999999999994760e-01 4.096679916805214816e-01
-4.049999999999994715e-01 4.054314156071541220e-01
-3.999999999999994671e-01 4.011946025590304998e-01
-3.949999999999994627e-01 3.969575459168481757e-01
-3.899999999999994582e-01 3.927202432516878616e-01
-3.849999999999994538e-01 3.884826949291664278e-01
-3.799999999999994493e-01 3.842449079490961594e-01
-3.749999999999994449e-01 3.800068715022462129e-01
-3.699999999999994404e-01 3.757685959640184592e-01
-3.649999999999994360e-01 3.715300757623936079e-01
-3.599999999999994316e-01 3.672913068384104918e-01
-3.549999999999994271e-01 3.630523045736708809e-01
-3.499999999999994227e-01 3.588130498919781530e-01
-3.449999999999994182e-01 3.545735516545391874e-01
-3.399999999999994138e-01 3.503338102275392885e-01
-3.349999999999994094e-01 3.460938328414613352e-01
-3.299999999999994049e-01 3.418536043290032467e-01
-3.249999999999994005e-01 3.376131348192075166e-01
-3.199999999999993960e-01 3.333724227406946738e-01
-3.149999999999993916e-01 3.291314737862194306e-01
-3.099999999999993872e-01 3.248902723563560357e-01
-3.049999999999993827e-01 3.206488289996514141e-01
-2.999999999999993783e-01 3.164071424508847485e-01
-2.949999999999993738e-01 3.121652187775225684e-01
-2.899999999999993694e-01 3.079230491442785933e-01
-2.849999999999993650e-01 3.036806297244538655e-01
-2.799999999999993605e-01 2.994379762462813233e-01
-2.749999999999993561e-01 2.951950733570356533e-01
-2.699999999999993516e-01 2.909519330598868692e-01
-2.649999999999993472e-01 2.867085513518077278e-01
-2.599999999999993427e-01 2.824649235311653683e-01
-2.549999999999993383e-01 2.782210508324851617e-01
-2.499999999999993339e-01 2.739769404869321079e-01
-2.449999999999993294e-01 2.697325889553212619e-01
-2.399999999999993250e-01 2.654879943881951476e-01
-2.349999999999993205e-01 2.612431543529964983e-01
-2.299999999999993161e-01 2.569980696180209634e-01
-2.249999999999993117e-01 2.527527516041345734e-01
-2.199999999999993072e-01 2.485071784960837249e-01
-2.149999999999993028e-01 2.442613694544206737e-01
-2.099999999999992983e-01 2.400153247247089894e-01
-2.049999999999992939e-01 2.357690366933411497e-01
-1.999999999999992895e-01 2.315224946027001351e-01
-1.949999999999992850e-01 2.272757247159233884e-01
-1.899999999999992806e-01 2.230287046919556815e-01
-1.849999999999992761e-01 2.187814463590029845e-01
-1.799999999999992717e-01 2.145339416355227513e-01
-1.749999999999992673e-01 2.102862012438890815e-01
-1.699999999999992628e-01 2.060382162295582020e-01
-1.649999999999992584e-01 2.017899902124327127e-01
-1.599999999999992539e-01 1.975415214805025244e-01
-1.549999999999992495e-01 1.932928170630248133e-01
-1.499999999999992450e-01 1.890438677606880447e-01
-1.449999999999992406e-01 1.847946735855430234e-01
-1.399999999999992362e-01 1.805452409024610461e-01
-1.349999999999992317e-01 1.762955661708929256e-01
-1.299999999999992273e-01 1.720456481783685376e-01
-1.249999999999992228e-01 1.677954951987885579e-01
-1.199999999999992184e-01 1.635451007234678400e-01
-1.149999999999992140e-01 1.592944580662560838e-01
-1.099999999999992095e-01 1.550435773660865379e-01
-1.049999999999992051e-01 1.507924570591967495e-01
-9.999999999999920064e-02 1.465410940112406024e-01
-9.499999999999919620e-02 1.422894979517650427e-01
-8.999999999999919176e-02 1.380376456062322177e-01
-8.499999999999918732e-02 1.337855628275974595e-01
-7.999999999999918288e-02 1.295332446765087298e-01
-7.499999999999917843e-02 1.252806782973721056e-01
-6.999999999999917399e-02 1.210278737673888827e-01
-6.499999999999916955e-02 1.167748292322130510e-01
-5.999999999999916511e-02 1.125215390545690752e-01
-5.499999999999916067e-02 1.082680113894411988e-01
-4.999999999999915623e-02 1.040142453139196732e-01
-4.499999999999915179e-02 9.976023821650414902e-02
-3.999999999999914735e-02 9.550598952193922742e-02
-3.499999999999914291e-02 9.125150412728544325e-02
-2.999999999999913847e-02 8.699677121228432952e-02
-2.499999999999913403e-02 8.274181139006486774e-02
-1.999999999999912959e-02 7.848659696014692599e-02
-1.499999999999912514e-02 7.423114853509105160e-02
-9.999999999999120703e-03 6.997545884485134593e-02
-4.999999999999116262e-03 6.571953656941786903e-02
8.881784197001252323e-16 6.146336343772418331e-02
5.000000000000781597e-03 5.720696017795035004e-02
1.000000000000089706e-02 5.295031440596176253e-02
1.500000000000101252e-02 4.869342616166250082e-02
2.000000000000090594e-02 4.443629559079909086e-02
2.500000000000079936e-02 4.017893503214509110e-02
3.000000000000091482e-02 3.592132807580128429e-02
3.500000000000103029e-02 3.166348089769144281e-02
4.000000000000092371e-02 2.740540130321278411e-02
4.500000000000081712e-02 2.314707713105690345e-02
5.000000000000093259e-02 1.888851054070528335e-02
5.500000000000104805e-02 1.462970898796811525e-02
6.000000000000094147e-02 1.037067131244384655e-02
6.500000000000083489e-02 6.111386169322940987e-03
7.000000000000095035e-02 1.851870617770146055e-03
7.500000000000106581e-02 -2.407887096410377126e-03
8.000000000000095923e-02 -6.667883709042143892e-03
8.500000000000085265e-02 -1.092812195099668315e-02
9.000000000000096811e-02 -1.518858982831261528e-02
9.500000000000108358e-02 -1.944931213324707642e-02
1.000000000000009770e-01 -2.371025929244297004e-02
1.050000000000008704e-01 -2.797145103454568016e-02
1.100000000000009859e-01 -3.223287944047115161e-02
1.150000000000011013e-01 -3.649455207334995066e-02
1.200000000000009948e-01 -4.075645594946308847e-02
1.250000000000008882e-01 -4.501859775916727813e-02
1.300000000000010036e-01 -4.928098413631687436e-02
1.350000000000011191e-01 -5.354360622914100531e-02
1.400000000000010125e-01 -5.780646910000086791e-02
1.450000000000009059e-01 -6.206956593541690381e-02
1.500000000000010214e-01 -6.633290045840567473e-02
1.550000000000011369e-01 -7.059647924359069293e-02
1.600000000000010303e-01 -7.486028616619933018e-02
1.650000000000009237e-01 -7.912434357444908528e-02
1.700000000000010392e-01 -8.338862998823515227e-02
1.750000000000011546e-01 -8.765315350808577932e-02
1.800000000000010481e-01 -9.191791741716315300e-02
1.850000000000009415e-01 -9.618292401603412145e-02
1.900000000000010569e-01 -1.004481682867890413e-01
1.950000000000011724e-01 -1.047136462115076938e-01
2.000000000000010658e-01 -1.089793580225659753e-01
2.050000000000009592e-01 -1.132453142535041479e-01
2.100000000000010747e-01 -1.175115005261204715e-01
2.150000000000011902e-01 -1.217779297043080078e-01
2.200000000000010836e-01 -1.260445931134199782e-01
2.250000000000009770e-01 -1.303114954680495430e-01
2.300000000000010925e-01 -1.345786404926911928e-01
2.350000000000012079e-01 -1.388460126461268374e-01
2.400000000000011013e-01 -1.431136302634286039e-01
2.450000000000009948e-01 -1.473814791992253959e-01
2.500000000000011102e-01 -1.516495690004830976e-01
2.550000000000012257e-01 -1.559178985606877177e-01
2.600000000000011191e-01 -1.601864579275797951e-01
2.650000000000010125e-01 -1.644552591493493310e-01
2.700000000000011280e-01 -1.687243014711157230e-01
2.750000000000012434e-01 -1.729935710973222740e-01
2.800000000000011369e-01 -1.772630789135973828e-01
2.850000000000010303e-01 -1.815328301016734258e-01
2.900000000000011458e-01 -1.858028129048534538e-01
2.950000000000012612e-01 -1.900730325621680095e-01
3.000000000000011546e-01 -1.943434898905707087e-01
3.050000000000010481e-01 -1.986141855311416293e-01
3.100000000000011635e-01 -2.028851151787876006e-01
3.150000000000012790e-01 -2.071562787180027954e-01
3.200000000000011724e-01 -2.114276843583411392e-01
3.250000000000010658e-01 -2.156993220902450048e-01
3.300000000000011813e-01 -2.199712019264552509e-01
3.350000000000012967e-01 -2.242433160113250779e-01
3.400000000000011902e-01 -2.285156583834577759e-01
3.450000000000010836e-01 -2.327882472884539311e-01
3.500000000000011990e-01 -2.370610648332558412e-01
3.550000000000013145e-01 -2.413341186166917396e-01
3.600000000000012079e-01 -2.456074138207213764e-01
3.650000000000011013e-01 -2.498809421258556540e-01
3.700000000000012168e-01 -2.541547049899008925e-01
3.750000000000013323e-01 -2.584287038120010038e-01
3.800000000000012257e-01 -2.627029435446956995e-01
3.850000000000011191e-01 -2.669774102788551318e-01
3.900000000000012346e-01 -2.712521158920253583e-01
3.950000000000013500e-01 -2.755270572458812239e-01
4.000000000000012434e-01 -2.798022341102068822e-01
4.050000000000011369e-01 -2.840776510302021052e-01
4.100000000000012523e-01 -2.883532964254982289e-01
4.150000000000013678e-01 -2.926291801381921687e-01
4.200000000000012612e-01 -2.969053018231306851e-01
4.250000000000011546e-01 -3.011816585737960850e-01
4.300000000000012701e-01 -3.054582437601993661e-01
4.350000000000013856e-01 -3.097350708320618651e-01
4.400000000000012790e-01 -3.140121289682156203e-01
4.450000000000011724e-01 -3.182894246918976933e-01
4.500000000000012879e-01 -3.225669550989778145e-01
4.550000000000014033e-01 -3.268447196703618829e-01
4.600000000000012967e-01 -3.311227195748642771e-01
4.650000000000011902e-01 -3.354009536544708681e-01
4.700000000000013056e-01 -3.396794226133579286e-01
4.750000000000014211e-01 -3.439581250597711914e-01
4.800000000000013145e-01 -3.482370643754393313e-01
4.850000000000012079e-01 -3.525162382391044957e-01
4.900000000000013234e-01 -3.567956456075762617e-01
4.950000000000014388e-01 -3.610752906791958594e-01
5.000000000000013323e-01 -3.653551643208174937e-01
5.050000000000012257e-01 -3.696352710983319412e-01
5.100000000000013411e-01 -3.739156206837606078e-01
5.150000000000014566e-01 -3.781962002741465767e-01
5.200000000000013500e-01 -3.824770143988871496e-01
5.250000000000012434e-01 -3.867580598636095601e-01
5.300000000000013589e-01 -3.910393434852039718e-01
5.350000000000014744e-01 -3.953208623026966961e-01
5.400000000000013678e-01 -3.996026095131810507e-01
5.450000000000012612e-01 -4.038845988027333078e-01
5.500000000000013767e-01 -4.081668132400864124e-01
5.550000000000014921e-01 -4.124492626124265371e-01
5.600000000000013856e-01 -4.167319528646658000e-01
5.650000000000012790e-01 -4.210148710246812698e-01
5.700000000000013944e-01 -4.252980198938303147e-01
5.750000000000015099e-01 -4.295814097843049240e-01
5.800000000000014033e-01 -4.338650294695298726e-01
5.850000000000012967e-01 -4.381488815186003194e-01
5.900000000000014122e-01 -4.424329716454167283e-01
5.950000000000015277e-01 -4.467172891479549435e-01
6.000000000000014211e-01 -4.510018435237270751e-01
6.050000000000013145e-01 -4.552866307642489119e-01
6.100000000000014300e-01 -4.595716543715298030e-01
6.150000000000015454e-01 -4.638569066721629497e-01
6.200000000000014388e-01 -4.681423923894953987e-01
6.250000000000013323e-01 -4.724281142688369073e-01
6.300000000000014477e-01 -4.767140692930524892e-01
6.350000000000015632e-01 -4.810002513020208426e-01
6.400000000000014566e-01 -4.852866689783468246e-01
6.450000000000013500e-01 -4.895733244861730782e-01
6.500000000000014655e-01 -4.938602069502167069e-01
6.550000000000015810e-01 -4.981473305248300676e-01
6.600000000000014744e-01 -5.024346795056544579e-01
6.650000000000013678e-01 -5.067222606544419250e-01
6.700000000000014833e-01 -5.110100772994883300e-01
6.750000000000015987e-01 -5.152981220594483602e-01
6.800000000000014921e-01 -5.195864020466842703e-01
6.850000000000013856e-01 -5.238749206480406428e-01
6.900000000000015010e-01 -5.281636658836532661e-01
6.950000000000016165e-01 -5.324526364847770310e-01
7.000000000000015099e-01 -5.367418468977120938e-01
7.050000000000014033e-01 -5.410312950389197795e-01
7.100000000000015188e-01 -5.453209623517523141e-01
7.150000000000016342e-01 -5.496108710243561291e-01
7.200000000000015277e-01 -5.539010160636053115e-01
7.250000000000014211e-01 -5.581913814162362542e-01
7.300000000000015365e-01 -5.624819859534682109e-01
7.350000000000016520e-01 -5.667728201995032578e-01
7.400000000000015454e-01 -5.710638867858506273e-01
7.450000000000014388e-01 -5.753551846202071829e-01
7.500000000000015543e-01 -5.796467154017364010e-01
7.550000000000016698e-01 -5.839384753029435160e-01
7.600000000000015632e-01 -5.882304755112954808e-01
7.650000000000014566e-01 -5.925226981125888415e-01
7.700000000000015721e-01 -5.968151553437337498e-01
7.750000000000016875e-01 -6.011078406983187961e-01
7.800000000000015810e-01 -6.054007608837537191e-01
7.850000000000014744e-01 -6.096939166122865572e-01
7.900000000000015898e-01 -6.139872947421736171e-01
7.950000000000017053e-01 -6.182809077439515022e-01
8.000000000000015987e-01 -6.225747548751314753e-01
8.050000000000014921e-01 -6.268688304447778137e-01
8.100000000000016076e-01 -6.311631353985376336e-01
8.150000000000017231e-01 -6.354576755719563153e-01
8.200000000000016165e-01 -6.397524435865307169e-01
8.250000000000015099e-01 -6.440474420761574947e-01
8.300000000000016254e-01 -6.483426757705501586e-01
8.350000000000017408e-01 -6.526381320788914309e-01
8.400000000000016342e-01 -6.569338287512209718e-01
8.450000000000015277e-01 -6.612297527241253192e-01
8.500000000000016431e-01 -6.655259093421364014e-01
8.550000000000017586e-01 -6.698222874447310460e-01
8.600000000000016520e-01 -6.741189042772930406e-01
8.650000000000015454e-01 -6.784157563620283327e-01
8.700000000000016609e-01 -6.827128294546582765e-01
8.750000000000017764e-01 -6.870101362021614477e-01
8.800000000000016698e-01 -6.913076741747090637e-01
8.850000000000015632e-01 -6.956054383246055295e-01
8.900000000000016787e-01 -6.999034400770369757e-01
8.950000000000017941e-01 -7.042016700187332390e-01
9.000000000000016875e-01 -7.085001219378455062e-01
9.050000000000015810e-01 -7.127988127310800337e-01
9.100000000000016964e-01 -7.170977308898045521e-01
9.150000000000018119e-01 -7.213968787596058974e-01
9.200000000000017053e-01 -7.256962575791021663e-01
9.250000000000015987e-01 -7.299958604394305439e-01
9.300000000000017142e-01 -7.342957033059747118e-01
9.350000000000018296e-01 -7.385957632626514169e-01
9.400000000000017231e-01 -7.428960618054816223e-01
9.450000000000016165e-01 -7.471965913269968951e-01
9.500000000000017319e-01 -7.514973474790167529e-01
9.550000000000018474e-01 -7.557983337720770578e-01
9.600000000000017408e-01 -7.600995496416089736e-01
9.650000000000016342e-01 -7.644009949316341590e-01
9.700000000000017497e-01 -7.687026700089063525e-01
9.750000000000018652e-01 -7.730045753002059428e-01
9.800000000000017586e-01 -7.773067063411644995e-01
9.850000000000016520e-01 -7.816090694371951031e-01
9.900000000000017675e-01 -7.859116649561883605e-01
9.950000000000018829e-01 -7.902144820317289486e-01
1.000000000000001776e+00 -7.945175371778532281e-01
