-1.000000000000000000e+00 2.197014578521945705e+00
-9.949999999999999956e-01 2.163589638122010772e+00
-9.899999999999999911e-01 2.130317134973234605e+00
-9.849999999999999867e-01 2.097197069075614984e+00
-9.799999999999999822e-01 2.064229440429155460e+00
-9.749999999999999778e-01 2.031414249033853370e+00
-9.699999999999999734e-01 1.998751494889710045e+00
-9.649999999999999689e-01 1.966241177996725042e+00
-9.599999999999999645e-01 1.933883298354897917e+00
-9.549999999999999600e-01 1.901677855964228891e+00
-9.499999999999999556e-01 1.869624850824719742e+00
-9.449999999999999512e-01 1.837724282936367137e+00
-9.399999999999999467e-01 1.805976152299173743e+00
-9.349999999999999423e-01 1.774380458913139114e+00
-9.299999999999999378e-01 1.742937202778261918e+00
-9.249999999999999334e-01 1.711646383894544377e+00
-9.199999999999999289e-01 1.680508002261983602e+00
-9.149999999999999245e-01 1.649522057880581372e+00
-9.099999999999999201e-01 1.618688550750338795e+00
-9.049999999999999156e-01 1.588007480871253652e+00
-8.999999999999999112e-01 1.557478848243327274e+00
-8.949999999999999067e-01 1.527102652866558552e+00
-8.899999999999999023e-01 1.496878894740948152e+00
-8.849999999999998979e-01 1.466807573866496961e+00
-8.799999999999998934e-01 1.436888690243203204e+00
-8.749999999999998890e-01 1.407122243871067990e+00
-8.699999999999998845e-01 1.377508234750091987e+00
-8.649999999999998801e-01 1.348046662880272972e+00
-8.599999999999998757e-01 1.318737528261612946e+00
-8.549999999999998712e-01 1.289580830894111907e+00
-8.499999999999998668e-01 1.260576570777768080e+00
-8.449999999999998623e-01 1.231724747912583684e+00
-8.399999999999998579e-01 1.203025362298556722e+00
-8.349999999999998535e-01 1.174478413935688081e+00
-8.299999999999998490e-01 1.146083902823978429e+00
-8.249999999999998446e-01 1.117841828963426432e+00
-8.199999999999998401e-01 1.089752192354034088e+00
-8.149999999999998357e-01 1.061814992995798734e+00
-8.099999999999998312e-01 1.034030230888721702e+00
-8.049999999999998268e-01 1.006397906032804102e+00
-7.999999999999998224e-01 9.789180184280434904e-01
-7.949999999999998179e-01 9.515905680744425332e-01
-7.899999999999998135e-01 9.244155549720002307e-01
-7.849999999999998090e-01 8.973929791207148066e-01
-7.799999999999998046e-01 8.705228405205880371e-01
-7.749999999999998002e-01 8.438051391716194782e-01
-7.699999999999997957e-01 8.172398750738091300e-01
-7.649999999999997913e-01 7.908270482271582136e-01
-7.599999999999997868e-01 7.645666586316655078e-01
-7.549999999999997824e-01 7.384587062873302354e-01
-7.499999999999997780e-01 7.125031911941535068e-01
-7.449999999999997735e-01 6.867001133521349887e-01
-7.399999999999997691e-01 6.610494727612755694e-01
-7.349999999999997646e-01 6.355512694215746938e-01
-7.299999999999997602e-01 6.102055033330312517e-01
-7.249999999999997558e-01 5.850121744956460201e-01
-7.199999999999997513e-01 5.599712829094193323e-01
-7.149999999999997469e-01 5.350828285743517432e-01
-7.099999999999997424e-01 5.103468114904423647e-01
-7.049999999999997380e-01 4.857632316576908083e-01
-6.999999999999997335e-01 4.613320890760971849e-01
-6.949999999999997291e-01 4.370533837456624382e-01
-6.899999999999997247e-01 4.129271156663856246e-01
-6.849999999999997202e-01 3.889532848382676877e-01
-6.799999999999997158e-01 3.651318912613079615e-01
-6.749999999999997113e-01 3.414629349355066679e-01
-6.699999999999997069e-01 3.179464158608637514e-01
-6.649999999999997025e-01 2.945823340373786570e-01
-6.599999999999996980e-01 2.713706894650523838e-01
-6.549999999999996936e-01 2.483114821438845154e-01
-6.499999999999996891e-01 2.254047120738744414e-01
-6.449999999999996847e-01 2.026503792550231886e-01
-6.399999999999996803e-01 1.800484836873301742e-01
-6.349999999999996758e-01 1.575990253707955369e-01
-6.299999999999996714e-01 1.353020043054193600e-01
-6.249999999999996669e-01 1.131574204912011300e-01
-6.199999999999996625e-01 9.116527392814155473e-02
-6.149999999999996581e-01 6.932556461624017619e-02
-6.099999999999996536e-01 4.763829255549699437e-02
-6.049999999999996492e-01 2.610345774591245338e-02
-5.999999999999996447e-01 4.721060187486112586e-03
-5.949999999999996403e-01 -1.650890011978181290e-02
-5.899999999999996358e-01 -3.758642317589131615e-02
-5.849999999999996314e-01 -5.851150898084284124e-02
-5.799999999999996270e-01 -7.928415753463573246e-02
-5.749999999999996225e-01 -9.990436883727019102e-02
-5.699999999999996181e-01 -1.203721428887468969e-01
-5.649999999999996136e-01 -1.406874796890647539e-01
-5.599999999999996092e-01 -1.608503792382241782e-01
-5.549999999999996048e-01 -1.808608415362254196e-01
-5.499999999999996003e-01 -2.007188665830682284e-01
-5.449999999999995959e-01 -2.204244543787530486e-01
-5.399999999999995914e-01 -2.399776049232792419e-01
-5.349999999999995870e-01 -2.593783182166470302e-01
-5.299999999999995826e-01 -2.786265942588568301e-01
-5.249999999999995781e-01 -2.977224330499079752e-01
-5.199999999999995737e-01 -3.166658345898006877e-01
-5.149999999999995692e-01 -3.354567988785352450e-01
-5.099999999999995648e-01 -3.540953259161113698e-01
-5.049999999999995604e-01 -3.725814157025292839e-01
-4.999999999999995559e-01 -3.909150682377887653e-01
-4.949999999999995515e-01 -4.090962835218898697e-01
-4.899999999999995470e-01 -4.271250615548329854e-01
-4.849999999999995426e-01 -4.450014023366174465e-01
-4.799999999999995381e-01 -4.627253058672434749e-01
-4.749999999999995337e-01 -4.802967721467113482e-01
-4.699999999999995293e-01 -4.977158011750205113e-01
-4.649999999999995248e-01 -5.149823929521719634e-01
-4.599999999999995204e-01 -5.320965474781647053e-01
-4.549999999999995159e-01 -5.490582647529990146e-01
-4.499999999999995115e-01 -5.658675447766754463e-01
-4.449999999999995071e-01 -5.825243875491931123e-01
-4.399999999999995026e-01 -5.990287930705524566e-01
-4.349999999999994982e-01 -6.153807613407534793e-01
-4.299999999999994937e-01 -6.315802923597961804e-01
-4.249999999999994893e-01 -6.476273861276807819e-01
-4.199999999999994849e-01 -6.635220426444068398e-01
-4.149999999999994804e-01 -6.792642619099744650e-01
-4.099999999999994760e-01 -6.948540439243841016e-01
-4.049999999999994715e-01 -7.102913886876350835e-01
-3.999999999999994671e-01 -7.255762961997277438e-01
-3.949999999999994627e-01 -7.407087664606619715e-01
-3.899999999999994582e-01 -7.556887994704379885e-01
-3.849999999999994538e-01 -7.705163952290559060e-01
-3.799999999999994493e-01 -7.851915537365151687e-01
-3.749999999999994449e-01 -7.997142749928161098e-01
-3.699999999999994404e-01 -8.140845589979589514e-01
-3.649999999999994360e-01 -8.283024057519432493e-01
-3.599999999999994316e-01 -8.423678152547692255e-01
-3.549999999999994271e-01 -8.562807875064367691e-01
-3.499999999999994227e-01 -8.700413225069459910e-01
-3.449999999999994182e-01 -8.836494202562971134e-01
-3.399999999999994138e-01 -8.971050807544898031e-01
-3.349999999999994094e-01 -9.104083040015239492e-01
-3.299999999999994049e-01 -9.235590899974001067e-01
-3.249999999999994005e-01 -9.365574387421177205e-01
-3.199999999999993960e-01 -9.494033502356767906e-01
-3.149999999999993916e-01 -9.620968244780776502e-01
-3.099999999999993872e-01 -9.746378614693202991e-01
-3.049999999999993827e-01 -9.870264612094047374e-01
-2.999999999999993783e-01 -9.992626236983305210e-01
-2.949999999999993738e-01 -1.011346348936098094e+00
-2.899999999999993694e-01 -1.023277636922707456e+00
-2.849999999999993650e-01 -1.035056487658158275e+00
-2.799999999999993605e-01 -1.046682901142450994e+00
-2.749999999999993561e-01 -1.058156877375585170e+00
-2.699999999999993516e-01 -1.069478416357560802e+00
-2.649999999999993472e-01 -1.080647518088378334e+00
-2.599999999999993427e-01 -1.091664182568037544e+00
-2.549999999999993383e-01 -1.102528409796538433e+00
-2.499999999999993339e-01 -1.113240199773881223e+00
-2.449999999999993294e-01 -1.123799552500065246e+00
-2.399999999999993250e-01 -1.134206467975090948e+00
-2.349999999999993205e-01 -1.144460946198958329e+00
-2.299999999999993161e-01 -1.154562987171667388e+00
-2.249999999999993117e-01 -1.164512590893218569e+00
-2.199999999999993072e-01 -1.174309757363610984e+00
-2.149999999999993028e-01 -1.183954486582844856e+00
-2.099999999999992983e-01 -1.193446778550920850e+00
-2.049999999999992939e-01 -1.202786633267838301e+00
-1.999999999999992895e-01 -1.211974050733597430e+00
-1.949999999999992850e-01 -1.221009030948198237e+00
-1.899999999999992806e-01 -1.229891573911640501e+00
-1.849999999999992761e-01 -1.238621679623924665e+00
-1.799999999999992717e-01 -1.247199348085050286e+00
-1.749999999999992673e-01 -1.255624579295017806e+00
-1.699999999999992628e-01 -1.263897373253826784e+00
-1.649999999999992584e-01 -1.272017729961477439e+00
-1.599999999999992539e-01 -1.279985649417969995e+00
-1.549999999999992495e-01 -1.287801131623304229e+00
-1.499999999999992450e-01 -1.295464176577479476e+00
-1.449999999999992406e-01 -1.302974784280497067e+00
-1.399999999999992362e-01 -1.310332954732356336e+00
-1.349999999999992317e-01 -1.317538687933056618e+00
-1.299999999999992273e-01 -1.324591983882599244e+00
-1.249999999999992228e-01 -1.331492842580983105e+00
-1.199999999999992184e-01 -1.338241264028208644e+00
-1.149999999999992140e-01 -1.344837248224276083e+00
-1.099999999999992095e-01 -1.351280795169185200e+00
-1.049999999999992051e-01 -1.357571904862935996e+00
-9.999999999999920064e-02 -1.363710577305528027e+00
-9.499999999999919620e-02 -1.369696812496961957e+00
-8.999999999999919176e-02 -1.375530610437237788e+00
-8.499999999999918732e-02 -1.381211971126354854e+00
-7.999999999999918288e-02 -1.386740894564313820e+00
-7.499999999999917843e-02 -1.392117380751114686e+00
-6.999999999999917399e-02 -1.397341429686756786e+00
-6.499999999999916955e-02 -1.402413041371240787e+00
-5.999999999999916511e-02 -1.407332215804566466e+00
-5.499999999999916067e-02 -1.412098952986733380e+00
-4.999999999999915623e-02 -1.416713252917742416e+00
-4.499999999999915179e-02 -1.421175115597592908e+00
-3.999999999999914735e-02 -1.425484541026285079e+00
-3.499999999999914291e-02 -1.429641529203819150e+00
-2.999999999999913847e-02 -1.433646080130194456e+00
-2.499999999999913403e-02 -1.437498193805411884e+00
-1.999999999999912959e-02 -1.441197870229470546e+00
-1.499999999999912514e-02 -1.444745109402371108e+00
-9.999999999999120703e-03 -1.448139911324113571e+00
-4.999999999999116262e-03 -1.451382275994697268e+00
8.881784197001252323e-16 -1.454472203414122644e+00
5.000000000000781597e-03 -1.457409693582389920e+00
1.000000000000089706e-02 -1.460194746499498653e+00
1.500000000000101252e-02 -1.462827362165449285e+00
2.000000000000090594e-02 -1.465307540580241374e+00
2.500000000000079936e-02 -1.467635281743875142e+00
3.000000000000091482e-02 -1.469810585656350588e+00
3.500000000000103029e-02 -1.471833452317667712e+00
4.000000000000092371e-02 -1.473703881727826515e+00
4.500000000000081712e-02 -1.475421873886826774e+00
5.000000000000093259e-02 -1.476987428794668933e+00
5.500000000000104805e-02 -1.478400546451352771e+00
6.000000000000094147e-02 -1.479661226856878065e+00
6.500000000000083489e-02 -1.480769470011245259e+00
7.000000000000095035e-02 -1.481725275914454132e+00
7.500000000000106581e-02 -1.482528644566504461e+00
8.000000000000095923e-02 -1.483179575967396469e+00
8.500000000000085265e-02 -1.483678070117130154e+00
9.000000000000096811e-02 -1.484024127015705519e+00
9.500000000000108358e-02 -1.484217746663122561e+00
1.000000000000009770e-01 -1.484258929059381282e+00
1.050000000000008704e-01 -1.484147674204481682e+00
1.100000000000009859e-01 -1.483883982098423537e+00
1.150000000000011013e-01 -1.483467852741207516e+00
1.200000000000009948e-01 -1.482899286132832728e+00
1.250000000000008882e-01 -1.482178282273299619e+00
1.300000000000010036e-01 -1.481304841162608410e+00
1.350000000000011191e-01 -1.480278962800758658e+00
1.400000000000010125e-01 -1.479100647187750583e+00
1.450000000000009059e-01 -1.477769894323584188e+00
1.500000000000010214e-01 -1.476286704208259692e+00
1.550000000000011369e-01 -1.474651076841776653e+00
1.600000000000010303e-01 -1.472863012224135293e+00
1.650000000000009237e-01 -1.470922510355335611e+00
1.700000000000010392e-01 -1.468829571235377607e+00
1.750000000000011546e-01 -1.466584194864261059e+00
1.800000000000010481e-01 -1.464186381241986190e+00
1.850000000000009415e-01 -1.461636130368553443e+00
1.900000000000010569e-01 -1.458933442243961931e+00
1.950000000000011724e-01 -1.456078316868211875e+00
2.000000000000010658e-01 -1.453070754241303941e+00
2.050000000000009592e-01 -1.449910754363237464e+00
2.100000000000010747e-01 -1.446598317234012665e+00
2.150000000000011902e-01 -1.443133442853629322e+00
2.200000000000010836e-01 -1.439516131222088102e+00
2.250000000000009770e-01 -1.435746382339388338e+00
2.300000000000010925e-01 -1.431824196205530031e+00
2.350000000000012079e-01 -1.427749572820513624e+00
2.400000000000011013e-01 -1.423522512184338673e+00
2.450000000000009948e-01 -1.419143014297005623e+00
2.500000000000011102e-01 -1.414611079158514251e+00
2.550000000000012257e-01 -1.409926706768864335e+00
2.600000000000011191e-01 -1.405089897128056098e+00
2.650000000000010125e-01 -1.400100650236089761e+00
2.700000000000011280e-01 -1.394958966092964658e+00
2.750000000000012434e-01 -1.389664844698681456e+00
2.800000000000011369e-01 -1.384218286053239932e+00
2.850000000000010303e-01 -1.378619290156640087e+00
2.900000000000011458e-01 -1.372867857008881920e+00
2.950000000000012612e-01 -1.366963986609965209e+00
3.000000000000011546e-01 -1.360907678959890621e+00
3.050000000000010481e-01 -1.354698934058657045e+00
3.100000000000011635e-01 -1.348337751906265591e+00
3.150000000000012790e-01 -1.341824132502715372e+00
3.200000000000011724e-01 -1.335158075848007497e+00
3.250000000000010658e-01 -1.328339581942141079e+00
3.300000000000011813e-01 -1.321368650785115895e+00
3.350000000000012967e-01 -1.314245282376932389e+00
3.400000000000011902e-01 -1.306969476717590783e+00
3.450000000000010836e-01 -1.299541233807091301e+00
3.500000000000011990e-01 -1.291960553645432386e+00
3.550000000000013145e-01 -1.284227436232615815e+00
3.600000000000012079e-01 -1.276341881568640924e+00
3.650000000000011013e-01 -1.268303889653507932e+00
3.700000000000012168e-01 -1.260113460487216175e+00
3.750000000000013323e-01 -1.251770594069765652e+00
3.800000000000012257e-01 -1.243275290401157696e+00
3.850000000000011191e-01 -1.234627549481390973e+00
3.900000000000012346e-01 -1.225827371310465930e+00
3.950000000000013500e-01 -1.216874755888382342e+00
4.000000000000012434e-01 -1.207769703215140877e+00
4.050000000000011369e-01 -1.198512213290741091e+00
4.100000000000012523e-01 -1.189102286115182538e+00
4.150000000000013678e-01 -1.179539921688465665e+00
4.200000000000012612e-01 -1.169825120010590469e+00
4.250000000000011546e-01 -1.159957881081557396e+00
4.300000000000012701e-01 -1.149938204901365335e+00
4.350000000000013856e-01 -1.139766091470014953e+00
4.400000000000012790e-01 -1.129441540787506915e+00
4.450000000000011724e-01 -1.118964552853840333e+00
4.500000000000012879e-01 -1.108335127669015208e+00
4.550000000000014033e-01 -1.097553265233031317e+00
4.600000000000012967e-01 -1.086618965545889770e+00
4.650000000000011902e-01 -1.075532228607589680e+00
4.700000000000013056e-01 -1.064293054418131046e+00
4.750000000000014211e-01 -1.052901442977514090e+00
4.800000000000013145e-01 -1.041357394285739257e+00
4.850000000000012079e-01 -1.029660908342806103e+00
4.900000000000013234e-01 -1.017811985148713960e+00
4.950000000000014388e-01 -1.005810624703463718e+00
5.000000000000013323e-01 -9.936568270070549325e-01
5.050000000000012257e-01 -9.813505920594887133e-01
5.100000000000013411e-01 -9.688919198607630623e-01
5.150000000000014566e-01 -9.562808104108793117e-01
5.200000000000013500e-01 -9.435172637098377946e-01
5.250000000000012434e-01 -9.306012797576378448e-01
5.300000000000013589e-01 -9.175328585542791293e-01
5.350000000000014744e-01 -9.043120000997615371e-01
5.400000000000013678e-01 -8.909387043940870665e-01
5.450000000000012612e-01 -8.774129714372533861e-01
5.500000000000013767e-01 -8.637348012292612731e-01
5.550000000000014921e-01 -8.499041937701108385e-01
5.600000000000013856e-01 -8.359211490598025263e-01
5.650000000000012790e-01 -8.217856670983358924e-01
5.700000000000013944e-01 -8.074977478857104929e-01
5.750000000000015099e-01 -7.930573914219265497e-01
5.800000000000014033e-01 -7.784645977069845069e-01
5.850000000000012967e-01 -7.637193667408850306e-01
5.900000000000014122e-01 -7.488216985236256784e-01
5.950000000000015277e-01 -7.337715930552085597e-01
6.000000000000014211e-01 -7.185690503356335634e-01
6.050000000000013145e-01 -7.032140703649008007e-01
6.100000000000014300e-01 -6.877066531430074958e-01
6.150000000000015454e-01 -6.720467986699568685e-01
6.200000000000014388e-01 -6.562345069457492519e-01
6.250000000000013323e-01 -6.402697779703818703e-01
6.300000000000014477e-01 -6.241526117438562782e-01
6.350000000000015632e-01 -6.078830082661723644e-01
6.400000000000014566e-01 -5.914609675373313502e-01
6.450000000000013500e-01 -5.748864895573306821e-01
6.500000000000014655e-01 -5.581595743261719145e-01
6.550000000000015810e-01 -5.412802218438544921e-01
6.600000000000014744e-01 -5.242484321103789702e-01
6.650000000000013678e-01 -5.070642051257462368e-01
6.700000000000014833e-01 -4.897275408899539606e-01
6.750000000000015987e-01 -4.722384394030032517e-01
6.800000000000014921e-01 -4.545969006648943322e-01
6.850000000000013856e-01 -4.368029246756269801e-01
6.900000000000015010e-01 -4.188565114352012508e-01
6.950000000000016165e-01 -4.007576609436172554e-01
7.000000000000015099e-01 -3.825063732008762152e-01
7.050000000000014033e-01 -3.641026482069754100e-01
7.100000000000015188e-01 -3.455464859619164497e-01
7.150000000000016342e-01 -3.268378864656990013e-01
7.200000000000015277e-01 -3.079768497183231757e-01
7.250000000000014211e-01 -2.889633757197904718e-01
7.300000000000015365e-01 -2.697974644700980029e-01
7.350000000000016520e-01 -2.504791159692473790e-01
7.400000000000015454e-01 -2.310083302172383224e-01
7.450000000000014388e-01 -2.113851072140721377e-01
7.500000000000015543e-01 -1.916094469597464378e-01
7.550000000000016698e-01 -1.716813494542608343e-01
7.600000000000015632e-01 -1.516008146976198234e-01
7.650000000000014566e-01 -1.313678426898204077e-01
7.700000000000015721e-01 -1.109824334308599642e-01
7.750000000000016875e-01 -9.044458692074240636e-02
7.800000000000015810e-01 -6.975430315946794246e-02
7.850000000000014744e-01 -4.891158214703377610e-02
7.900000000000015898e-01 -2.791642388344139913e-02
7.950000000000017053e-01 -6.768828368690386552e-03
8.000000000000015987e-01 1.453120439721752692e-02
8.050000000000014921e-01 3.598367441428515501e-02
8.100000000000016076e-01 5.758858168251098503e-02
8.150000000000017231e-01 7.934592620189523382e-02
8.200000000000016165e-01 1.012557079724379083e-01
8.250000000000015099e-01 1.233179269941372530e-01
8.300000000000016254e-01 1.455325832669965291e-01
8.350000000000017408e-01 1.678996767910140298e-01
8.400000000000016342e-01 1.904192075661899353e-01
8.450000000000015277e-01 2.130911755925242457e-01
8.500000000000016431e-01 2.359155808700169887e-01
8.550000000000017586e-01 2.588924233986679146e-01
8.600000000000016520e-01 2.820217031784755801e-01
8.650000000000015454e-01 3.053034202094431215e-01
8.700000000000016609e-01 3.287375744915693176e-01
8.750000000000017764e-01 3.523241660248535023e-01
8.800000000000016698e-01 3.760631948092963417e-01
8.850000000000015632e-01 3.999546608448956153e-01
8.900000000000016787e-01 4.239985641316550424e-01
8.950000000000017941e-01 4.481949046695726802e-01
9.000000000000016875e-01 4.725436824586485285e-01
9.050000000000015810e-01 4.970448974988814772e-01
9.100000000000016964e-01 5.216985497902739688e-01
9.150000000000018119e-01 5.465046393328267804e-01
9.200000000000017053e-01 5.714631661265346940e-01
9.250000000000015987e-01 5.965741301714004852e-01
9.300000000000017142e-01 6.218375314674283727e-01
9.350000000000018296e-01 6.472533700146126945e-01
9.400000000000017231e-01 6.728216458129538946e-01
9.450000000000016165e-01 6.985423588624550817e-01
9.500000000000017319e-01 7.244155091631144794e-01
9.550000000000018474e-01 7.504410967149324208e-01
9.600000000000017408e-01 7.766191215179064633e-01
9.650000000000016342e-01 8.029495835720408259e-01
9.700000000000017497e-01 8.294324828773339542e-01
9.750000000000018652e-01 8.560678194337851821e-01
9.800000000000017586e-01 8.828555932413946206e-01
9.850000000000016520e-01 9.097958043001604933e-01
9.900000000000017675e-01 9.368884526100867971e-01
9.950000000000018829e-01 9.641335381711712005e-01
1.000000000000001776e+00 9.915310609834143696e-01
