-1.000000000000000000e+00 7.592128928467756666e+00
-9.949999999999999956e-01 7.587722841545057051e+00
-9.899999999999999911e-01 7.583317845074899921e+00
-9.849999999999999867e-01 7.578913932152628874e+00
-9.799999999999999822e-01 7.574511105768435115e+00
-9.749999999999999778e-01 7.570109371647815166e+00
-9.699999999999999734e-01 7.565708721385673741e+00
-9.649999999999999689e-01 7.561309163744310169e+00
-9.599999999999999645e-01 7.556910689909356549e+00
-9.549999999999999600e-01 7.552513303994684790e+00
-9.499999999999999556e-01 7.548117020476267314e+00
-9.449999999999999512e-01 7.543721813110407126e+00
-9.399999999999999467e-01 7.539327708515740412e+00
-9.349999999999999423e-01 7.534934688883678788e+00
-9.299999999999999378e-01 7.530542771223819543e+00
-9.249999999999999334e-01 7.526151933770590219e+00
-9.199999999999999289e-01 7.521762189569100698e+00
-9.149999999999999245e-01 7.517373548542620298e+00
-9.099999999999999201e-01 7.512985995890941737e+00
-9.049999999999999156e-01 7.508599535718159856e+00
-8.999999999999999112e-01 7.504214176812949333e+00
-8.949999999999999067e-01 7.499829909018528085e+00
-8.899999999999999023e-01 7.495446727162599743e+00
-8.849999999999998979e-01 7.491064658521592534e+00
-8.799999999999998934e-01 7.486683678810633680e+00
-8.749999999999998890e-01 7.482303794370492867e+00
-8.699999999999998845e-01 7.477925013465748449e+00
-8.649999999999998801e-01 7.473547331165347529e+00
-8.599999999999998757e-01 7.469170741359532073e+00
-8.549999999999998712e-01 7.464795255168239052e+00
-8.499999999999998668e-01 7.460420860210517091e+00
-8.449999999999998623e-01 7.456047578433610212e+00
-8.399999999999998579e-01 7.451675391962536921e+00
-8.349999999999998535e-01 7.447304296783924471e+00
-8.299999999999998490e-01 7.442934316780648984e+00
-8.249999999999998446e-01 7.438565435153661198e+00
-8.199999999999998401e-01 7.434197653657149019e+00
-8.149999999999998357e-01 7.429830980290118347e+00
-8.099999999999998312e-01 7.425465400974045949e+00
-8.049999999999998268e-01 7.421100932881101286e+00
-7.999999999999998224e-01 7.416737567598003622e+00
-7.949999999999998179e-01 7.412375308814800334e+00
-7.899999999999998135e-01 7.408014151202761965e+00
-7.849999999999998090e-01 7.403654103934824704e+00
-7.799999999999998046e-01 7.399295160738885713e+00
-7.749999999999998002e-01 7.394937327248127801e+00
-7.699999999999997957e-01 7.390580600523064092e+00
-7.649999999999997913e-01 7.386224975029874074e+00
-7.599999999999997868e-01 7.381870466855472657e+00
-7.549999999999997824e-01 7.377517067243472226e+00
-7.499999999999997780e-01 7.373164774979015235e+00
-7.449999999999997735e-01 7.368813588391814662e+00
-7.399999999999997691e-01 7.364463516342850014e+00
-7.349999999999997646e-01 7.360114551667804150e+00
-7.299999999999997602e-01 7.355766705240140979e+00
-7.249999999999997558e-01 7.351419960804234321e+00
-7.199999999999997513e-01 7.347074336612051226e+00
-7.149999999999997469e-01 7.342729827317354463e+00
-7.099999999999997424e-01 7.338386422812702037e+00
-7.049999999999997380e-01 7.334044136446520312e+00
-6.999999999999997335e-01 7.329702966456435931e+00
-6.949999999999997291e-01 7.325362910154209928e+00
-6.899999999999997247e-01 7.321023967696275392e+00
-6.849999999999997202e-01 7.316686138000106254e+00
-6.799999999999997158e-01 7.312349436288824833e+00
-6.749999999999997113e-01 7.308013843234986595e+00
-6.699999999999997069e-01 7.303679363687335169e+00
-6.649999999999997025e-01 7.299346016298697393e+00
-6.599999999999996980e-01 7.295013770100096551e+00
-6.549999999999996936e-01 7.290682647473515132e+00
-6.499999999999996891e-01 7.286352654648537097e+00
-6.449999999999996847e-01 7.282023774628070711e+00
-6.399999999999996803e-01 7.277696018431553782e+00
-6.349999999999996758e-01 7.273369379612715235e+00
-6.299999999999996714e-01 7.269043854696148443e+00
-6.249999999999996669e-01 7.264719461863107242e+00
-6.199999999999996625e-01 7.260396191096189611e+00
-6.149999999999996581e-01 7.256074045632514569e+00
-6.099999999999996536e-01 7.251753019061053962e+00
-6.049999999999996492e-01 7.247433119574536065e+00
-5.999999999999996447e-01 7.243114340437243115e+00
-5.949999999999996403e-01 7.238796689168422560e+00
-5.899999999999996358e-01 7.234480160713784969e+00
-5.849999999999996314e-01 7.230164764993416426e+00
-5.799999999999996270e-01 7.225850490706163143e+00
-5.749999999999996225e-01 7.221537346800543489e+00
-5.699999999999996181e-01 7.217225329754311858e+00
-5.649999999999996136e-01 7.212914441788454312e+00
-5.599999999999996092e-01 7.208604678756357131e+00
-5.549999999999996048e-01 7.204296048899406557e+00
-5.499999999999996003e-01 7.199988551108928547e+00
-5.449999999999995959e-01 7.195682178569851928e+00
-5.399999999999995914e-01 7.191376936321686841e+00
-5.349999999999995870e-01 7.187072829021046161e+00
-5.299999999999995826e-01 7.182769852567927771e+00
-5.249999999999995781e-01 7.178468010450925973e+00
-5.199999999999995737e-01 7.174167301011122433e+00
-5.149999999999995692e-01 7.169867722338805649e+00
-5.099999999999995648e-01 7.165569283683764112e+00
-5.049999999999995604e-01 7.161271974353750736e+00
-4.999999999999995559e-01 7.156975799364856172e+00
-4.949999999999995515e-01 7.152680764463950069e+00
-4.899999999999995470e-01 7.148386860522661479e+00
-4.849999999999995426e-01 7.144094096075916056e+00
-4.799999999999995381e-01 7.139802471992963362e+00
-4.749999999999995337e-01 7.135511985386385092e+00
-4.699999999999995293e-01 7.131222631710754101e+00
-4.649999999999995248e-01 7.126934420539411619e+00
-4.599999999999995204e-01 7.122647350119079235e+00
-4.549999999999995159e-01 7.118361420277180329e+00
-4.499999999999995115e-01 7.114076624393957715e+00
-4.449999999999995071e-01 7.109792979579053096e+00
-4.399999999999995026e-01 7.105510470183245886e+00
-4.349999999999994982e-01 7.101229105290796539e+00
-4.299999999999994937e-01 7.096948880314441155e+00
-4.249999999999994893e-01 7.092669802891661490e+00
-4.199999999999994849e-01 7.088391870082970669e+00
-4.149999999999994804e-01 7.084115073859122091e+00
-4.099999999999994760e-01 7.079839430397752764e+00
-4.049999999999994715e-01 7.075564930845841261e+00
-3.999999999999994671e-01 7.071291574483749898e+00
-3.949999999999994627e-01 7.067019366718424678e+00
-3.899999999999994582e-01 7.062748309266536850e+00
-3.849999999999994538e-01 7.058478391793725493e+00
-3.799999999999994493e-01 7.054209632732719726e+00
-3.749999999999994449e-01 7.049942013714909805e+00
-3.699999999999994404e-01 7.045675545048053934e+00
-3.649999999999994360e-01 7.041410231799629216e+00
-3.599999999999994316e-01 7.037146061891091264e+00
-3.549999999999994271e-01 7.032883050423917481e+00
-3.499999999999994227e-01 7.028621188995513691e+00
-3.449999999999994182e-01 7.024360480047191047e+00
-3.399999999999994138e-01 7.020100920689030133e+00
-3.349999999999994094e-01 7.015842511940119763e+00
-3.299999999999994049e-01 7.011585261475003605e+00
-3.249999999999994005e-01 7.007329168621337701e+00
-3.199999999999993960e-01 7.003074225619768001e+00
-3.149999999999993916e-01 6.998820441325134922e+00
-3.099999999999993872e-01 6.994567810751361137e+00
-3.049999999999993827e-01 6.990316341802637723e+00
-2.999999999999993783e-01 6.986066026509289983e+00
-2.949999999999993738e-01 6.981816867694616846e+00
-2.899999999999993694e-01 6.977568864109199964e+00
-2.849999999999993650e-01 6.973322027851365235e+00
-2.799999999999993605e-01 6.969076349312755880e+00
-2.749999999999993561e-01 6.964831830573613658e+00
-2.699999999999993516e-01 6.960588471056409432e+00
-2.649999999999993472e-01 6.956346274259969320e+00
-2.599999999999993427e-01 6.952105233025887898e+00
-2.549999999999993383e-01 6.947865360912002686e+00
-2.499999999999993339e-01 6.943626655140944237e+00
-2.449999999999993294e-01 6.939389101972293972e+00
-2.399999999999993250e-01 6.935152722627746513e+00
-2.349999999999993205e-01 6.930917500881689008e+00
-2.299999999999993161e-01 6.926683449625526734e+00
-2.249999999999993117e-01 6.922450565157388880e+00
-2.199999999999993072e-01 6.918218844667164191e+00
-2.149999999999993028e-01 6.913988288423835726e+00
-2.099999999999992983e-01 6.909758905109894656e+00
-2.049999999999992939e-01 6.905530686890498870e+00
-1.999999999999992895e-01 6.901303639226936681e+00
-1.949999999999992850e-01 6.897077757487833694e+00
-1.899999999999992806e-01 6.892853051869307635e+00
-1.849999999999992761e-01 6.888629511553373774e+00
-1.799999999999992717e-01 6.884407146636560171e+00
-1.749999999999992673e-01 6.880185946611247161e+00
-1.699999999999992628e-01 6.875965929228952334e+00
-1.649999999999992584e-01 6.871747077189267472e+00
-1.599999999999992539e-01 6.867529400796540173e+00
-1.549999999999992495e-01 6.863312896681092568e+00
-1.499999999999992450e-01 6.859097565805852170e+00
-1.449999999999992406e-01 6.854883412866085379e+00
-1.399999999999992362e-01 6.850670436830425203e+00
-1.349999999999992317e-01 6.846458636731624026e+00
-1.299999999999992273e-01 6.842248014200633222e+00
-1.249999999999992228e-01 6.838038567527830125e+00
-1.199999999999992184e-01 6.833830300487163001e+00
-1.149999999999992140e-01 6.829623209414505070e+00
-1.099999999999992095e-01 6.825417302017596555e+00
-1.049999999999992051e-01 6.821212578001988547e+00
-9.999999999999920064e-02 6.817009021812820535e+00
-9.499999999999919620e-02 6.812806656236118030e+00
-8.999999999999919176e-02 6.808605472130322411e+00
-8.499999999999918732e-02 6.804405470248267918e+00
-7.999999999999918288e-02 6.800206653546949198e+00
-7.499999999999917843e-02 6.796009020319926819e+00
-6.999999999999917399e-02 6.791812560793088593e+00
-6.499999999999916955e-02 6.787617294755447617e+00
-5.999999999999916511e-02 6.783423216135444633e+00
-5.499999999999916067e-02 6.779230321911056123e+00
-4.999999999999915623e-02 6.775038608473407109e+00
-4.499999999999915179e-02 6.770848091180452499e+00
-3.999999999999914735e-02 6.766658760765578151e+00
-3.499999999999914291e-02 6.762470609498306473e+00
-2.999999999999913847e-02 6.758283659168993651e+00
-2.499999999999913403e-02 6.754097892448127638e+00
-1.999999999999912959e-02 6.749913315013001736e+00
-1.499999999999912514e-02 6.745729930874714952e+00
-9.999999999999120703e-03 6.741547736962585802e+00
-4.999999999999116262e-03 6.737366735240895466e+00
8.881784197001252323e-16 6.733186929264176612e+00
5.000000000000781597e-03 6.729008315982211386e+00
1.000000000000089706e-02 6.724830896821087478e+00
1.500000000000101252e-02 6.720654669331080910e+00
2.000000000000090594e-02 6.716479641693778646e+00
2.500000000000079936e-02 6.712305802383609077e+00
3.000000000000091482e-02 6.708133164344046051e+00
3.500000000000103029e-02 6.703961720949875414e+00
4.000000000000092371e-02 6.699791480803098054e+00
4.500000000000081712e-02 6.695622434567296111e+00
5.000000000000093259e-02 6.691454589221249805e+00
5.500000000000104805e-02 6.687287946925009052e+00
6.000000000000094147e-02 6.683122494234650546e+00
6.500000000000083489e-02 6.678958248723885660e+00
7.000000000000095035e-02 6.674795207971639499e+00
7.500000000000106581e-02 6.670633365002769821e+00
8.000000000000095923e-02 6.666472732669346257e+00
8.500000000000085265e-02 6.662313295779851430e+00
9.000000000000096811e-02 6.658155065575639853e+00
9.500000000000108358e-02 6.653998040249545554e+00
1.000000000000009770e-01 6.649842217513961984e+00
1.050000000000008704e-01 6.645687598560099829e+00
1.100000000000009859e-01 6.641534192477221765e+00
1.150000000000011013e-01 6.637381990678106192e+00
1.200000000000009948e-01 6.633230996555623094e+00
1.250000000000008882e-01 6.629081212853263239e+00
1.300000000000010036e-01 6.624932636659734086e+00
1.350000000000011191e-01 6.620785263681311150e+00
1.400000000000010125e-01 6.616639113986449772e+00
1.450000000000009059e-01 6.612494168870709288e+00
1.500000000000010214e-01 6.608350433291745318e+00
1.550000000000011369e-01 6.604207912520534407e+00
1.600000000000010303e-01 6.600066609216666436e+00
1.650000000000009237e-01 6.595926503835555010e+00
1.700000000000010392e-01 6.591787624781174415e+00
1.750000000000011546e-01 6.587649960944046867e+00
1.800000000000010481e-01 6.583513510109098021e+00
1.850000000000009415e-01 6.579378274404545479e+00
1.900000000000010569e-01 6.575244261719573657e+00
1.950000000000011724e-01 6.571111462632499567e+00
2.000000000000010658e-01 6.566979874040582033e+00
2.050000000000009592e-01 6.562849513626899167e+00
2.100000000000010747e-01 6.558720371344717748e+00
2.150000000000011902e-01 6.554592445915742971e+00
2.200000000000010836e-01 6.550465743114584072e+00
2.250000000000009770e-01 6.546340266337066893e+00
2.300000000000010925e-01 6.542215999798228765e+00
2.350000000000012079e-01 6.538092965414845636e+00
2.400000000000011013e-01 6.533971154095835843e+00
2.450000000000009948e-01 6.529850561570894385e+00
2.500000000000011102e-01 6.525731198177565417e+00
2.550000000000012257e-01 6.521613053449156538e+00
2.600000000000011191e-01 6.517496143268855846e+00
2.650000000000010125e-01 6.513380456816632247e+00
2.700000000000011280e-01 6.509265992376269239e+00
2.750000000000012434e-01 6.505152762844856440e+00
2.800000000000011369e-01 6.501040756314152347e+00
2.850000000000010303e-01 6.496929975818231284e+00
2.900000000000011458e-01 6.492820433070702890e+00
2.950000000000012612e-01 6.488712120523443261e+00
3.000000000000011546e-01 6.484605037178736708e+00
3.050000000000010481e-01 6.480499183469957458e+00
3.100000000000011635e-01 6.476394561701992458e+00
3.150000000000012790e-01 6.472291182477276195e+00
3.200000000000011724e-01 6.468189020825859004e+00
3.250000000000010658e-01 6.464088113296012850e+00
3.300000000000011813e-01 6.459988422255120710e+00
3.350000000000012967e-01 6.455889980187150101e+00
3.400000000000011902e-01 6.451792764333360353e+00
3.450000000000010836e-01 6.447696792417529466e+00
3.500000000000011990e-01 6.443602062942629161e+00
3.550000000000013145e-01 6.439508555230160525e+00
3.600000000000012079e-01 6.435416303191088261e+00
3.650000000000011013e-01 6.431325288168492804e+00
3.700000000000012168e-01 6.427235508161485811e+00
3.750000000000013323e-01 6.423146969880091817e+00
3.800000000000012257e-01 6.419059672906170633e+00
3.850000000000011191e-01 6.414973626286466057e+00
3.900000000000012346e-01 6.410888814973388250e+00
3.950000000000013500e-01 6.406805253608210293e+00
4.000000000000012434e-01 6.402722932317685078e+00
4.050000000000011369e-01 6.398641864090761189e+00
4.100000000000012523e-01 6.394562032132709462e+00
4.150000000000013678e-01 6.390483452038635548e+00
4.200000000000012612e-01 6.386406113880950031e+00
4.250000000000011546e-01 6.382330025247567207e+00
4.300000000000012701e-01 6.378255185650997916e+00
4.350000000000013856e-01 6.374181595193560312e+00
4.400000000000012790e-01 6.370109260185101263e+00
4.450000000000011724e-01 6.366038167300386519e+00
4.500000000000012879e-01 6.361968335158136867e+00
4.550000000000014033e-01 6.357899747926550660e+00
4.600000000000012967e-01 6.353832416611878031e+00
4.650000000000011902e-01 6.349766335826499741e+00
4.700000000000013056e-01 6.345701511418466723e+00
4.750000000000014211e-01 6.341637942561957786e+00
4.800000000000013145e-01 6.337575624300226806e+00
4.850000000000012079e-01 6.333514570991466641e+00
4.900000000000013234e-01 6.329454772328601209e+00
4.950000000000014388e-01 6.325396228794572195e+00
5.000000000000013323e-01 6.321338942491221857e+00
5.050000000000012257e-01 6.317282913264845590e+00
5.100000000000013411e-01 6.313228148536920159e+00
5.150000000000014566e-01 6.309174640960547364e+00
5.200000000000013500e-01 6.305122394034553324e+00
5.250000000000012434e-01 6.301071418282019110e+00
5.300000000000013589e-01 6.297021690135663263e+00
5.350000000000014744e-01 6.292973237819152743e+00
5.400000000000013678e-01 6.288926042774248160e+00
5.450000000000012612e-01 6.284880109135057680e+00
5.500000000000013767e-01 6.280835450752048743e+00
5.550000000000014921e-01 6.276792061398365874e+00
5.600000000000013856e-01 6.272749922796121425e+00
5.650000000000012790e-01 6.268709061651035697e+00
5.700000000000013944e-01 6.264669463924603221e+00
5.750000000000015099e-01 6.260631140659681293e+00
5.800000000000014033e-01 6.256594076339380806e+00
5.850000000000012967e-01 6.252558289595382846e+00
5.900000000000014122e-01 6.248523771678575756e+00
5.950000000000015277e-01 6.244490532954698025e+00
6.000000000000014211e-01 6.240458561267670845e+00
6.050000000000013145e-01 6.236427859916913619e+00
6.100000000000014300e-01 6.232398436907798711e+00
6.150000000000015454e-01 6.228370285232442072e+00
6.200000000000014388e-01 6.224343409789154791e+00
6.250000000000013323e-01 6.220317809072041015e+00
6.300000000000014477e-01 6.216293480546339012e+00
6.350000000000015632e-01 6.212270439116165832e+00
6.400000000000014566e-01 6.208248673881454849e+00
6.450000000000013500e-01 6.204228180096690082e+00
6.500000000000014655e-01 6.200208975489514884e+00
6.550000000000015810e-01 6.196191046323830776e+00
6.600000000000014744e-01 6.192174400522018729e+00
6.650000000000013678e-01 6.188159028922511240e+00
6.700000000000014833e-01 6.184144945599284071e+00
6.750000000000015987e-01 6.180132152211255558e+00
6.800000000000014921e-01 6.176120628235223009e+00
6.850000000000013856e-01 6.172110395799192517e+00
6.900000000000015010e-01 6.168101451967997306e+00
6.950000000000016165e-01 6.164093787283801973e+00
7.000000000000015099e-01 6.160087415381068965e+00
7.050000000000014033e-01 6.156082324309492648e+00
7.100000000000015188e-01 6.152078525765174888e+00
7.150000000000016342e-01 6.148076009314847212e+00
7.200000000000015277e-01 6.144074793162955572e+00
7.250000000000014211e-01 6.140074863371721037e+00
7.300000000000015365e-01 6.136076224394484413e+00
7.350000000000016520e-01 6.132078873750371528e+00
7.400000000000015454e-01 6.128082820461342450e+00
7.450000000000014388e-01 6.124088056735301322e+00
7.500000000000015543e-01 6.120094590285672709e+00
7.550000000000016698e-01 6.116102412278761946e+00
7.600000000000015632e-01 6.112111539256458670e+00
7.650000000000014566e-01 6.108121956739152481e+00
7.700000000000015721e-01 6.104133675526410840e+00
7.750000000000016875e-01 6.100146689542809142e+00
7.800000000000015810e-01 6.096161001758984455e+00
7.850000000000014744e-01 6.092176608896663126e+00
7.900000000000015898e-01 6.088193517397796128e+00
7.950000000000017053e-01 6.084211728036136080e+00
8.000000000000015987e-01 6.080231242099982225e+00
8.050000000000014921e-01 6.076252062478799232e+00
8.100000000000016076e-01 6.072274175697968346e+00
8.150000000000017231e-01 6.068297596359427004e+00
8.200000000000016165e-01 6.064322320829516499e+00
8.250000000000015099e-01 6.060348353036117075e+00
8.300000000000016254e-01 6.056375689467669687e+00
8.350000000000017408e-01 6.052404331167364759e+00
8.400000000000016342e-01 6.048434276022673473e+00
8.450000000000015277e-01 6.044465540308776141e+00
8.500000000000016431e-01 6.040498105438784293e+00
8.550000000000017586e-01 6.036531982646321737e+00
8.600000000000016520e-01 6.032567170324766082e+00
8.650000000000015454e-01 6.028603670035037609e+00
8.700000000000016609e-01 6.024641479768062524e+00
8.750000000000017764e-01 6.020680597620041041e+00
8.800000000000016698e-01 6.016721035910533644e+00
8.850000000000015632e-01 6.012762789672335018e+00
8.900000000000016787e-01 6.008805856052360284e+00
8.950000000000017941e-01 6.004850231186166454e+00
9.000000000000016875e-01 6.000895932268887734e+00
9.050000000000015810e-01 5.996942941989201969e+00
9.100000000000016964e-01 5.992991276971308068e+00
9.150000000000018119e-01 5.989040923212625600e+00
9.200000000000017053e-01 5.985091893128666740e+00
9.250000000000015987e-01 5.981144181335450227e+00
9.300000000000017142e-01 5.977197794127134145e+00
9.350000000000018296e-01 5.973252722832141259e+00
9.400000000000017231e-01 5.969308987877040451e+00
9.450000000000016165e-01 5.965366560726208078e+00
9.500000000000017319e-01 5.961425466180200416e+00
9.550000000000018474e-01 5.957485690938794320e+00
9.600000000000017408e-01 5.953547242203596213e+00
9.650000000000016342e-01 5.949610124866550720e+00
9.700000000000017497e-01 5.945674328106944628e+00
9.750000000000018652e-01 5.941739858339898817e+00
9.800000000000017586e-01 5.937806719544225231e+00
9.850000000000016520e-01 5.933874909023954203e+00
9.900000000000017675e-01 5.929944433578240748e+00
9.950000000000018829e-01 5.926015287242163865e+00
1.000000000000001776e+00 5.922087469453428454e+00
