-1.000000000000000000e+00 -5.413582590209754741e+00
-9.949999999999999956e-01 -5.417475326357672927e+00
-9.899999999999999911e-01 -5.421369637025319932e+00
-9.849999999999999867e-01 -5.425265517850531793e+00
-9.799999999999999822e-01 -5.429162995325297558e+00
-9.749999999999999778e-01 -5.433062046983961224e+00
-9.699999999999999734e-01 -5.436962675814667634e+00
-9.649999999999999689e-01 -5.440864885207785662e+00
-9.599999999999999645e-01 -5.444768682860823716e+00
-9.549999999999999600e-01 -5.448674047032083578e+00
-9.499999999999999556e-01 -5.452581010572059128e+00
-9.449999999999999512e-01 -5.456489551413907790e+00
-9.399999999999999467e-01 -5.460399668919619032e+00
-9.349999999999999423e-01 -5.464311382285670149e+00
-9.299999999999999378e-01 -5.468224668921804366e+00
-9.249999999999999334e-01 -5.472139542908363907e+00
-9.199999999999999289e-01 -5.476056001441149235e+00
-9.149999999999999245e-01 -5.479974040923336176e+00
-9.099999999999999201e-01 -5.483893676113295257e+00
-9.049999999999999156e-01 -5.487814877570228234e+00
-8.999999999999999112e-01 -5.491737682942440912e+00
-8.949999999999999067e-01 -5.495662064362560884e+00
-8.899999999999999023e-01 -5.499588037833147425e+00
-8.849999999999998979e-01 -5.503515599417225346e+00
-8.799999999999998934e-01 -5.507444743910211216e+00
-8.749999999999998890e-01 -5.511375480898406565e+00
-8.699999999999998845e-01 -5.515307797215056596e+00
-8.649999999999998801e-01 -5.519241704214065791e+00
-8.599999999999998757e-01 -5.523177208343524214e+00
-8.549999999999998712e-01 -5.527114293242986420e+00
-8.499999999999998668e-01 -5.531052971193359369e+00
-8.449999999999998623e-01 -5.534993235030325920e+00
-8.399999999999998579e-01 -5.538935095432945488e+00
-8.349999999999998535e-01 -5.542878542999543967e+00
-8.299999999999998490e-01 -5.546823576948410661e+00
-8.249999999999998446e-01 -5.550770212898070710e+00
-8.199999999999998401e-01 -5.554718433267309408e+00
-8.149999999999998357e-01 -5.558668247910501847e+00
-8.099999999999998312e-01 -5.562619654144183912e+00
-8.049999999999998268e-01 -5.566572660518515292e+00
-7.999999999999998224e-01 -5.570527250926799567e+00
-7.949999999999998179e-01 -5.574483435797985109e+00
-7.899999999999998135e-01 -5.578441214685510019e+00
-7.849999999999998090e-01 -5.582400588604597758e+00
-7.799999999999998046e-01 -5.586361565007875285e+00
-7.749999999999998002e-01 -5.590324125078124595e+00
-7.699999999999997957e-01 -5.594288285886561241e+00
-7.649999999999997913e-01 -5.598254044683327990e+00
-7.599999999999997868e-01 -5.602221396129918318e+00
-7.549999999999997824e-01 -5.606190341706762226e+00
-7.499999999999997780e-01 -5.610160887172552791e+00
-7.449999999999997735e-01 -5.614133038299398137e+00
-7.399999999999997691e-01 -5.618106782060833027e+00
-7.349999999999997646e-01 -5.622082123618467264e+00
-7.299999999999997602e-01 -5.626059061968673447e+00
-7.249999999999997558e-01 -5.630037601101632205e+00
-7.199999999999997513e-01 -5.634017742268580875e+00
-7.149999999999997469e-01 -5.637999474992367865e+00
-7.099999999999997424e-01 -5.641982815472230683e+00
-7.049999999999997380e-01 -5.645967753064580208e+00
-6.999999999999997335e-01 -5.649954296947809596e+00
-6.949999999999997291e-01 -5.653942433948570212e+00
-6.899999999999997247e-01 -5.657932175395528063e+00
-6.849999999999997202e-01 -5.661923532772190626e+00
-6.799999999999997158e-01 -5.665916475192117829e+00
-6.749999999999997113e-01 -5.669911022910438803e+00
-6.699999999999997069e-01 -5.673907185031877631e+00
-6.649999999999997025e-01 -5.677904939767669745e+00
-6.599999999999996980e-01 -5.681904306707194152e+00
-6.549999999999996936e-01 -5.685905275504721246e+00
-6.499999999999996891e-01 -5.689907841151208956e+00
-6.449999999999996847e-01 -5.693912023199429129e+00
-6.399999999999996803e-01 -5.697917811011931732e+00
-6.349999999999996758e-01 -5.701925203728107405e+00
-6.299999999999996714e-01 -5.705934203224471091e+00
-6.249999999999996669e-01 -5.709944802997680924e+00
-6.199999999999996625e-01 -5.713957020035506318e+00
-6.149999999999996581e-01 -5.717970837784006832e+00
-6.099999999999996536e-01 -5.721986267523645253e+00
-6.049999999999996492e-01 -5.726003300448693878e+00
-5.999999999999996447e-01 -5.730021947982406161e+00
-5.949999999999996403e-01 -5.734042208328075318e+00
-5.899999999999996358e-01 -5.738064077594200896e+00
-5.849999999999996314e-01 -5.742087552894728830e+00
-5.799999999999996270e-01 -5.746112642018344374e+00
-5.749999999999996225e-01 -5.750139339476247002e+00
-5.699999999999996181e-01 -5.754167643610200500e+00
-5.649999999999996136e-01 -5.758197572471855707e+00
-5.599999999999996092e-01 -5.762229105615089608e+00
-5.549999999999996048e-01 -5.766262258732778534e+00
-5.499999999999996003e-01 -5.770297018610873963e+00
-5.449999999999995959e-01 -5.774333397521415279e+00
-5.399999999999995914e-01 -5.778371385841039043e+00
-5.349999999999995870e-01 -5.782410990320014932e+00
-5.299999999999995826e-01 -5.786452210352619474e+00
-5.249999999999995781e-01 -5.790495049193252086e+00
-5.199999999999995737e-01 -5.794539498667374389e+00
-5.149999999999995692e-01 -5.798585568273521673e+00
-5.099999999999995648e-01 -5.802633252596335112e+00
-5.049999999999995604e-01 -5.806682557707828707e+00
-4.999999999999995559e-01 -5.810733478064404878e+00
-4.949999999999995515e-01 -5.814786007562672054e+00
-4.899999999999995470e-01 -5.818840174073867999e+00
-4.849999999999995426e-01 -5.822895946873215323e+00
-4.799999999999995381e-01 -5.826953335910813436e+00
-4.749999999999995337e-01 -5.831012355768363520e+00
-4.699999999999995293e-01 -5.835072991655435359e+00
-4.649999999999995248e-01 -5.839135245700246557e+00
-4.599999999999995204e-01 -5.843199123368632897e+00
-4.549999999999995159e-01 -5.847264622164713543e+00
-4.499999999999995115e-01 -5.851331743158509013e+00
-4.449999999999995071e-01 -5.855400483202940265e+00
-4.399999999999995026e-01 -5.859470849239725609e+00
-4.349999999999994982e-01 -5.863542839880748758e+00
-4.299999999999994937e-01 -5.867616454732880626e+00
-4.249999999999994893e-01 -5.871691686073146954e+00
-4.199999999999994849e-01 -5.875768549593969325e+00
-4.149999999999994804e-01 -5.879847035407548717e+00
-4.099999999999994760e-01 -5.883927147123214851e+00
-4.049999999999994715e-01 -5.888008885443097640e+00
-3.999999999999994671e-01 -5.892092259661550813e+00
-3.949999999999994627e-01 -5.896177243760659437e+00
-3.899999999999994582e-01 -5.900263866706465521e+00
-3.849999999999994538e-01 -5.904352110251549490e+00
-3.799999999999994493e-01 -5.908441982360356448e+00
-3.749999999999994449e-01 -5.912533488885030053e+00
-3.699999999999994404e-01 -5.916626625704195064e+00
-3.649999999999994360e-01 -5.920721383457559384e+00
-3.599999999999994316e-01 -5.924817779642436832e+00
-3.549999999999994271e-01 -5.928915800499764188e+00
-3.499999999999994227e-01 -5.933015453464433264e+00
-3.449999999999994182e-01 -5.937116738659907966e+00
-3.399999999999994138e-01 -5.941219657391767939e+00
-3.349999999999994094e-01 -5.945324210925575059e+00
-3.299999999999994049e-01 -5.949430391950583541e+00
-3.249999999999994005e-01 -5.953538206052227721e+00
-3.199999999999993960e-01 -5.957647652413326611e+00
-3.149999999999993916e-01 -5.961758737445817857e+00
-3.099999999999993872e-01 -5.965871456244114412e+00
-3.049999999999993827e-01 -5.969985804612944591e+00
-2.999999999999993783e-01 -5.974101792521052445e+00
-2.949999999999993738e-01 -5.978219419775397725e+00
-2.899999999999993694e-01 -5.982338684673178975e+00
-2.849999999999993650e-01 -5.986459582090075671e+00
-2.799999999999993605e-01 -5.990582111975610857e+00
-2.749999999999993561e-01 -5.994706284105715710e+00
-2.699999999999993516e-01 -5.998832100240262477e+00
-2.649999999999993472e-01 -6.002959547592665146e+00
-2.599999999999993427e-01 -6.007088641133888629e+00
-2.549999999999993383e-01 -6.011219368357471282e+00
-2.499999999999993339e-01 -6.015351736741051170e+00
-2.449999999999993294e-01 -6.019485747455830094e+00
-2.399999999999993250e-01 -6.023621399156210643e+00
-2.349999999999993205e-01 -6.027758690059810576e+00
-2.299999999999993161e-01 -6.031897626552874314e+00
-2.249999999999993117e-01 -6.036038198893121987e+00
-2.199999999999993072e-01 -6.040180421514007136e+00
-2.149999999999993028e-01 -6.044324292831417367e+00
-2.099999999999992983e-01 -6.048469791742801860e+00
-2.049999999999992939e-01 -6.052616945582569130e+00
-1.999999999999992895e-01 -6.056765742828558174e+00
-1.949999999999992850e-01 -6.060916184685167352e+00
-1.899999999999992806e-01 -6.065068275540935971e+00
-1.849999999999992761e-01 -6.069222011114417725e+00
-1.799999999999992717e-01 -6.073377391733712827e+00
-1.749999999999992673e-01 -6.077534420877865884e+00
-1.699999999999992628e-01 -6.081693097222652611e+00
-1.649999999999992584e-01 -6.085853422803522150e+00
-1.599999999999992539e-01 -6.090015393937248334e+00
-1.549999999999992495e-01 -6.094179016902073087e+00
-1.499999999999992450e-01 -6.098344294733207605e+00
-1.449999999999992406e-01 -6.102511215343012552e+00
-1.399999999999992362e-01 -6.106679786818714817e+00
-1.349999999999992317e-01 -6.110850018454895505e+00
-1.299999999999992273e-01 -6.115021890714471553e+00
-1.249999999999992228e-01 -6.119195421223222908e+00
-1.199999999999992184e-01 -6.123370605397751021e+00
-1.149999999999992140e-01 -6.127547438420235082e+00
-1.099999999999992095e-01 -6.131725931280326947e+00
-1.049999999999992051e-01 -6.135906065304054025e+00
-9.999999999999920064e-02 -6.140087868029779017e+00
-9.499999999999919620e-02 -6.144271319885630689e+00
-8.999999999999919176e-02 -6.148456427581178829e+00
-8.499999999999918732e-02 -6.152643189792426526e+00
-7.999999999999918288e-02 -6.156831611589579367e+00
-7.499999999999917843e-02 -6.161021684532753895e+00
-6.999999999999917399e-02 -6.165213428202234169e+00
-6.499999999999916955e-02 -6.169406816542588601e+00
-5.999999999999916511e-02 -6.173601868176403329e+00
-5.499999999999916067e-02 -6.177798580337677592e+00
-4.999999999999915623e-02 -6.181996958750771043e+00
-4.499999999999915179e-02 -6.186196985030930406e+00
-3.999999999999914735e-02 -6.190398672282837467e+00
-3.499999999999914291e-02 -6.194602029794024745e+00
-2.999999999999913847e-02 -6.198807040494413556e+00
-2.499999999999913403e-02 -6.203013719436141216e+00
-1.999999999999912959e-02 -6.207222056952870659e+00
-1.499999999999912514e-02 -6.211432060800545329e+00
-9.999999999999120703e-03 -6.215643730257253807e+00
-4.999999999999116262e-03 -6.219857055435197069e+00
8.881784197001252323e-16 -6.224072052717785297e+00
5.000000000000781597e-03 -6.228288709761129027e+00
1.000000000000089706e-02 -6.232507032997174790e+00
1.500000000000101252e-02 -6.236727031360343787e+00
2.000000000000090594e-02 -6.240948687026586228e+00
2.500000000000079936e-02 -6.245172013773382602e+00
3.000000000000091482e-02 -6.249397006877272176e+00
3.500000000000103029e-02 -6.253623671839333653e+00
4.000000000000092371e-02 -6.257852004248517730e+00
4.500000000000081712e-02 -6.262082004568211957e+00
5.000000000000093259e-02 -6.266313671189292833e+00
5.500000000000104805e-02 -6.270547010251759090e+00
6.000000000000094147e-02 -6.274782025100504868e+00
6.500000000000083489e-02 -6.279018707023935164e+00
7.000000000000095035e-02 -6.283257058514065463e+00
7.500000000000106581e-02 -6.287497088685169544e+00
8.000000000000095923e-02 -6.291738787832029445e+00
8.500000000000085265e-02 -6.295982154056757096e+00
9.000000000000096811e-02 -6.300227207473737323e+00
9.500000000000108358e-02 -6.304473926745314927e+00
1.000000000000009770e-01 -6.308722321716997428e+00
1.050000000000008704e-01 -6.312972395930584568e+00
1.100000000000009859e-01 -6.317224147329026707e+00
1.150000000000011013e-01 -6.321477569678419783e+00
1.200000000000009948e-01 -6.325732670821791359e+00
1.250000000000008882e-01 -6.329989451899193043e+00
1.300000000000010036e-01 -6.334247909793786491e+00
1.350000000000011191e-01 -6.338508047455063021e+00
1.400000000000010125e-01 -6.342769861931257580e+00
1.450000000000009059e-01 -6.347033358060654606e+00
1.500000000000010214e-01 -6.351298534074286906e+00
1.550000000000011369e-01 -6.355565391780684692e+00
1.600000000000010303e-01 -6.359833926648517988e+00
1.650000000000009237e-01 -6.364104150360700984e+00
1.700000000000010392e-01 -6.368376055959144466e+00
1.750000000000011546e-01 -6.372649640912724678e+00
1.800000000000010481e-01 -6.376924911614734626e+00
1.850000000000009415e-01 -6.381201865367613024e+00
1.900000000000010569e-01 -6.385480498282133155e+00
1.950000000000011724e-01 -6.389760820987786971e+00
2.000000000000010658e-01 -6.394042833438644990e+00
2.050000000000009592e-01 -6.398326524943824367e+00
2.100000000000010747e-01 -6.402611909466342510e+00
2.150000000000011902e-01 -6.406898979005829275e+00
2.200000000000010836e-01 -6.411187732617092294e+00
2.250000000000009770e-01 -6.415478175122499849e+00
2.300000000000010925e-01 -6.419770310790992696e+00
2.350000000000012079e-01 -6.424064137356337412e+00
2.400000000000011013e-01 -6.428359654374473209e+00
2.450000000000009948e-01 -6.432656858999818539e+00
2.500000000000011102e-01 -6.436955749729660781e+00
2.550000000000012257e-01 -6.441256339646399098e+00
2.600000000000011191e-01 -6.445558619749901297e+00
2.650000000000010125e-01 -6.449862590661124884e+00
2.700000000000011280e-01 -6.454168252561059305e+00
2.750000000000012434e-01 -6.458475618840649801e+00
2.800000000000011369e-01 -6.462784671809542303e+00
2.850000000000010303e-01 -6.467095425006474940e+00
2.900000000000011458e-01 -6.471407863407277361e+00
2.950000000000012612e-01 -6.475722005805065962e+00
3.000000000000011546e-01 -6.480037846345423347e+00
3.050000000000010481e-01 -6.484355377811963805e+00
3.100000000000011635e-01 -6.488674615349365737e+00
3.150000000000012790e-01 -6.492995537699554731e+00
3.200000000000011724e-01 -6.497318173474097236e+00
3.250000000000010658e-01 -6.501642499186884194e+00
3.300000000000011813e-01 -6.505968532652643077e+00
3.350000000000012967e-01 -6.510296259826501952e+00
3.400000000000011902e-01 -6.514625690908898648e+00
3.450000000000010836e-01 -6.518956825441902581e+00
3.500000000000011990e-01 -6.523289665744725241e+00
3.550000000000013145e-01 -6.527624204352461490e+00
3.600000000000012079e-01 -6.531960444008602096e+00
3.650000000000011013e-01 -6.536298391706706568e+00
3.700000000000012168e-01 -6.540638038495528050e+00
3.750000000000013323e-01 -6.544979395780357478e+00
3.800000000000012257e-01 -6.549322454096765611e+00
3.850000000000011191e-01 -6.553667221365541806e+00
3.900000000000012346e-01 -6.558013693985996539e+00
3.950000000000013500e-01 -6.562361872432658672e+00
4.000000000000012434e-01 -6.566711766891641489e+00
4.050000000000011369e-01 -6.571063363151635528e+00
4.100000000000012523e-01 -6.575416669600000930e+00
4.150000000000013678e-01 -6.579771682310449066e+00
4.200000000000012612e-01 -6.584128414681201136e+00
4.250000000000011546e-01 -6.588486848956192077e+00
4.300000000000012701e-01 -6.592847005642708424e+00
4.350000000000013856e-01 -6.597208860202128378e+00
4.400000000000012790e-01 -6.601572437141923544e+00
4.450000000000011724e-01 -6.605937723179151178e+00
4.500000000000012879e-01 -6.610304721604817857e+00
4.550000000000014033e-01 -6.614673439443178538e+00
4.600000000000012967e-01 -6.619043871441446569e+00
4.650000000000011902e-01 -6.623416012719046009e+00
4.700000000000013056e-01 -6.627789878011610014e+00
4.750000000000014211e-01 -6.632165456055956199e+00
4.800000000000013145e-01 -6.636542750784739653e+00
4.850000000000012079e-01 -6.640921760296206955e+00
4.900000000000013234e-01 -6.645302501569487319e+00
4.950000000000014388e-01 -6.649684946252902407e+00
5.000000000000013323e-01 -6.654069114423547759e+00
5.050000000000012257e-01 -6.658455008408820319e+00
5.100000000000013411e-01 -6.662842621820429301e+00
5.150000000000014566e-01 -6.667231953757974949e+00
5.200000000000013500e-01 -6.671623011834837413e+00
5.250000000000012434e-01 -6.676015784032726330e+00
5.300000000000013589e-01 -6.680410284312840119e+00
5.350000000000014744e-01 -6.684806509742740488e+00
5.400000000000013678e-01 -6.689204463226444020e+00
5.450000000000012612e-01 -6.693604134972785502e+00
5.500000000000013767e-01 -6.698005527698652983e+00
5.550000000000014921e-01 -6.702408657340667375e+00
5.600000000000013856e-01 -6.706813502637343660e+00
5.650000000000012790e-01 -6.711220087545454405e+00
5.700000000000013944e-01 -6.715628396439425885e+00
5.750000000000015099e-01 -6.720038429928846924e+00
5.800000000000014033e-01 -6.724450194430202643e+00
5.850000000000012967e-01 -6.728863693017812508e+00
5.900000000000014122e-01 -6.733278914892109057e+00
5.950000000000015277e-01 -6.737695872793976193e+00
6.000000000000014211e-01 -6.742114556240350609e+00
6.050000000000013145e-01 -6.746534979055779147e+00
6.100000000000014300e-01 -6.750957126240875183e+00
6.150000000000015454e-01 -6.755381009923977942e+00
6.200000000000014388e-01 -6.759806632955671191e+00
6.250000000000013323e-01 -6.764233984330841665e+00
6.300000000000014477e-01 -6.768663078091178065e+00
6.350000000000015632e-01 -6.773093904740418836e+00
6.400000000000014566e-01 -6.777526463669884649e+00
6.450000000000013500e-01 -6.781960767179354477e+00
6.500000000000014655e-01 -6.786396800215099390e+00
6.550000000000015810e-01 -6.790834576789704258e+00
6.600000000000014744e-01 -6.795274085089969773e+00
6.650000000000013678e-01 -6.799715339979995221e+00
6.700000000000014833e-01 -6.804158326925600520e+00
6.750000000000015987e-01 -6.808603064687842377e+00
6.800000000000014921e-01 -6.813049539489240303e+00
6.850000000000013856e-01 -6.817497756523009045e+00
6.900000000000015010e-01 -6.821947711744853038e+00
6.950000000000016165e-01 -6.826399415998677611e+00
7.000000000000015099e-01 -6.830852859686357803e+00
7.050000000000014033e-01 -6.835308051629537474e+00
7.100000000000015188e-01 -6.839764989838242215e+00
7.150000000000016342e-01 -6.844223669280692590e+00
7.200000000000015277e-01 -6.848684097969536921e+00
7.250000000000014211e-01 -6.853146269000573554e+00
7.300000000000015365e-01 -6.857610188976279275e+00
7.350000000000016520e-01 -6.862075861749046268e+00
7.400000000000015454e-01 -6.866543280794386916e+00
7.450000000000014388e-01 -6.871012449082256168e+00
7.500000000000015543e-01 -6.875483367157441350e+00
7.550000000000016698e-01 -6.879956033689124340e+00
7.600000000000015632e-01 -6.884430453164751995e+00
7.650000000000014566e-01 -6.888906628384203756e+00
7.700000000000015721e-01 -6.893384544124129931e+00
7.750000000000016875e-01 -6.897864232777093818e+00
7.800000000000015810e-01 -6.902345661742939953e+00
7.850000000000014744e-01 -6.906828846423506363e+00
7.900000000000015898e-01 -6.911313785862914116e+00
7.950000000000017053e-01 -6.915800479025476122e+00
8.000000000000015987e-01 -6.920288932841087259e+00
8.050000000000014921e-01 -6.924779145360700383e+00
8.100000000000016076e-01 -6.929271109453422284e+00
8.150000000000017231e-01 -6.933764835814001160e+00
8.200000000000016165e-01 -6.938260321096633376e+00
8.250000000000015099e-01 -6.942757565093272021e+00
8.300000000000016254e-01 -6.947256567140895456e+00
8.350000000000017408e-01 -6.951757326591033959e+00
8.400000000000016342e-01 -6.956259861057644045e+00
8.450000000000015277e-01 -6.960764149505250131e+00
8.500000000000016431e-01 -6.965270202155208423e+00
8.550000000000017586e-01 -6.969778013532815564e+00
8.600000000000016520e-01 -6.974287598386892384e+00
8.650000000000015454e-01 -6.978798934116268171e+00
8.700000000000016609e-01 -6.983312049038060465e+00
8.750000000000017764e-01 -6.987826913831296949e+00
8.800000000000016698e-01 -6.992343564852573579e+00
8.850000000000015632e-01 -6.996861974838422427e+00
8.900000000000016787e-01 -7.001382148213535217e+00
8.950000000000017941e-01 -7.005904089782772459e+00
9.000000000000016875e-01 -7.010427806554472951e+00
9.050000000000015810e-01 -7.014953290821578591e+00
9.100000000000016964e-01 -7.019480544364425256e+00
9.150000000000018119e-01 -7.024009567206659810e+00
9.200000000000017053e-01 -7.028540366701546915e+00
9.250000000000015987e-01 -7.033072937522858226e+00
9.300000000000017142e-01 -7.037607273449195233e+00
9.350000000000018296e-01 -7.042143390782795720e+00
9.400000000000017231e-01 -7.046681286955928769e+00
9.450000000000016165e-01 -7.051220955612363284e+00
9.500000000000017319e-01 -7.055762398561538973e+00
9.550000000000018474e-01 -7.060305615834151283e+00
9.600000000000017408e-01 -7.064850611198918884e+00
9.650000000000016342e-01 -7.069397387976634306e+00
9.700000000000017497e-01 -7.073945939365641422e+00
9.750000000000018652e-01 -7.078496264858896936e+00
9.800000000000017586e-01 -7.083048374776664602e+00
9.850000000000016520e-01 -7.087602267653066335e+00
9.900000000000017675e-01 -7.092157942427858686e+00
9.950000000000018829e-01 -7.096715395061520937e+00
1.000000000000001776e+00 -7.101274628080856743e+00
