-1.000000000000000000e+00 1.089273169129000962e+00
-9.949999999999999956e-01 1.085123757593692062e+00
-9.899999999999999911e-01 1.080974104024789995e+00
-9.849999999999999867e-01 1.076824207151048540e+00
-9.799999999999999822e-01 1.072674055221568779e+00
-9.749999999999999778e-01 1.068523662331926971e+00
-9.699999999999999734e-01 1.064373022785503053e+00
-9.649999999999999689e-01 1.060222139268262254e+00
-9.599999999999999645e-01 1.056071003524266416e+00
-9.549999999999999600e-01 1.051919628481300606e+00
-9.499999999999999556e-01 1.047768004952104093e+00
-9.449999999999999512e-01 1.043616130848249668e+00
-9.399999999999999467e-01 1.039464019798060690e+00
-9.349999999999999423e-01 1.035311653299004320e+00
-9.299999999999999378e-01 1.031159051151007588e+00
-9.249999999999999334e-01 1.027006195431113156e+00
-9.199999999999999289e-01 1.022853094063975732e+00
-9.149999999999999245e-01 1.018699753809642061e+00
-9.099999999999999201e-01 1.014546159888823240e+00
-9.049999999999999156e-01 1.010392329073965811e+00
-8.999999999999999112e-01 1.006238246935254210e+00
-8.949999999999999067e-01 1.002083922327983601e+00
-8.899999999999999023e-01 9.979293446647261590e-01
-8.849999999999998979e-01 9.937745295521835942e-01
-8.799999999999998934e-01 9.896194674502112321e-01
-8.749999999999998890e-01 9.854641567360431509e-01
-8.699999999999998845e-01 9.813086081253459270e-01
-8.649999999999998801e-01 9.771528134756408690e-01
-8.599999999999998757e-01 9.729967665080039296e-01
-8.549999999999998712e-01 9.688404809626263159e-01
-8.499999999999998668e-01 9.646839445085788611e-01
-8.449999999999998623e-01 9.605271717016421462e-01
-8.399999999999998579e-01 9.563701482647957164e-01
-8.349999999999998535e-01 9.522128768921902520e-01
-8.299999999999998490e-01 9.480553699161191616e-01
-8.249999999999998446e-01 9.438976111277952441e-01
-8.199999999999998401e-01 9.397396101949198055e-01
-8.149999999999998357e-01 9.355813661898082501e-01
-8.099999999999998312e-01 9.314228734149310185e-01
-8.049999999999998268e-01 9.272641361812929972e-01
-7.999999999999998224e-01 9.231051583356020274e-01
-7.949999999999998179e-01 9.189459365084076126e-01
-7.899999999999998135e-01 9.147864682586259732e-01
-7.849999999999998090e-01 9.106267576651134732e-01
-7.799999999999998046e-01 9.064667978655052138e-01
-7.749999999999998002e-01 9.023066010850016028e-01
-7.699999999999997957e-01 8.981461573182514257e-01
-7.649999999999997913e-01 8.939854651732730417e-01
-7.599999999999997868e-01 8.898245353627771692e-01
-7.549999999999997824e-01 8.856633627683550003e-01
-7.499999999999997780e-01 8.815019439032312221e-01
-7.449999999999997735e-01 8.773402750462082622e-01
-7.399999999999997691e-01 8.731783671410084935e-01
-7.349999999999997646e-01 8.690162140246684430e-01
-7.299999999999997602e-01 8.648538216357337660e-01
-7.249999999999997558e-01 8.606911798513010581e-01
-7.199999999999997513e-01 8.565282971717351757e-01
-7.149999999999997469e-01 8.523651761624932988e-01
-7.099999999999997424e-01 8.482018036702356767e-01
-7.049999999999997380e-01 8.440381916909700522e-01
-6.999999999999997335e-01 8.398743347543131677e-01
-6.949999999999997291e-01 8.357102381028198579e-01
-6.899999999999997247e-01 8.315458961503736646e-01
-6.849999999999997202e-01 8.273813026139578142e-01
-6.799999999999997158e-01 8.232164805483535019e-01
-6.749999999999997113e-01 8.190514101622738963e-01
-6.699999999999997069e-01 8.148860893277287687e-01
-6.649999999999997025e-01 8.107205382655138237e-01
-6.599999999999996980e-01 8.065547316964511992e-01
-6.549999999999996936e-01 8.023886859843969432e-01
-6.499999999999996891e-01 7.982224067486640706e-01
-6.449999999999996847e-01 7.940558757143207913e-01
-6.399999999999996803e-01 7.898891037098110246e-01
-6.349999999999996758e-01 7.857220879423039150e-01
-6.299999999999996714e-01 7.815548257358386763e-01
-6.249999999999996669e-01 7.773873294327131589e-01
-6.199999999999996625e-01 7.732195855303416465e-01
-6.149999999999996581e-01 7.690516039242538682e-01
-6.099999999999996536e-01 7.648833757687043544e-01
-6.049999999999996492e-01 7.607149095629210933e-01
-5.999999999999996447e-01 7.565461962274184771e-01
-5.949999999999996403e-01 7.523772404201736208e-01
-5.899999999999996358e-01 7.482080415597920364e-01
-5.849999999999996314e-01 7.440386060493437981e-01
-5.799999999999996270e-01 7.398689243439093843e-01
-5.749999999999996225e-01 7.356990036621482432e-01
-5.699999999999996181e-01 7.315288430720556789e-01
-5.649999999999996136e-01 7.273584346582993021e-01
-5.599999999999996092e-01 7.231877865706337616e-01
-5.549999999999996048e-01 7.190168950833140116e-01
-5.499999999999996003e-01 7.148457662490272924e-01
-5.449999999999995959e-01 7.106743905242183246e-01
-5.399999999999995914e-01 7.065027752403238992e-01
-5.349999999999995870e-01 7.023309193505156145e-01
-5.299999999999995826e-01 6.981588211076541484e-01
-5.249999999999995781e-01 6.939864806288369437e-01
-5.199999999999995737e-01 6.898139011718740221e-01
-5.149999999999995692e-01 6.856410770326419879e-01
-5.099999999999995648e-01 6.814680155437145004e-01
-5.049999999999995604e-01 6.772947083229610143e-01
-4.999999999999995559e-01 6.731211606502256473e-01
-4.949999999999995515e-01 6.689473784506390075e-01
-4.899999999999995470e-01 6.647733432243967400e-01
-4.849999999999995426e-01 6.605990746013503667e-01
-4.799999999999995381e-01 6.564245680410749628e-01
-4.749999999999995337e-01 6.522498148090107861e-01
-4.699999999999995293e-01 6.480748200276593707e-01
-4.649999999999995248e-01 6.438995874195825309e-01
-4.599999999999995204e-01 6.397241133752231690e-01
-4.549999999999995159e-01 6.355483990562333929e-01
-4.499999999999995115e-01 6.313724406177243509e-01
-4.449999999999995071e-01 6.271962481880564155e-01
-4.399999999999995026e-01 6.230198104717601382e-01
-4.349999999999994982e-01 6.188431327050238906e-01
-4.299999999999994937e-01 6.146662127907802642e-01
-4.249999999999994893e-01 6.104890584092572681e-01
-4.199999999999994849e-01 6.063116602445006720e-01
-4.149999999999994804e-01 6.021340192257866875e-01
-4.099999999999994760e-01 5.979561416372689564e-01
-4.049999999999994715e-01 5.937780227013718104e-01
-3.999999999999994671e-01 5.895996574110995425e-01
-3.949999999999994627e-01 5.854210614788826206e-01
-3.899999999999994582e-01 5.812422212800356647e-01
-3.849999999999994538e-01 5.770631407710880012e-01
-3.799999999999994493e-01 5.728838251861816389e-01
-3.749999999999994449e-01 5.687042624149398762e-01
-3.699999999999994404e-01 5.645244596719294350e-01
-3.649999999999994360e-01 5.603444241710349161e-01
-3.599999999999994316e-01 5.561641411243272159e-01
-3.549999999999994271e-01 5.519836249620766466e-01
-3.499999999999994227e-01 5.478028677655402134e-01
-3.449999999999994182e-01 5.436218706936415401e-01
-3.399999999999994138e-01 5.394406316486310971e-01
-3.349999999999994094e-01 5.352591505072723521e-01
-3.299999999999994049e-01 5.310774347622100322e-01
-3.249999999999994005e-01 5.268954812845549895e-01
-3.199999999999993960e-01 5.227132866032206948e-01
-3.149999999999993916e-01 5.185308519396585325e-01
-3.099999999999993872e-01 5.143481772536233620e-01
-3.049999999999993827e-01 5.101652685948465660e-01
-2.999999999999993783e-01 5.059821169941187691e-01
-2.949999999999993738e-01 5.017987239596095606e-01
-2.899999999999993694e-01 4.976150897180104948e-01
-2.849999999999993650e-01 4.934312228806447820e-01
-2.799999999999993605e-01 4.892471186685725115e-01
-2.749999999999993561e-01 4.850627732339489739e-01
-2.699999999999993516e-01 4.808781854080734774e-01
-2.649999999999993472e-01 4.766933633336520870e-01
-2.599999999999993427e-01 4.725082959459996346e-01
-2.549999999999993383e-01 4.683229962772657018e-01
-2.499999999999993339e-01 4.641374591999465338e-01
-2.449999999999993294e-01 4.599516772582319390e-01
-2.399999999999993250e-01 4.557656617357679352e-01
-2.349999999999993205e-01 4.515794054109392164e-01
-2.299999999999993161e-01 4.473929115363262099e-01
-2.249999999999993117e-01 4.432061831321334466e-01
-2.199999999999993072e-01 4.390192115765785275e-01
-2.149999999999993028e-01 4.348319977962091798e-01
-2.099999999999992983e-01 4.306445566835463978e-01
-2.049999999999992939e-01 4.264568706539648701e-01
-1.999999999999992895e-01 4.222689481991892535e-01
-1.949999999999992850e-01 4.180807864013331709e-01
-1.899999999999992806e-01 4.138923881641858316e-01
-1.849999999999992761e-01 4.097037502194780245e-01
-1.799999999999992717e-01 4.055148774514236720e-01
-1.749999999999992673e-01 4.013257628666906385e-01
-1.699999999999992628e-01 3.971364160031498614e-01
-1.649999999999992584e-01 3.929468271928726608e-01
-1.599999999999992539e-01 3.887570034296459198e-01
-1.549999999999992495e-01 3.845669398895097402e-01
-1.499999999999992450e-01 3.803766355363222829e-01
-1.449999999999992406e-01 3.761860987615364138e-01
-1.399999999999992362e-01 3.719953250058551930e-01
-1.349999999999992317e-01 3.678043091383642604e-01
-1.299999999999992273e-01 3.636130617430808343e-01
-1.249999999999992228e-01 3.594215731523036084e-01
-1.199999999999992184e-01 3.552298475447059900e-01
-1.149999999999992140e-01 3.510378854971349938e-01
-1.099999999999992095e-01 3.468456853686348040e-01
-1.049999999999992051e-01 3.426532563489672611e-01
-9.999999999999920064e-02 3.384605768915207591e-01
-9.499999999999919620e-02 3.342676681752436707e-01
-8.999999999999919176e-02 3.300745222745717911e-01
-8.499999999999918732e-02 3.258811402279206959e-01
-7.999999999999918288e-02 3.216875209786849155e-01
-7.499999999999917843e-02 3.174936678935864620e-01
-6.999999999999917399e-02 3.132995662954272120e-01
-6.499999999999916955e-02 3.091052391064295080e-01
-5.999999999999916511e-02 3.049106739795206522e-01
-5.499999999999916067e-02 3.007158707866892655e-01
-4.999999999999915623e-02 2.965208248613180331e-01
-4.499999999999915179e-02 2.923255530747610464e-01
-3.999999999999914735e-02 2.881300442413703422e-01
-3.499999999999914291e-02 2.839342898521408642e-01
-2.999999999999913847e-02 2.797383093372900476e-01
-2.499999999999913403e-02 2.755420865059932112e-01
-1.999999999999912959e-02 2.713456290300655382e-01
-1.499999999999912514e-02 2.671489350370848115e-01
-9.999999999999120703e-03 2.629520033526659972e-01
-4.999999999999116262e-03 2.587548399028491986e-01
8.881784197001252323e-16 2.545574382731956575e-01
5.000000000000781597e-03 2.503598031105411792e-01
1.000000000000089706e-02 2.461619319119563443e-01
1.500000000000101252e-02 2.419638189853685617e-01
2.000000000000090594e-02 2.377654773335962091e-01
2.500000000000079936e-02 2.335668943051132374e-01
3.000000000000091482e-02 2.293680787333869375e-01
3.500000000000103029e-02 2.251690245552708802e-01
4.000000000000092371e-02 2.209697382772901619e-01
4.500000000000081712e-02 2.167702149995420768e-01
5.000000000000093259e-02 2.125704590159784857e-01
5.500000000000104805e-02 2.083704683366249810e-01
6.000000000000094147e-02 2.041702345670728391e-01
6.500000000000083489e-02 1.999697708499752480e-01
7.000000000000095035e-02 1.957690747287870181e-01
7.500000000000106581e-02 1.915681381588001386e-01
8.000000000000095923e-02 1.873669724186584062e-01
8.500000000000085265e-02 1.831655708615471667e-01
9.000000000000096811e-02 1.789639290509512648e-01
9.500000000000108358e-02 1.747620567521153134e-01
1.000000000000009770e-01 1.705599478984822781e-01
1.050000000000008704e-01 1.663576013147576305e-01
1.100000000000009859e-01 1.621550225740975293e-01
1.150000000000011013e-01 1.579522104998432042e-01
1.200000000000009948e-01 1.537491628669158672e-01
1.250000000000008882e-01 1.495458804770350980e-01
1.300000000000010036e-01 1.453423634329737979e-01
1.350000000000011191e-01 1.411386081131240644e-01
1.400000000000010125e-01 1.369346260275960958e-01
1.450000000000009059e-01 1.327304054050273407e-01
1.500000000000010214e-01 1.285259496087292064e-01
1.550000000000011369e-01 1.243212603699248575e-01
1.600000000000010303e-01 1.201163412840742239e-01
1.650000000000009237e-01 1.159111767374270130e-01
1.700000000000010392e-01 1.117057844110149745e-01
1.750000000000011546e-01 1.075001600156610948e-01
1.800000000000010481e-01 1.032942992471816979e-01
1.850000000000009415e-01 9.908820451846622746e-02
1.900000000000010569e-01 9.488188171872025123e-02
1.950000000000011724e-01 9.067532082235629787e-02
2.000000000000010658e-01 8.646852030096852104e-02
2.050000000000009592e-01 8.226149434153740003e-02
2.100000000000010747e-01 7.805423093918761879e-02
2.150000000000011902e-01 7.384673345495684771e-02
2.200000000000010836e-01 6.963900524874588882e-02
2.250000000000009770e-01 6.543104560728352226e-02
2.300000000000010925e-01 6.122284450361803465e-02
2.350000000000012079e-01 5.701441402925411239e-02
2.400000000000011013e-01 5.280574986068131693e-02
2.450000000000009948e-01 4.859685128553792310e-02
2.500000000000011102e-01 4.438772422395231843e-02
2.550000000000012257e-01 4.017835690137872007e-02
2.600000000000011191e-01 3.596876175947727461e-02
2.650000000000010125e-01 3.175893307775368157e-02
2.700000000000011280e-01 2.754886990760496701e-02
2.750000000000012434e-01 2.333857200210331939e-02
2.800000000000011369e-01 1.912804225230502198e-02
2.850000000000010303e-01 1.491727540587817202e-02
2.900000000000011458e-01 1.070628483171276457e-02
2.950000000000012612e-01 6.495057359188649571e-03
3.000000000000011546e-01 2.283595416656680754e-03
3.050000000000010481e-01 -1.928097171003173571e-03
3.100000000000011635e-01 -6.140026823686639545e-03
3.150000000000012790e-01 -1.035217761113926827e-02
3.200000000000011724e-01 -1.456457632411911618e-02
3.250000000000010658e-01 -1.877719294543567230e-02
3.300000000000011813e-01 -2.299005519876118342e-02
3.350000000000012967e-01 -2.720313981967592554e-02
3.400000000000011902e-01 -3.141646328776914743e-02
3.450000000000010836e-01 -3.563001651218655752e-02
3.500000000000011990e-01 -3.984380140104804013e-02
3.550000000000013145e-01 -4.405782456115048262e-02
3.600000000000012079e-01 -4.827207040875691746e-02
3.650000000000011013e-01 -5.248655176910688169e-02
3.700000000000012168e-01 -5.670126516702111985e-02
3.750000000000013323e-01 -6.091621295013283088e-02
3.800000000000012257e-01 -6.513139059529748920e-02
3.850000000000011191e-01 -6.934679753953787440e-02
3.900000000000012346e-01 -7.356243950630414474e-02
3.950000000000013500e-01 -7.777830941222418915e-02
4.000000000000012434e-01 -8.199441728697820508e-02
4.050000000000011369e-01 -8.621074953043716960e-02
4.100000000000012523e-01 -9.042731873364573403e-02
4.150000000000013678e-01 -9.464411513590675895e-02
4.200000000000012612e-01 -9.886115040012555255e-02
4.250000000000011546e-01 -1.030784118543124350e-01
4.300000000000012701e-01 -1.072959099958552542e-01
4.350000000000013856e-01 -1.115136325042840326e-01
4.400000000000012790e-01 -1.157315884784111404e-01
4.450000000000011724e-01 -1.199497779393823294e-01
4.500000000000012879e-01 -1.241681932233404950e-01
4.550000000000014033e-01 -1.283868457583139389e-01
4.600000000000012967e-01 -1.326057274147842691e-01
4.650000000000011902e-01 -1.368248384462731337e-01
4.700000000000013056e-01 -1.410441832965716458e-01
4.750000000000014211e-01 -1.452637567469992064e-01
4.800000000000013145e-01 -1.494835632422564231e-01
4.850000000000012079e-01 -1.537035946523701568e-01
4.900000000000013234e-01 -1.579238646204430552e-01
4.950000000000014388e-01 -1.621443587291651056e-01
5.000000000000013323e-01 -1.663650859661629511e-01
5.050000000000012257e-01 -1.705860475719873648e-01
5.100000000000013411e-01 -1.748072366417545709e-01
5.150000000000014566e-01 -1.790286563987137924e-01
5.200000000000013500e-01 -1.832503089001420449e-01
5.250000000000012434e-01 -1.874721828753536101e-01
5.300000000000013589e-01 -1.916942970885884279e-01
5.350000000000014744e-01 -1.959166359617938724e-01
5.400000000000013678e-01 -2.001392102260979300e-01
5.450000000000012612e-01 -2.043620129188639112e-01
5.500000000000013767e-01 -2.085850384733021201e-01
5.550000000000014921e-01 -2.128082979711507505e-01
5.600000000000013856e-01 -2.170317899206111179e-01
5.650000000000012790e-01 -2.212555129472093540e-01
5.700000000000013944e-01 -2.254794662574113318e-01
5.750000000000015099e-01 -2.297036446345828153e-01
5.800000000000014033e-01 -2.339280590454109188e-01
5.850000000000012967e-01 -2.381527017112148314e-01
5.900000000000014122e-01 -2.423775716067666508e-01
5.950000000000015277e-01 -2.466026699196390837e-01
6.000000000000014211e-01 -2.508279974863398820e-01
6.050000000000013145e-01 -2.550535595694327640e-01
6.100000000000014300e-01 -2.592793446665382362e-01
6.150000000000015454e-01 -2.635053623457679350e-01
6.200000000000014388e-01 -2.677316115832582000e-01
6.250000000000013323e-01 -2.719580876294003247e-01
6.300000000000014477e-01 -2.761847987724195264e-01
6.350000000000015632e-01 -2.804117328121265018e-01
6.400000000000014566e-01 -2.846388948942149000e-01
6.450000000000013500e-01 -2.888662935413321975e-01
6.500000000000014655e-01 -2.930939123627922527e-01
6.550000000000015810e-01 -2.973217652329367411e-01
6.600000000000014744e-01 -3.015498422839755222e-01
6.650000000000013678e-01 -3.057781555287419906e-01
6.700000000000014833e-01 -3.100066906631582242e-01
6.750000000000015987e-01 -3.142354562382934091e-01
6.800000000000014921e-01 -3.184644556270086468e-01
6.850000000000013856e-01 -3.226936803619082639e-01
6.900000000000015010e-01 -3.269231298884278658e-01
6.950000000000016165e-01 -3.311528143574378191e-01
7.000000000000015099e-01 -3.353827221526444191e-01
7.050000000000014033e-01 -3.396128636600224127e-01
7.100000000000015188e-01 -3.438432320365336636e-01
7.150000000000016342e-01 -3.480738299829226889e-01
7.200000000000015277e-01 -3.523046524032906746e-01
7.250000000000014211e-01 -3.565357028144262586e-01
7.300000000000015365e-01 -3.607669822908974311e-01
7.350000000000016520e-01 -3.649984939993373700e-01
7.400000000000015454e-01 -3.692302301665222330e-01
7.450000000000014388e-01 -3.734621961734774231e-01
7.500000000000015543e-01 -3.776943884358843206e-01
7.550000000000016698e-01 -3.819268107051811967e-01
7.600000000000015632e-01 -3.861594569541466626e-01
7.650000000000014566e-01 -3.903923358225256379e-01
7.700000000000015721e-01 -3.946254342988595454e-01
7.750000000000016875e-01 -3.988587716171423381e-01
7.800000000000015810e-01 -4.030923299919777492e-01
7.850000000000014744e-01 -4.073261187634216185e-01
7.900000000000015898e-01 -4.115601342325589940e-01
7.950000000000017053e-01 -4.157943754946700210e-01
8.000000000000015987e-01 -4.200288453705525171e-01
8.050000000000014921e-01 -4.242635414409505756e-01
8.100000000000016076e-01 -4.284984668777269690e-01
8.150000000000017231e-01 -4.327336197272870777e-01
8.200000000000016165e-01 -4.369690001335584384e-01
8.250000000000015099e-01 -4.412046060285774729e-01
8.300000000000016254e-01 -4.454404388366128842e-01
8.350000000000017408e-01 -4.496764977118345996e-01
8.400000000000016342e-01 -4.539127925174852862e-01
8.450000000000015277e-01 -4.581493045982369949e-01
8.500000000000016431e-01 -4.623860483582120651e-01
8.550000000000017586e-01 -4.666230154432469135e-01
8.600000000000016520e-01 -4.708602140310631512e-01
8.650000000000015454e-01 -4.750976320406152809e-01
8.700000000000016609e-01 -4.793352846349989704e-01
8.750000000000017764e-01 -4.835731581056279538e-01
8.800000000000016698e-01 -4.878112644710199675e-01
8.850000000000015632e-01 -4.920495925830437045e-01
8.900000000000016787e-01 -4.962881460805874667e-01
8.950000000000017941e-01 -5.005269292983030027e-01
9.000000000000016875e-01 -5.047659371427926089e-01
9.050000000000015810e-01 -5.090051744161883107e-01
9.100000000000016964e-01 -5.132446336965585942e-01
9.150000000000018119e-01 -5.174843219970171049e-01
9.200000000000017053e-01 -5.217242367864400876e-01
9.250000000000015987e-01 -5.259643780937039992e-01
9.300000000000017142e-01 -5.302047396610305441e-01
9.350000000000018296e-01 -5.344453339753272303e-01
9.400000000000017231e-01 -5.386861495394441590e-01
9.450000000000016165e-01 -5.429271974430776027e-01
9.500000000000017319e-01 -5.471684661906692781e-01
9.550000000000018474e-01 -5.514099624476784811e-01
9.600000000000017408e-01 -5.556516844976613356e-01
9.650000000000016342e-01 -5.598936315550417930e-01
9.700000000000017497e-01 -5.641358056293483969e-01
9.750000000000018652e-01 -5.683782032594990596e-01
9.800000000000017586e-01 -5.726208276162196853e-01
9.850000000000016520e-01 -5.768636793145560659e-01
9.900000000000017675e-01 -5.811067544248089689e-01
9.950000000000018829e-01 -5.853500539096785360e-01
1.000000000000001776e+00 -5.895935793137141445e-01
