-1.000000000000000000e+00 2.101619792804919840e+00
-9.949999999999999956e-01 2.067958196244696456e+00
-9.899999999999999911e-01 2.034450116225949845e+00
-9.849999999999999867e-01 2.001095552748678230e+00
-9.799999999999999822e-01 1.967894505812883832e+00
-9.749999999999999778e-01 1.934846975418564430e+00
-9.699999999999999734e-01 1.901952961565721578e+00
-9.649999999999999689e-01 1.869212464254355277e+00
-9.599999999999999645e-01 1.836625483484463972e+00
-9.549999999999999600e-01 1.804192019256048773e+00
-9.499999999999999556e-01 1.771912071569111236e+00
-9.449999999999999512e-01 1.739785640423647806e+00
-9.399999999999999467e-01 1.707812725819661148e+00
-9.349999999999999423e-01 1.675993327757151263e+00
-9.299999999999999378e-01 1.644327446236116375e+00
-9.249999999999999334e-01 1.612815081256558924e+00
-9.199999999999999289e-01 1.581456232818475804e+00
-9.149999999999999245e-01 1.550250900921869235e+00
-9.099999999999999201e-01 1.519199085566739882e+00
-9.049999999999999156e-01 1.488300786753085525e+00
-8.999999999999999112e-01 1.457556004480907941e+00
-8.949999999999999067e-01 1.426964738750205575e+00
-8.899999999999999023e-01 1.396526989560979315e+00
-8.849999999999998979e-01 1.366242756913230050e+00
-8.799999999999998934e-01 1.336112040806955781e+00
-8.749999999999998890e-01 1.306134841242157840e+00
-8.699999999999998845e-01 1.276311158218836672e+00
-8.649999999999998801e-01 1.246640991736990500e+00
-8.599999999999998757e-01 1.217124341796620879e+00
-8.549999999999998712e-01 1.187761208397727808e+00
-8.499999999999998668e-01 1.158551591540309955e+00
-8.449999999999998623e-01 1.129495491224369319e+00
-8.399999999999998579e-01 1.100592907449903679e+00
-8.349999999999998535e-01 1.071843840216913923e+00
-8.299999999999998490e-01 1.043248289525400940e+00
-8.249999999999998446e-01 1.014806255375363619e+00
-8.199999999999998401e-01 9.865177377668032932e-01
-8.149999999999998357e-01 9.583827366997177410e-01
-8.099999999999998312e-01 9.304012521741085173e-01
-8.049999999999998268e-01 9.025732841899760661e-01
-7.999999999999998224e-01 8.748988327473186111e-01
-7.949999999999998179e-01 8.473778978461383726e-01
-7.899999999999998135e-01 8.200104794864345736e-01
-7.849999999999998090e-01 7.927965776682054377e-01
-7.799999999999998046e-01 7.657361923914525192e-01
-7.749999999999998002e-01 7.388293236561755961e-01
-7.699999999999997957e-01 7.120759714623745573e-01
-7.649999999999997913e-01 6.854761358100507351e-01
-7.599999999999997868e-01 6.590298166992029083e-01
-7.549999999999997824e-01 6.327370141298300776e-01
-7.499999999999997780e-01 6.065977281019335754e-01
-7.449999999999997735e-01 5.806119586155130685e-01
-7.399999999999997691e-01 5.547797056705693342e-01
-7.349999999999997646e-01 5.291009692671019282e-01
-7.299999999999997602e-01 5.035757494051095184e-01
-7.249999999999997558e-01 4.782040460845931040e-01
-7.199999999999997513e-01 4.529858593055530180e-01
-7.149999999999997469e-01 4.279211890679897601e-01
-7.099999999999997424e-01 4.030100353719023865e-01
-7.049999999999997380e-01 3.782523982172905086e-01
-6.999999999999997335e-01 3.536482776041542930e-01
-6.949999999999997291e-01 3.291976735324946834e-01
-6.899999999999997247e-01 3.049005860023107917e-01
-6.849999999999997202e-01 2.807570150136034504e-01
-6.799999999999997158e-01 2.567669605663720489e-01
-6.749999999999997113e-01 2.329304226606167538e-01
-6.699999999999997069e-01 2.092474012963376206e-01
-6.649999999999997025e-01 1.857178964735339555e-01
-6.599999999999996980e-01 1.623419081922068685e-01
-6.549999999999996936e-01 1.391194364523559157e-01
-6.499999999999996891e-01 1.160504812539804587e-01
-6.449999999999996847e-01 9.313504259708156596e-02
-6.399999999999996803e-01 7.037312048165859923e-02
-6.349999999999996758e-01 4.776471490771176664e-02
-6.299999999999996714e-01 2.530982587524107166e-02
-6.249999999999996669e-01 3.008453384246078874e-03
-6.199999999999996625e-01 -1.913940256527255773e-02
-6.149999999999996581e-01 -4.113374197331527704e-02
-6.099999999999996536e-01 -6.297456483988207732e-02
-6.049999999999996492e-01 -8.466187116497252141e-02
-5.999999999999996447e-01 -1.061956609485870395e-01
-5.949999999999996403e-01 -1.275759341907254374e-01
-5.899999999999996358e-01 -1.488026908913876734e-01
-5.849999999999996314e-01 -1.698759310505742193e-01
-5.799999999999996270e-01 -1.907956546682844090e-01
-5.749999999999996225e-01 -2.115618617445184646e-01
-5.699999999999996181e-01 -2.321745522792770522e-01
-5.649999999999996136e-01 -2.526337262725590338e-01
-5.599999999999996092e-01 -2.729393837243648813e-01
-5.549999999999996048e-01 -2.930915246346948444e-01
-5.499999999999996003e-01 -3.130901490035486456e-01
-5.449999999999995959e-01 -3.329352568309267291e-01
-5.399999999999995914e-01 -3.526268481168284841e-01
-5.349999999999995870e-01 -3.721649228612541327e-01
-5.299999999999995826e-01 -3.915494810642040080e-01
-5.249999999999995781e-01 -4.107805227256775549e-01
-5.199999999999995737e-01 -4.298580478456749954e-01
-5.149999999999995692e-01 -4.487820564241964960e-01
-5.099999999999995648e-01 -4.675525484612418348e-01
-5.049999999999995604e-01 -4.861695239568112892e-01
-4.999999999999995559e-01 -5.046329829109045262e-01
-4.949999999999995515e-01 -5.229429253235217123e-01
-4.899999999999995470e-01 -5.410993511946632362e-01
-4.849999999999995426e-01 -5.591022605243283206e-01
-4.799999999999995381e-01 -5.769516533125172986e-01
-4.749999999999995337e-01 -5.946475295592302812e-01
-4.699999999999995293e-01 -6.121898892644670465e-01
-4.649999999999995248e-01 -6.295787324282282604e-01
-4.599999999999995204e-01 -6.468140590505129239e-01
-4.549999999999995159e-01 -6.638958691313217031e-01
-4.499999999999995115e-01 -6.808241626706547089e-01
-4.449999999999995071e-01 -6.975989396685112753e-01
-4.399999999999995026e-01 -7.142202001248917353e-01
-4.349999999999994982e-01 -7.306879440397963110e-01
-4.299999999999994937e-01 -7.470021714132246693e-01
-4.249999999999994893e-01 -7.631628822451772542e-01
-4.199999999999994849e-01 -7.791700765356536218e-01
-4.149999999999994804e-01 -7.950237542846538830e-01
-4.099999999999994760e-01 -8.107239154921782598e-01
-4.049999999999994715e-01 -8.262705601582264192e-01
-3.999999999999994671e-01 -8.416636882827984723e-01
-3.949999999999994627e-01 -8.569032998658944189e-01
-3.899999999999994582e-01 -8.719893949075144812e-01
-3.849999999999994538e-01 -8.869219734076585482e-01
-3.799999999999994493e-01 -9.017010353663263977e-01
-3.749999999999994449e-01 -9.163265807835181409e-01
-3.699999999999994404e-01 -9.307986096592341108e-01
-3.649999999999994360e-01 -9.451171219934737522e-01
-3.599999999999994316e-01 -9.592821177862373982e-01
-3.549999999999994271e-01 -9.732935970375249379e-01
-3.499999999999994227e-01 -9.871515597473364823e-01
-3.449999999999994182e-01 -1.000856005915672142e+00
-3.399999999999994138e-01 -1.014406935542531363e+00
-3.349999999999994094e-01 -1.027804348627914921e+00
-3.299999999999994049e-01 -1.041048245171822373e+00
-3.249999999999994005e-01 -1.054138625174253496e+00
-3.199999999999993960e-01 -1.067075488635208513e+00
-3.149999999999993916e-01 -1.079858835554687424e+00
-3.099999999999993872e-01 -1.092488665932690450e+00
-3.049999999999993827e-01 -1.104964979769217814e+00
-2.999999999999993783e-01 -1.117287777064268628e+00
-2.949999999999993738e-01 -1.129457057817843557e+00
-2.899999999999993694e-01 -1.141472822029942380e+00
-2.849999999999993650e-01 -1.153335069700565096e+00
-2.799999999999993605e-01 -1.165043800829711707e+00
-2.749999999999993561e-01 -1.176599015417382210e+00
-2.699999999999993516e-01 -1.188000713463577052e+00
-2.649999999999993472e-01 -1.199248894968295787e+00
-2.599999999999993427e-01 -1.210343559931538193e+00
-2.549999999999993383e-01 -1.221284708353304493e+00
-2.499999999999993339e-01 -1.232072340233594687e+00
-2.449999999999993294e-01 -1.242706455572409219e+00
-2.399999999999993250e-01 -1.253187054369747200e+00
-2.349999999999993205e-01 -1.263514136625609519e+00
-2.299999999999993161e-01 -1.273687702339995509e+00
-2.249999999999993117e-01 -1.283707751512905837e+00
-2.199999999999993072e-01 -1.293574284144339837e+00
-2.149999999999993028e-01 -1.303287300234297508e+00
-2.099999999999992983e-01 -1.312846799782779739e+00
-2.049999999999992939e-01 -1.322252782789785197e+00
-1.999999999999992895e-01 -1.331505249255314993e+00
-1.949999999999992850e-01 -1.340604199179368905e+00
-1.899999999999992806e-01 -1.349549632561946266e+00
-1.849999999999992761e-01 -1.358341549403047965e+00
-1.799999999999992717e-01 -1.366979949702673336e+00
-1.749999999999992673e-01 -1.375464833460822822e+00
-1.699999999999992628e-01 -1.383796200677496424e+00
-1.649999999999992584e-01 -1.391974051352693698e+00
-1.599999999999992539e-01 -1.399998385486415087e+00
-1.549999999999992495e-01 -1.407869203078660369e+00
-1.499999999999992450e-01 -1.415586504129429324e+00
-1.449999999999992406e-01 -1.423150288638722394e+00
-1.399999999999992362e-01 -1.430560556606539802e+00
-1.349999999999992317e-01 -1.437817308032880437e+00
-1.299999999999992273e-01 -1.444920542917745410e+00
-1.249999999999992228e-01 -1.451870261261134054e+00
-1.199999999999992184e-01 -1.458666463063047036e+00
-1.149999999999992140e-01 -1.465309148323483912e+00
-1.099999999999992095e-01 -1.471798317042444681e+00
-1.049999999999992051e-01 -1.478133969219929122e+00
-9.999999999999920064e-02 -1.484316104855937679e+00
-9.499999999999919620e-02 -1.490344723950470351e+00
-8.999999999999919176e-02 -1.496219826503526917e+00
-8.499999999999918732e-02 -1.501941412515106933e+00
-7.999999999999918288e-02 -1.507509481985211508e+00
-7.499999999999917843e-02 -1.512924034913839977e+00
-6.999999999999917399e-02 -1.518185071300991895e+00
-6.499999999999916955e-02 -1.523292591146668151e+00
-5.999999999999916511e-02 -1.528246594450868301e+00
-5.499999999999916067e-02 -1.533047081213592122e+00
-4.999999999999915623e-02 -1.537694051434840281e+00
-4.499999999999915179e-02 -1.542187505114612112e+00
-3.999999999999914735e-02 -1.546527442252908058e+00
-3.499999999999914291e-02 -1.550713862849727898e+00
-2.999999999999913847e-02 -1.554746766905071409e+00
-2.499999999999913403e-02 -1.558626154418939258e+00
-1.999999999999912959e-02 -1.562352025391330779e+00
-1.499999999999912514e-02 -1.565924379822246415e+00
-9.999999999999120703e-03 -1.569343217711685945e+00
-4.999999999999116262e-03 -1.572608539059649368e+00
8.881784197001252323e-16 -1.575720343866136908e+00
5.000000000000781597e-03 -1.578678632131148118e+00
1.000000000000089706e-02 -1.581483403854683445e+00
1.500000000000101252e-02 -1.584134659036742665e+00
2.000000000000090594e-02 -1.586632397677325779e+00
2.500000000000079936e-02 -1.588976619776432786e+00
3.000000000000091482e-02 -1.591167325334063909e+00
3.500000000000103029e-02 -1.593204514350218926e+00
4.000000000000092371e-02 -1.595088186824897614e+00
4.500000000000081712e-02 -1.596818342758100417e+00
5.000000000000093259e-02 -1.598394982149827337e+00
5.500000000000104805e-02 -1.599818105000078150e+00
6.000000000000094147e-02 -1.601087711308852857e+00
6.500000000000083489e-02 -1.602203801076151457e+00
7.000000000000095035e-02 -1.603166374301973951e+00
7.500000000000106581e-02 -1.603975430986320561e+00
8.000000000000095923e-02 -1.604630971129191064e+00
8.500000000000085265e-02 -1.605132994730585239e+00
9.000000000000096811e-02 -1.605481501790503529e+00
9.500000000000108358e-02 -1.605676492308945935e+00
1.000000000000009770e-01 -1.605717966285912013e+00
1.050000000000008704e-01 -1.605605923721402428e+00
1.100000000000009859e-01 -1.605340364615416293e+00
1.150000000000011013e-01 -1.604921288967954496e+00
1.200000000000009948e-01 -1.604348696779016370e+00
1.250000000000008882e-01 -1.603622588048602138e+00
1.300000000000010036e-01 -1.602742962776712021e+00
1.350000000000011191e-01 -1.601709820963345798e+00
1.400000000000010125e-01 -1.600523162608503469e+00
1.450000000000009059e-01 -1.599182987712185255e+00
1.500000000000010214e-01 -1.597689296274390935e+00
1.550000000000011369e-01 -1.596042088295120287e+00
1.600000000000010303e-01 -1.594241363774373976e+00
1.650000000000009237e-01 -1.592287122712151559e+00
1.700000000000010392e-01 -1.590179365108452814e+00
1.750000000000011546e-01 -1.587918090963277962e+00
1.800000000000010481e-01 -1.585503300276627225e+00
1.850000000000009415e-01 -1.582934993048500605e+00
1.900000000000010569e-01 -1.580213169278897656e+00
1.950000000000011724e-01 -1.577337828967818600e+00
2.000000000000010658e-01 -1.574308972115263661e+00
2.050000000000009592e-01 -1.571126598721232837e+00
2.100000000000010747e-01 -1.567790708785725684e+00
2.150000000000011902e-01 -1.564301302308742203e+00
2.200000000000010836e-01 -1.560658379290283282e+00
2.250000000000009770e-01 -1.556861939730348032e+00
2.300000000000010925e-01 -1.552911983628936454e+00
2.350000000000012079e-01 -1.548808510986049214e+00
2.400000000000011013e-01 -1.544551521801685645e+00
2.450000000000009948e-01 -1.540141016075846192e+00
2.500000000000011102e-01 -1.535576993808530633e+00
2.550000000000012257e-01 -1.530859454999738967e+00
2.600000000000011191e-01 -1.525988399649471194e+00
2.650000000000010125e-01 -1.520963827757727538e+00
2.700000000000011280e-01 -1.515785739324507775e+00
2.750000000000012434e-01 -1.510454134349811683e+00
2.800000000000011369e-01 -1.504969012833639708e+00
2.850000000000010303e-01 -1.499330374775991848e+00
2.900000000000011458e-01 -1.493538220176867881e+00
2.950000000000012612e-01 -1.487592549036267586e+00
3.000000000000011546e-01 -1.481493361354191851e+00
3.050000000000010481e-01 -1.475240657130639343e+00
3.100000000000011635e-01 -1.468834436365610951e+00
3.150000000000012790e-01 -1.462274699059106453e+00
3.200000000000011724e-01 -1.455561445211126292e+00
3.250000000000010658e-01 -1.448694674821670025e+00
3.300000000000011813e-01 -1.441674387890737430e+00
3.350000000000012967e-01 -1.434500584418328506e+00
3.400000000000011902e-01 -1.427173264404443920e+00
3.450000000000010836e-01 -1.419692427849083671e+00
3.500000000000011990e-01 -1.412058074752246428e+00
3.550000000000013145e-01 -1.404270205113933523e+00
3.600000000000012079e-01 -1.396328818934144955e+00
3.650000000000011013e-01 -1.388233916212880281e+00
3.700000000000012168e-01 -1.379985496950139057e+00
3.750000000000013323e-01 -1.371583561145921726e+00
3.800000000000012257e-01 -1.363028108800228955e+00
3.850000000000011191e-01 -1.354319139913059633e+00
3.900000000000012346e-01 -1.345456654484414205e+00
3.950000000000013500e-01 -1.336440652514292893e+00
4.000000000000012434e-01 -1.327271134002695696e+00
4.050000000000011369e-01 -1.317948098949622615e+00
4.100000000000012523e-01 -1.308471547355072984e+00
4.150000000000013678e-01 -1.298841479219047246e+00
4.200000000000012612e-01 -1.289057894541545402e+00
4.250000000000011546e-01 -1.279120793322568339e+00
4.300000000000012701e-01 -1.269030175562114282e+00
4.350000000000013856e-01 -1.258786041260184563e+00
4.400000000000012790e-01 -1.248388390416778737e+00
4.450000000000011724e-01 -1.237837223031897027e+00
4.500000000000012879e-01 -1.227132539105538989e+00
4.550000000000014033e-01 -1.216274338637704622e+00
4.600000000000012967e-01 -1.205262621628395037e+00
4.650000000000011902e-01 -1.194097388077608679e+00
4.700000000000013056e-01 -1.182778637985346437e+00
4.750000000000014211e-01 -1.171306371351608089e+00
4.800000000000013145e-01 -1.159680588176393856e+00
4.850000000000012079e-01 -1.147901288459703961e+00
4.900000000000013234e-01 -1.135968472201537294e+00
4.950000000000014388e-01 -1.123882139401894520e+00
5.000000000000013323e-01 -1.111642290060775862e+00
5.050000000000012257e-01 -1.099248924178182207e+00
5.100000000000013411e-01 -1.086702041754110670e+00
5.150000000000014566e-01 -1.074001642788563693e+00
5.200000000000013500e-01 -1.061147727281541497e+00
5.250000000000012434e-01 -1.048140295233042751e+00
5.300000000000013589e-01 -1.034979346643067677e+00
5.350000000000014744e-01 -1.021664881511616052e+00
5.400000000000013678e-01 -1.008196899838690097e+00
5.450000000000012612e-01 -9.945754016242867035e-01
5.500000000000013767e-01 -9.808003868684073145e-01
5.550000000000014921e-01 -9.668718555710520413e-01
5.600000000000013856e-01 -9.527898077322209947e-01
5.650000000000012790e-01 -9.385542433519140637e-01
5.700000000000013944e-01 -9.241651624301304713e-01
5.750000000000015099e-01 -9.096225649668707725e-01
5.800000000000014033e-01 -8.949264509621351893e-01
5.850000000000012967e-01 -8.800768204159243879e-01
5.900000000000014122e-01 -8.650736733282361479e-01
5.950000000000015277e-01 -8.499170096990723566e-01
6.000000000000014211e-01 -8.346068295284329031e-01
6.050000000000013145e-01 -8.191431328163180092e-01
6.100000000000014300e-01 -8.035259195627247886e-01
6.150000000000015454e-01 -7.877551897676566828e-01
6.200000000000014388e-01 -7.718309434311136918e-01
6.250000000000013323e-01 -7.557531805530933733e-01
6.300000000000014477e-01 -7.395219011335970594e-01
6.350000000000015632e-01 -7.231371051726247501e-01
6.400000000000014566e-01 -7.065987926701775557e-01
6.450000000000013500e-01 -6.899069636262530336e-01
6.500000000000014655e-01 -6.730616180408525162e-01
6.550000000000015810e-01 -6.560627559139758924e-01
6.600000000000014744e-01 -6.389103772456232733e-01
6.650000000000013678e-01 -6.216044820357957690e-01
6.700000000000014833e-01 -6.041450702844910481e-01
6.750000000000015987e-01 -5.865321419917101098e-01
6.800000000000014921e-01 -5.687656971574532871e-01
6.850000000000013856e-01 -5.508457357817203581e-01
6.900000000000015010e-01 -5.327722578645112117e-01
6.950000000000016165e-01 -5.145452634058261809e-01
7.000000000000015099e-01 -4.961647524056663205e-01
7.050000000000014033e-01 -4.776307248640290215e-01
7.100000000000015188e-01 -4.589431807809157826e-01
7.150000000000016342e-01 -4.401021201563264373e-01
7.200000000000015277e-01 -4.211075429902609302e-01
7.250000000000014211e-01 -4.019594492827208154e-01
7.300000000000015365e-01 -3.826578390337032620e-01
7.350000000000016520e-01 -3.632027122432097688e-01
7.400000000000015454e-01 -3.435940689112401691e-01
7.450000000000014388e-01 -3.238319090377956844e-01
7.500000000000015543e-01 -3.039162326228740385e-01
7.550000000000016698e-01 -2.838470396664747319e-01
7.600000000000015632e-01 -2.636243301686022611e-01
7.650000000000014566e-01 -2.432481041292537394e-01
7.700000000000015721e-01 -2.227183615484264190e-01
7.750000000000016875e-01 -2.020351024261242689e-01
7.800000000000015810e-01 -1.811983267623475391e-01
7.850000000000014744e-01 -1.602080345570933428e-01
7.900000000000015898e-01 -1.390642258103632067e-01
7.950000000000017053e-01 -1.177669005221567422e-01
8.000000000000015987e-01 -9.631605869247565621e-02
8.050000000000014921e-01 -7.471170032131713157e-02
8.100000000000016076e-01 -5.295382540868268095e-02
8.150000000000017231e-01 -3.104243395457209273e-02
8.200000000000016165e-01 -8.977525958985370369e-03
8.250000000000015099e-01 1.324089857807574447e-02
8.300000000000016254e-01 3.561283965661452694e-02
8.350000000000017408e-01 5.813829727662922497e-02
8.400000000000016342e-01 8.081727143812006409e-02
8.450000000000015277e-01 1.036497621410870373e-01
8.500000000000016431e-01 1.266357693855301447e-01
8.550000000000017586e-01 1.497752931714491920e-01
8.600000000000016520e-01 1.730683334988425970e-01
8.650000000000015454e-01 1.965148903677136905e-01
8.700000000000016609e-01 2.201149637780611401e-01
8.750000000000017764e-01 2.438685537298842798e-01
8.800000000000016698e-01 2.677756602231837757e-01
8.850000000000015632e-01 2.918362832579574628e-01
8.900000000000016787e-01 3.160504228342090327e-01
8.950000000000017941e-01 3.404180789519364869e-01
9.000000000000016875e-01 3.649392516111398810e-01
9.050000000000015810e-01 3.896139408118181047e-01
9.100000000000016964e-01 4.144421465539736005e-01
9.150000000000018119e-01 4.394238688376071456e-01
9.200000000000017053e-01 4.645591076627135774e-01
9.250000000000015987e-01 4.898478630292954494e-01
9.300000000000017142e-01 5.152901349373572026e-01
9.350000000000018296e-01 5.408859233868931193e-01
9.400000000000017231e-01 5.666352283779036991e-01
9.450000000000016165e-01 5.925380499103918286e-01
9.500000000000017319e-01 6.185943879843559534e-01
9.550000000000018474e-01 6.448042425997964067e-01
9.600000000000017408e-01 6.711676137567106348e-01
9.650000000000016342e-01 6.976845014551029678e-01
9.700000000000017497e-01 7.243549056949716292e-01
9.750000000000018652e-01 7.511788264763162859e-01
9.800000000000017586e-01 7.781562637991367160e-01
9.850000000000016520e-01 8.052872176634314760e-01
9.900000000000017675e-01 8.325716880692042299e-01
9.950000000000018829e-01 8.600096750164528681e-01
1.000000000000001776e+00 8.876011785051779457e-01
