-1.000000000000000000e+00 3.906540588694706884e+00
-9.949999999999999956e-01 3.860022145891644385e+00
-9.899999999999999911e-01 3.813715747310862270e+00
-9.849999999999999867e-01 3.767621334279038336e+00
-9.799999999999999822e-01 3.721738951266825524e+00
-9.749999999999999778e-01 3.676068568151759308e+00
-9.699999999999999734e-01 3.630610274340806853e+00
-9.649999999999999689e-01 3.585363876613637757e+00
-9.599999999999999645e-01 3.540329612632131528e+00
-9.549999999999999600e-01 3.495507259315427717e+00
-9.499999999999999556e-01 3.450896995157318514e+00
-9.449999999999999512e-01 3.406498790122650888e+00
-9.399999999999999467e-01 3.362312584635883894e+00
-9.349999999999999423e-01 3.318338424040785384e+00
-9.299999999999999378e-01 3.274576233424095761e+00
-9.249999999999999334e-01 3.231026116453659114e+00
-9.199999999999999289e-01 3.187688088379882601e+00
-9.149999999999999245e-01 3.144561985784758207e+00
-9.099999999999999201e-01 3.101648001743097183e+00
-9.049999999999999156e-01 3.058946031975875002e+00
-8.999999999999999112e-01 3.016456106518244695e+00
-8.949999999999999067e-01 2.974178254590452042e+00
-8.899999999999999023e-01 2.932112387571333301e+00
-8.849999999999998979e-01 2.890258623767959278e+00
-8.799999999999998934e-01 2.848616844844155338e+00
-8.749999999999998890e-01 2.807187154380454075e+00
-8.699999999999998845e-01 2.765969478132983994e+00
-8.649999999999998801e-01 2.724963905304985445e+00
-8.599999999999998757e-01 2.684170376408228975e+00
-8.549999999999998712e-01 2.643588876599761051e+00
-8.499999999999998668e-01 2.603219450524857592e+00
-8.449999999999998623e-01 2.563062038491562333e+00
-8.399999999999998579e-01 2.523116729819530946e+00
-8.349999999999998535e-01 2.483383465078741636e+00
-8.299999999999998490e-01 2.443862273955101472e+00
-8.249999999999998446e-01 2.404553126413457420e+00
-8.199999999999998401e-01 2.365456067506539028e+00
-8.149999999999998357e-01 2.326571052443551224e+00
-8.099999999999998312e-01 2.287898095921928387e+00
-8.049999999999998268e-01 2.249437212930143204e+00
-7.999999999999998224e-01 2.211188373607665625e+00
-7.949999999999998179e-01 2.173151652605820772e+00
-7.899999999999998135e-01 2.135326975185972032e+00
-7.849999999999998090e-01 2.097714356423903581e+00
-7.799999999999998046e-01 2.060313826005522486e+00
-7.749999999999998002e-01 2.023125339256448996e+00
-7.699999999999997957e-01 1.986148970740696740e+00
-7.649999999999997913e-01 1.949384616033722040e+00
-7.599999999999997868e-01 1.912832394286606785e+00
-7.549999999999997824e-01 1.876492246040225353e+00
-7.499999999999997780e-01 1.840364141404943865e+00
-7.449999999999997735e-01 1.804448139985407096e+00
-7.399999999999997691e-01 1.768744167275809076e+00
-7.349999999999997646e-01 1.733252327584278163e+00
-7.299999999999997602e-01 1.697972605980549332e+00
-7.249999999999997558e-01 1.662904913057655421e+00
-7.199999999999997513e-01 1.628049293548183840e+00
-7.149999999999997469e-01 1.593405747393926930e+00
-7.099999999999997424e-01 1.558974289525149715e+00
-7.049999999999997380e-01 1.524754964645335775e+00
-6.999999999999997335e-01 1.490747668417252925e+00
-6.949999999999997291e-01 1.456952520021086883e+00
-6.899999999999997247e-01 1.423369415265124616e+00
-6.849999999999997202e-01 1.389998398707330551e+00
-6.799999999999997158e-01 1.356839500266442400e+00
-6.749999999999997113e-01 1.323892660192296233e+00
-6.699999999999997069e-01 1.291157938176848319e+00
-6.649999999999997025e-01 1.258635304475983929e+00
-6.599999999999996980e-01 1.226324729170965355e+00
-6.549999999999996936e-01 1.194226257023483839e+00
-6.499999999999996891e-01 1.162339917806757938e+00
-6.449999999999996847e-01 1.130665637102293175e+00
-6.399999999999996803e-01 1.099203429607523930e+00
-6.349999999999996758e-01 1.067953384962248009e+00
-6.299999999999996714e-01 1.036915383811656710e+00
-6.249999999999996669e-01 1.006089485789498639e+00
-6.199999999999996625e-01 9.754756908666698534e-01
-6.149999999999996581e-01 9.450739692990558494e-01
-6.099999999999996536e-01 9.148843658192439277e-01
-6.049999999999996492e-01 8.849068951828761298e-01
-5.999999999999996447e-01 8.551414830296656389e-01
-5.949999999999996403e-01 8.255881590746233512e-01
-5.899999999999996358e-01 7.962469234050607580e-01
-5.849999999999996314e-01 7.671178354801034827e-01
-5.799999999999996270e-01 7.382008209103608776e-01
-5.749999999999996225e-01 7.094959094981553305e-01
-5.699999999999996181e-01 6.810031458596589315e-01
-5.649999999999996136e-01 6.527224407043198395e-01
-5.599999999999996092e-01 6.246538386483101446e-01
-5.549999999999996048e-01 5.967973396916298467e-01
-5.499999999999996003e-01 5.691529438924866069e-01
-5.449999999999995959e-01 5.417206661520416189e-01
-5.399999999999995914e-01 5.145004765224533427e-01
-5.349999999999995870e-01 4.874924050097709793e-01
-5.299999999999995826e-01 4.606964366255218435e-01
-5.249999999999995781e-01 4.341125713406021047e-01
-5.199999999999995737e-01 4.077408091841155935e-01
-5.149999999999995692e-01 3.815811650572235036e-01
-5.099999999999995648e-01 3.556336240878684718e-01
-5.049999999999995604e-01 3.298981862178428370e-01
-4.999999999999995559e-01 3.043748515053542603e-01
-4.949999999999995515e-01 2.790636049328262258e-01
-4.899999999999995470e-01 2.539645061922150004e-01
-4.849999999999995426e-01 2.290775107255561549e-01
-4.799999999999995381e-01 2.044026182418113846e-01
-4.749999999999995337e-01 1.799398140435463089e-01
-4.699999999999995293e-01 1.556891278748756546e-01
-4.649999999999995248e-01 1.316505597649032522e-01
-4.599999999999995204e-01 1.078240946960525998e-01
-4.549999999999995159e-01 8.420971791268162809e-02
-4.499999999999995115e-01 6.080748893212363504e-02
-4.449999999999995071e-01 3.761736307999886952e-02
-4.399999999999995026e-01 1.463932548424996642e-02
-4.349999999999994982e-01 -8.126579209847150168e-03
-4.299999999999994937e-01 -3.068032114176243164e-02
-4.249999999999994893e-01 -5.302201954988926269e-02
-4.199999999999994849e-01 -7.515158505636430897e-02
-4.149999999999994804e-01 -9.706904743440612771e-02
-4.099999999999994760e-01 -1.187744066549108884e-01
-4.049999999999994715e-01 -1.402676180434988540e-01
-3.999999999999994671e-01 -1.615487859082983535e-01
-3.949999999999994627e-01 -1.826177463656400990e-01
-3.899999999999994582e-01 -2.034746632409857314e-01
-3.849999999999994538e-01 -2.241194025111959975e-01
-3.799999999999994493e-01 -2.445520982867216420e-01
-3.749999999999994449e-01 -2.647726611023878407e-01
-3.699999999999994404e-01 -2.847811058884596180e-01
-3.649999999999994360e-01 -3.045774326449369740e-01
-3.599999999999994316e-01 -3.241616712032461267e-01
-3.549999999999994271e-01 -3.435337768016958337e-01
-3.499999999999994227e-01 -3.626937345391249012e-01
-3.449999999999994182e-01 -3.816416189504431289e-01
-3.399999999999994138e-01 -4.003773555589483779e-01
-3.349999999999994094e-01 -4.189010039401815932e-01
-3.299999999999994049e-01 -4.372125193906591933e-01
-3.249999999999994005e-01 -4.553119316544959050e-01
-3.199999999999993960e-01 -4.731992557492682439e-01
-3.149999999999993916e-01 -4.908744319830199432e-01
-3.099999999999993872e-01 -5.083374603848548334e-01
-3.049999999999993827e-01 -5.255884452629012715e-01
-2.999999999999993783e-01 -5.426272823090309005e-01
-2.949999999999993738e-01 -5.594539864244049143e-01
-2.899999999999993694e-01 -5.760686023416107249e-01
-2.849999999999993650e-01 -5.924710852407494288e-01
-2.799999999999993605e-01 -6.086614650987663966e-01
-2.749999999999993561e-01 -6.246396822237053614e-01
-2.699999999999993516e-01 -6.404058706096017461e-01
-2.649999999999993472e-01 -6.559598665474092316e-01
-2.599999999999993427e-01 -6.713017444847261261e-01
-2.549999999999993383e-01 -6.864315788691507381e-01
-2.499999999999993339e-01 -7.013492654216585409e-01
-2.449999999999993294e-01 -7.160548040549380433e-01
-2.399999999999993250e-01 -7.305482098738772523e-01
-2.349999999999993205e-01 -7.448295571805553239e-01
-2.299999999999993161e-01 -7.588987715855816107e-01
-2.249999999999993117e-01 -7.727558829494861614e-01
-2.199999999999993072e-01 -7.864008314347935569e-01
-2.149999999999993028e-01 -7.998337066813016039e-01
-2.099999999999992983e-01 -8.130544787702725928e-01
-2.049999999999992939e-01 -8.260630881261655789e-01
-1.999999999999992895e-01 -8.388595496792455863e-01
-1.949999999999992850e-01 -8.514439528655836087e-01
-1.899999999999992806e-01 -8.638162229465430331e-01
-1.849999999999992761e-01 -8.759763602131621640e-01
-1.799999999999992717e-01 -8.879244390257278186e-01
-1.749999999999992673e-01 -8.996603550761116397e-01
-1.699999999999992628e-01 -9.111841382248436760e-01
-1.649999999999992584e-01 -9.224958480765687030e-01
-1.599999999999992539e-01 -9.335954101545845818e-01
-1.549999999999992495e-01 -9.444828540574868869e-01
-1.499999999999992450e-01 -9.551582098204286497e-01
-1.449999999999992406e-01 -9.656214028793962401e-01
-1.399999999999992362e-01 -9.758725374261026930e-01
-1.349999999999992317e-01 -9.859114943967776101e-01
-1.299999999999992273e-01 -9.957383482390192997e-01
-1.249999999999992228e-01 -1.005353113912196505e+00
-1.199999999999992184e-01 -1.014755731637041691e+00
-1.149999999999992140e-01 -1.023946231361396286e+00
-1.099999999999992095e-01 -1.032924657817847702e+00
-1.049999999999992051e-01 -1.041690951314439673e+00
-9.999999999999920064e-02 -1.050245082107057470e+00
-9.499999999999919620e-02 -1.058587169288575325e+00
-8.999999999999919176e-02 -1.066717093795222837e+00
-8.499999999999918732e-02 -1.074634900301379759e+00
-7.999999999999918288e-02 -1.082340603708207283e+00
-7.499999999999917843e-02 -1.089834174067863870e+00
-6.999999999999917399e-02 -1.097115641444606382e+00
-6.499999999999916955e-02 -1.104184975803281787e+00
-5.999999999999916511e-02 -1.111042192190570432e+00
-5.499999999999916067e-02 -1.117687275617999632e+00
-4.999999999999915623e-02 -1.124120315521640379e+00
-4.499999999999915179e-02 -1.130341162831673074e+00
-3.999999999999914735e-02 -1.136349907100584034e+00
-3.499999999999914291e-02 -1.142146563200430620e+00
-2.999999999999913847e-02 -1.147731116026324827e+00
-2.499999999999913403e-02 -1.153103491334395159e+00
-1.999999999999912959e-02 -1.158263778327881965e+00
-1.499999999999912514e-02 -1.163211917605867285e+00
-9.999999999999120703e-03 -1.167947998313383806e+00
-4.999999999999116262e-03 -1.172471901503076452e+00
8.881784197001252323e-16 -1.176783731424865920e+00
5.000000000000781597e-03 -1.180883413340115595e+00
1.000000000000089706e-02 -1.184771007173612389e+00
1.500000000000101252e-02 -1.188446482948410932e+00
2.000000000000090594e-02 -1.191909810862188834e+00
2.500000000000079936e-02 -1.195161050490487042e+00
3.000000000000091482e-02 -1.198200187077663514e+00
3.500000000000103029e-02 -1.201027175862027008e+00
4.000000000000092371e-02 -1.203642031657427225e+00
4.500000000000081712e-02 -1.206044829086085457e+00
5.000000000000093259e-02 -1.208235448851400662e+00
5.500000000000104805e-02 -1.210214010162662390e+00
6.000000000000094147e-02 -1.211980408799053777e+00
6.500000000000083489e-02 -1.213534674504689548e+00
7.000000000000095035e-02 -1.214876881698064182e+00
7.500000000000106581e-02 -1.216006926245672304e+00
8.000000000000095923e-02 -1.216924867693951029e+00
8.500000000000085265e-02 -1.217630720798542399e+00
9.000000000000096811e-02 -1.218124381542356360e+00
9.500000000000108358e-02 -1.218406043320346299e+00
1.000000000000009770e-01 -1.218475482847924951e+00
1.050000000000008704e-01 -1.218332848962081272e+00
1.100000000000009859e-01 -1.217978052430471081e+00
1.150000000000011013e-01 -1.217411212375072438e+00
1.200000000000009948e-01 -1.216632179755169574e+00
1.250000000000008882e-01 -1.215641073809155870e+00
1.300000000000010036e-01 -1.214437879606766302e+00
1.350000000000011191e-01 -1.213022492927184004e+00
1.400000000000010125e-01 -1.211395062752917084e+00
1.450000000000009059e-01 -1.209555499531479228e+00
1.500000000000010214e-01 -1.207503788507228393e+00
1.550000000000011369e-01 -1.205239944581325773e+00
1.600000000000010303e-01 -1.202764086933957088e+00
1.650000000000009237e-01 -1.200076021820922989e+00
1.700000000000010392e-01 -1.197175883469089541e+00
1.750000000000011546e-01 -1.194063567395705405e+00
1.800000000000010481e-01 -1.190739178054418090e+00
1.850000000000009415e-01 -1.187202685555593717e+00
1.900000000000010569e-01 -1.183454060126013729e+00
1.950000000000011724e-01 -1.179493316666839320e+00
2.000000000000010658e-01 -1.175320440306013126e+00
2.050000000000009592e-01 -1.170935475630603406e+00
2.100000000000010747e-01 -1.166338363239692200e+00
2.150000000000011902e-01 -1.161529147603932444e+00
2.200000000000010836e-01 -1.156507843770004484e+00
2.250000000000009770e-01 -1.151274377232102353e+00
2.300000000000010925e-01 -1.145828822466928187e+00
2.350000000000012079e-01 -1.140171164573320794e+00
2.400000000000011013e-01 -1.134301388679222811e+00
2.450000000000009948e-01 -1.128219479796161551e+00
2.500000000000011102e-01 -1.121925467755563233e+00
2.550000000000012257e-01 -1.115419293040094573e+00
2.600000000000011191e-01 -1.108701030097353879e+00
2.650000000000010125e-01 -1.101770693799398515e+00
2.700000000000011280e-01 -1.094628194739261318e+00
2.750000000000012434e-01 -1.087273577678633529e+00
2.800000000000011369e-01 -1.079706842559307489e+00
2.850000000000010303e-01 -1.071928034113870609e+00
2.900000000000011458e-01 -1.063937092795885775e+00
2.950000000000012612e-01 -1.055734003587776471e+00
3.000000000000011546e-01 -1.047318841053556326e+00
3.050000000000010481e-01 -1.038691545675892058e+00
3.100000000000011635e-01 -1.029852146995171580e+00
3.150000000000012790e-01 -1.020800615471006978e+00
3.200000000000011724e-01 -1.011536980818409148e+00
3.250000000000010658e-01 -1.002061213293263364e+00
3.300000000000011813e-01 -9.923733276221079480e-01
3.350000000000012967e-01 -9.824733090784044665e-01
3.400000000000011902e-01 -9.723612170921748232e-01
3.450000000000010836e-01 -9.620369922916048866e-01
3.500000000000011990e-01 -9.515006643334978920e-01
3.550000000000013145e-01 -9.407522034155314516e-01
3.600000000000012079e-01 -9.297916543576044690e-01
3.650000000000011013e-01 -9.186189424501841616e-01
3.700000000000012168e-01 -9.072341721760218691e-01
3.750000000000013323e-01 -8.956372391105739128e-01
3.800000000000012257e-01 -8.838282178469577532e-01
3.850000000000011191e-01 -8.718070935131160271e-01
3.900000000000012346e-01 -8.595738361321033638e-01
3.950000000000013500e-01 -8.471284757099689644e-01
4.000000000000012434e-01 -8.344709823279751193e-01
4.050000000000011369e-01 -8.216014006605015796e-01
4.100000000000012523e-01 -8.085196413587888431e-01
4.150000000000013678e-01 -7.952258386205991458e-01
4.200000000000012612e-01 -7.817199028934461724e-01
4.250000000000011546e-01 -7.680018193343763899e-01
4.300000000000012701e-01 -7.540716773212531310e-01
4.350000000000013856e-01 -7.399294172785354506e-01
4.400000000000012790e-01 -7.255749945900512587e-01
4.450000000000011724e-01 -7.110085133310982686e-01
4.500000000000012879e-01 -6.962298843566437911e-01
4.550000000000014033e-01 -6.812391521664445948e-01
4.600000000000012967e-01 -6.660363020339624684e-01
4.650000000000011902e-01 -6.506213635868968170e-01
4.700000000000013056e-01 -6.349942475055919688e-01
4.750000000000014211e-01 -6.191550581563839417e-01
4.800000000000013145e-01 -6.031037954519612443e-01
4.850000000000012079e-01 -5.868403551424031805e-01
4.900000000000013234e-01 -5.703648414485266160e-01
4.950000000000014388e-01 -5.536772097541594606e-01
5.000000000000013323e-01 -5.367774898034164410e-01
5.050000000000012257e-01 -5.196655922475380551e-01
5.100000000000013411e-01 -5.023416362958138537e-01
5.150000000000014566e-01 -4.848055474133340370e-01
5.200000000000013500e-01 -4.670573701871668648e-01
5.250000000000012434e-01 -4.490970750478205931e-01
5.300000000000013589e-01 -4.309246469486148756e-01
5.350000000000014744e-01 -4.125401604535633426e-01
5.400000000000013678e-01 -3.939435410277561944e-01
5.450000000000012612e-01 -3.751347737409284067e-01
5.500000000000013767e-01 -3.561139331279897791e-01
5.550000000000014921e-01 -3.368809595551917058e-01
5.600000000000013856e-01 -3.174359126562827926e-01
5.650000000000012790e-01 -2.977786733092849802e-01
5.700000000000013944e-01 -2.779094053396599096e-01
5.750000000000015099e-01 -2.578280490845551443e-01
5.800000000000014033e-01 -2.375344853928887945e-01
5.850000000000012967e-01 -2.170288782065378230e-01
5.900000000000014122e-01 -1.963111529905924302e-01
5.950000000000015277e-01 -1.753813247044214707e-01
6.000000000000014211e-01 -1.542393783304484289e-01
6.050000000000013145e-01 -1.328853587176760387e-01
6.100000000000014300e-01 -1.113191911565715037e-01
6.150000000000015454e-01 -8.954093542640260972e-02
6.200000000000014388e-01 -6.755059146896168210e-02
6.250000000000013323e-01 -4.534812954013399400e-02
6.300000000000014477e-01 -2.293351977938949682e-02
6.350000000000015632e-01 -3.068217040614756603e-04
6.400000000000014566e-01 2.253194963916972660e-02
6.450000000000013500e-01 4.558283895378768824e-02
6.500000000000014655e-01 6.884586125736892603e-02
6.550000000000015810e-01 9.232089725331239782e-02
6.600000000000014744e-01 1.160081556160824784e-01
6.650000000000013678e-01 1.399074425723759729e-01
6.700000000000014833e-01 1.640188624303212661e-01
6.750000000000015987e-01 1.883423854458036173e-01
6.800000000000014921e-01 2.128779966594541717e-01
6.850000000000013856e-01 2.376257258735953171e-01
6.900000000000015010e-01 2.625854986115249146e-01
6.950000000000016165e-01 2.877574341698440064e-01
7.000000000000015099e-01 3.131414429669624466e-01
7.050000000000014033e-01 3.387375548925141144e-01
7.100000000000015188e-01 3.645457401441766221e-01
7.150000000000016342e-01 3.905661329197122056e-01
7.200000000000015277e-01 4.167985244864488292e-01
7.250000000000014211e-01 4.432430638559984315e-01
7.300000000000015365e-01 4.698996616213938493e-01
7.350000000000016520e-01 4.967683476431651313e-01
7.400000000000015454e-01 5.238491665956920285e-01
7.450000000000014388e-01 5.511420440313762326e-01
7.500000000000015543e-01 5.786470692407695848e-01
7.550000000000016698e-01 6.063641380321590502e-01
7.600000000000015632e-01 6.342933248240391064e-01
7.650000000000014566e-01 6.624345998722950268e-01
7.700000000000015721e-01 6.907879631187191505e-01
7.750000000000016875e-01 7.193534297264071453e-01
7.800000000000015810e-01 7.481309992588015545e-01
7.850000000000014744e-01 7.771206571348833192e-01
7.900000000000015898e-01 8.063223734359147299e-01
7.950000000000017053e-01 8.357362525282318044e-01
8.000000000000015987e-01 8.653621453129111130e-01
8.050000000000014921e-01 8.952001712029690195e-01
8.100000000000016076e-01 9.252502704191377658e-01
8.150000000000017231e-01 9.555124281184638191e-01
8.200000000000016165e-01 9.859867186903378267e-01
8.250000000000015099e-01 1.016673053018831041e+00
8.300000000000016254e-01 1.047571490417549711e+00
8.350000000000017408e-01 1.078682016159955737e+00
8.400000000000016342e-01 1.110004645118106481e+00
8.450000000000015277e-01 1.141539347460575726e+00
8.500000000000016431e-01 1.173286123245571133e+00
8.550000000000017586e-01 1.205244957513723847e+00
8.600000000000016520e-01 1.237415910015197795e+00
8.650000000000015454e-01 1.269798920941621390e+00
8.700000000000016609e-01 1.302393990409409952e+00
8.750000000000017764e-01 1.335201192982577112e+00
8.800000000000016698e-01 1.368220454009797749e+00
8.850000000000015632e-01 1.401451788683271360e+00
8.900000000000016787e-01 1.434895211671328497e+00
8.950000000000017941e-01 1.468550693258958262e+00
9.000000000000016875e-01 1.502418203672942099e+00
9.050000000000015810e-01 1.536497832291143339e+00
9.100000000000016964e-01 1.570789549456758749e+00
9.150000000000018119e-01 1.605293339890277338e+00
9.200000000000017053e-01 1.640009159382980641e+00
9.250000000000015987e-01 1.674937067277578961e+00
9.300000000000017142e-01 1.710077048847534087e+00
9.350000000000018296e-01 1.745429089133477163e+00
9.400000000000017231e-01 1.780993202861946401e+00
9.450000000000016165e-01 1.816769390353083935e+00
9.500000000000017319e-01 1.852757621746359717e+00
9.550000000000018474e-01 1.888957911972038772e+00
9.600000000000017408e-01 1.925370260826394286e+00
9.650000000000016342e-01 1.961994698402786952e+00
9.700000000000017497e-01 1.998831209567224931e+00
9.750000000000018652e-01 2.035879705291090858e+00
9.800000000000017586e-01 2.073140349021496576e+00
9.850000000000016520e-01 2.110612977427745562e+00
9.900000000000017675e-01 2.148297709340777573e+00
9.950000000000018829e-01 2.186194425638614547e+00
1.000000000000001776e+00 2.224303294104839068e+00
