-1.000000000000000000e+00 3.906539632719859156e+00
-9.949999999999999956e-01 3.860021245097659204e+00
-9.899999999999999911e-01 3.813714900300755772e+00
-9.849999999999999867e-01 3.767620537793181512e+00
-9.799999999999999822e-01 3.721738202511250648e+00
-9.749999999999999778e-01 3.676067864972782928e+00
-9.699999999999999734e-01 3.630609614584745515e+00
-9.649999999999999689e-01 3.585363257137277770e+00
-9.599999999999999645e-01 3.540329031805658389e+00
-9.549999999999999600e-01 3.495506714635912004e+00
-9.499999999999999556e-01 3.450896484762115080e+00
-9.449999999999999512e-01 3.406498312614775870e+00
-9.399999999999999467e-01 3.362312138560145769e+00
-9.349999999999999423e-01 3.318338006661424089e+00
-9.299999999999999378e-01 3.274575842820258487e+00
-9.249999999999999334e-01 3.231025751985061589e+00
-9.199999999999999289e-01 3.187687748707748625e+00
-9.149999999999999245e-01 3.144561668580781344e+00
-9.099999999999999201e-01 3.101647705959539536e+00
-9.049999999999999156e-01 3.058945756506791014e+00
-8.999999999999999112e-01 3.016455849792027522e+00
-8.949999999999999067e-01 2.974178016199648056e+00
-8.899999999999999023e-01 2.932112165536882031e+00
-8.849999999999998979e-01 2.890258417915237743e+00
-8.799999999999998934e-01 2.848616653252310726e+00
-8.749999999999998890e-01 2.807186976583825100e+00
-8.699999999999998845e-01 2.765969313142040420e+00
-8.649999999999998801e-01 2.724963752537650663e+00
-8.599999999999998757e-01 2.684170235049595732e+00
-8.549999999999998712e-01 2.643588745718506772e+00
-8.499999999999998668e-01 2.603219329306075025e+00
-8.449999999999998623e-01 2.563061926294967208e+00
-8.399999999999998579e-01 2.523116626179461974e+00
-8.349999999999998535e-01 2.483383369180291567e+00
-8.299999999999998490e-01 2.443862185216193694e+00
-8.249999999999998446e-01 2.404553044717676613e+00
-8.199999999999998401e-01 2.365455992038977939e+00
-8.149999999999998357e-01 2.326570982563925583e+00
-8.099999999999998312e-01 2.287898031397407550e+00
-8.049999999999998268e-01 2.249437153353273544e+00
-7.999999999999998224e-01 2.211188318687408838e+00
-7.949999999999998179e-01 2.173151601760100249e+00
-7.899999999999998135e-01 2.135326928298372451e+00
-7.849999999999998090e-01 2.097714313028763655e+00
-7.799999999999998046e-01 2.060313785870011571e+00
-7.749999999999998002e-01 2.023125302089528788e+00
-7.699999999999997957e-01 1.986148936134913612e+00
-7.649999999999997913e-01 1.949384583814453009e+00
-7.599999999999997868e-01 1.912832364395644191e+00
-7.549999999999997824e-01 1.876492218128323231e+00
-7.499999999999997780e-01 1.840364115297479231e+00
-7.449999999999997735e-01 1.804448115507756967e+00
-7.399999999999997691e-01 1.768744144253350470e+00
-7.349999999999997646e-01 1.733252305842388097e+00
-7.299999999999997602e-01 1.697972585402812484e+00
-7.249999999999997558e-01 1.662904893527656469e+00
-7.199999999999997513e-01 1.628049274891299802e+00
-7.149999999999997469e-01 1.593405729551950145e+00
-7.099999999999997424e-01 1.558974272381664861e+00
-7.049999999999997380e-01 1.524754948083927530e+00
-6.999999999999997335e-01 1.490747652379713628e+00
-6.949999999999997291e-01 1.456952504507416535e+00
-6.899999999999997247e-01 1.423369400042492572e+00
-6.849999999999997202e-01 1.389998383833944473e+00
-6.799999999999997158e-01 1.356839485567679304e+00
-6.749999999999997113e-01 1.323892645784571442e+00
-6.699999999999997069e-01 1.291157924001954171e+00
-6.649999999999997025e-01 1.258635290359297443e+00
-6.599999999999996980e-01 1.226324715170694191e+00
-6.549999999999996936e-01 1.194226243081420336e+00
-6.499999999999996891e-01 1.162339903922902096e+00
-6.449999999999996847e-01 1.130665623102022010e+00
-6.399999999999996803e-01 1.099203415723668087e+00
-6.349999999999996758e-01 1.067953370961976844e+00
-6.299999999999996714e-01 1.036915369753177885e+00
-6.249999999999996669e-01 1.006089471672812152e+00
-6.199999999999996625e-01 9.754756767499835890e-01
-6.149999999999996581e-01 9.450739551241619241e-01
-6.099999999999996536e-01 9.148843514697270196e-01
-6.049999999999996492e-01 8.849068808333592218e-01
-5.999999999999996447e-01 8.551414685637334090e-01
-5.949999999999996403e-01 8.255881445504834604e-01
-5.899999999999996358e-01 7.962469087062978845e-01
-5.849999999999996314e-01 7.671178207813406091e-01
-5.799999999999996270e-01 7.382008061533903431e-01
-5.749999999999996225e-01 7.094958946247694742e-01
-5.699999999999996181e-01 6.810031309862730753e-01
-5.649999999999996136e-01 6.527224257145186614e-01
-5.599999999999996092e-01 6.246538236003013056e-01
-5.549999999999996048e-01 5.967973246436210077e-01
-5.499999999999996003e-01 5.691529287862701070e-01
-5.449999999999995959e-01 5.417206509294097971e-01
-5.399999999999995914e-01 5.145004614162368428e-01
-5.349999999999995870e-01 4.874923898453468185e-01
-5.299999999999995826e-01 4.606964214028900217e-01
-5.249999999999995781e-01 4.341125561179702830e-01
-5.199999999999995737e-01 4.077407939614837717e-01
-5.149999999999995692e-01 3.815811498345916819e-01
-5.099999999999995648e-01 3.556336088070289891e-01
-5.049999999999995604e-01 3.298981709370033544e-01
-4.999999999999995559e-01 3.043748361663071167e-01
-4.949999999999995515e-01 2.790635897101944041e-01
-4.899999999999995470e-01 2.539644910859985005e-01
-4.849999999999995426e-01 2.290774954447166722e-01
-4.799999999999995381e-01 2.044026030773872238e-01
-4.749999999999995337e-01 1.799397988791221481e-01
-4.699999999999995293e-01 1.556891127104514938e-01
-4.649999999999995248e-01 1.316505445422714304e-01
-4.599999999999995204e-01 1.078240795898360721e-01
-4.549999999999995159e-01 8.420970280646510042e-02
-4.499999999999995115e-01 6.080747388411476828e-02
-4.449999999999995071e-01 3.761734809019766368e-02
-4.399999999999995026e-01 1.463931049444876405e-02
-4.349999999999994982e-01 -8.126594141440691629e-03
-4.299999999999994937e-01 -3.068033607335597657e-02
-4.249999999999994893e-01 -5.302203448148280762e-02
-4.199999999999994849e-01 -7.515159992975019299e-02
-4.149999999999994804e-01 -9.706906224958435081e-02
-4.099999999999994760e-01 -1.187744214700891116e-01
-4.049999999999994715e-01 -1.402676328586770493e-01
-3.999999999999994671e-01 -1.615488007234765488e-01
-3.949999999999994627e-01 -1.826177611226106334e-01
-3.899999999999994582e-01 -2.034746780561639268e-01
-3.849999999999994538e-01 -2.241194173263741929e-01
-3.799999999999994493e-01 -2.445521130436921764e-01
-3.749999999999994449e-01 -2.647726758593583751e-01
-3.699999999999994404e-01 -2.847811206454301525e-01
-3.649999999999994360e-01 -3.045774474019075084e-01
-3.599999999999994316e-01 -3.241616859020090002e-01
-3.549999999999994271e-01 -3.435337915004587073e-01
-3.499999999999994227e-01 -3.626937492960954357e-01
-3.449999999999994182e-01 -3.816416337656213242e-01
-3.399999999999994138e-01 -4.003773703741265733e-01
-3.349999999999994094e-01 -4.189010187553597886e-01
-3.299999999999994049e-01 -4.372125342058373887e-01
-3.249999999999994005e-01 -4.553119465860894222e-01
-3.199999999999993960e-01 -4.731992706808617610e-01
-3.149999999999993916e-01 -4.908744469728211213e-01
-3.099999999999993872e-01 -5.083374754328636724e-01
-3.049999999999993827e-01 -5.255884603691177714e-01
-2.999999999999993783e-01 -5.426272974734550614e-01
-2.949999999999993738e-01 -5.594540016470367361e-01
-2.899999999999993694e-01 -5.760686175642425466e-01
-2.849999999999993650e-01 -5.924711006380042333e-01
-2.799999999999993605e-01 -6.086614804960212011e-01
-2.749999999999993561e-01 -6.246396976209601659e-01
-2.699999999999993516e-01 -6.404058862396871943e-01
-2.649999999999993472e-01 -6.559598822357023407e-01
-2.599999999999993427e-01 -6.713017601730192352e-01
-2.549999999999993383e-01 -6.864315946156515080e-01
-2.499999999999993339e-01 -7.013492812263669718e-01
-2.449999999999993294e-01 -7.160548200924771178e-01
-2.399999999999993250e-01 -7.305482259114163268e-01
-2.349999999999993205e-01 -7.448295733927173812e-01
-2.299999999999993161e-01 -7.588987879141589898e-01
-2.249999999999993117e-01 -7.727558992198558796e-01
-2.199999999999993072e-01 -7.864008479379939187e-01
-2.149999999999993028e-01 -7.998337232427096266e-01
-2.099999999999992983e-01 -8.130544954480959374e-01
-2.049999999999992939e-01 -8.260631049204042453e-01
-1.999999999999992895e-01 -8.388595665316919137e-01
-1.949999999999992850e-01 -8.514439696598222751e-01
-1.899999999999992806e-01 -8.638162400318200040e-01
-1.849999999999992761e-01 -8.759763773566467959e-01
-1.799999999999992717e-01 -8.879244562856277723e-01
-1.749999999999992673e-01 -8.996603725106345761e-01
-1.699999999999992628e-01 -9.111841557757819343e-01
-1.649999999999992584e-01 -9.224958656857146222e-01
-1.599999999999992539e-01 -9.335954277055228401e-01
-1.549999999999992495e-01 -9.444828718412557889e-01
-1.499999999999992450e-01 -9.551582276624052126e-01
-1.449999999999992406e-01 -9.656214207213728029e-01
-1.399999999999992362e-01 -9.758725554427022386e-01
-1.349999999999992317e-01 -9.859115124715848166e-01
-1.299999999999992273e-01 -9.957383663720341671e-01
-1.249999999999992228e-01 -1.005353131987003934e+00
-1.199999999999992184e-01 -1.014755749886472103e+00
-1.149999999999992140e-01 -1.023946249727242019e+00
-1.099999999999992095e-01 -1.032924676183693435e+00
-1.049999999999992051e-01 -1.041690969738493067e+00
-9.999999999999920064e-02 -1.050245100531110864e+00
-9.499999999999919620e-02 -1.058587187887251702e+00
-8.999999999999919176e-02 -1.066717112452106875e+00
-8.499999999999918732e-02 -1.074634918958263796e+00
-7.999999999999918288e-02 -1.082340622306883660e+00
-7.499999999999917843e-02 -1.089834192841163230e+00
-6.999999999999917399e-02 -1.097115660101490420e+00
-6.499999999999916955e-02 -1.104184994518373486e+00
-5.999999999999916511e-02 -1.111042210847454470e+00
-5.499999999999916067e-02 -1.117687294274883669e+00
-4.999999999999915623e-02 -1.124120334178524416e+00
-4.499999999999915179e-02 -1.130341181604972434e+00
-3.999999999999914735e-02 -1.136349925815675732e+00
-3.499999999999914291e-02 -1.142146581740899336e+00
-2.999999999999913847e-02 -1.147731134683208865e+00
-2.499999999999913403e-02 -1.153103509874863875e+00
-1.999999999999912959e-02 -1.158263796926558342e+00
-1.499999999999912514e-02 -1.163211936029920679e+00
-9.999999999999120703e-03 -1.167948016853852522e+00
-4.999999999999116262e-03 -1.172471919927129846e+00
8.881784197001252323e-16 -1.176783749616088670e+00
5.000000000000781597e-03 -1.180883431647753667e+00
1.000000000000089706e-02 -1.184771025306627479e+00
1.500000000000101252e-02 -1.188446500965010699e+00
2.000000000000090594e-02 -1.191909828820580941e+00
2.500000000000079936e-02 -1.195161068507086810e+00
3.000000000000091482e-02 -1.198200204977847960e+00
3.500000000000103029e-02 -1.201027193587588471e+00
4.000000000000092371e-02 -1.203642049324781027e+00
4.500000000000081712e-02 -1.206044846578816276e+00
5.000000000000093259e-02 -1.208235466227716159e+00
5.500000000000104805e-02 -1.210214027480770227e+00
6.000000000000094147e-02 -1.211980425942538631e+00
6.500000000000083489e-02 -1.213534691473551419e+00
7.000000000000095035e-02 -1.214876898666926053e+00
7.500000000000106581e-02 -1.216006943039911192e+00
8.000000000000095923e-02 -1.216924884255359274e+00
8.500000000000085265e-02 -1.217630737359950643e+00
9.000000000000096811e-02 -1.218124397754518640e+00
9.500000000000108358e-02 -1.218406059474300918e+00
1.000000000000009770e-01 -1.218475498769048926e+00
1.050000000000008704e-01 -1.218332864824997586e+00
1.100000000000009859e-01 -1.217978068060556751e+00
1.150000000000011013e-01 -1.217411227772327464e+00
1.200000000000009948e-01 -1.216632194977801618e+00
1.250000000000008882e-01 -1.215641088857164931e+00
1.300000000000010036e-01 -1.214437894538360041e+00
1.350000000000011191e-01 -1.213022507625947100e+00
1.400000000000010125e-01 -1.211395077160641875e+00
1.450000000000009059e-01 -1.209555513880996358e+00
1.500000000000010214e-01 -1.207503802740330201e+00
1.550000000000011369e-01 -1.205239958639804598e+00
1.600000000000010303e-01 -1.202764100817812931e+00
1.650000000000009237e-01 -1.200076035588363510e+00
1.700000000000010392e-01 -1.197175896945491758e+00
1.750000000000011546e-01 -1.194063580755692300e+00
1.800000000000010481e-01 -1.190739191181574341e+00
1.850000000000009415e-01 -1.187202698508126986e+00
1.900000000000010569e-01 -1.183454072903924015e+00
1.950000000000011724e-01 -1.179493329270126623e+00
2.000000000000010658e-01 -1.175320452676469785e+00
2.050000000000009592e-01 -1.170935487942852404e+00
2.100000000000010747e-01 -1.166338375260902893e+00
2.150000000000011902e-01 -1.161529159566935476e+00
2.200000000000010836e-01 -1.156507855616592195e+00
2.250000000000009770e-01 -1.151274388904067081e+00
2.300000000000010925e-01 -1.145828833964269933e+00
2.350000000000012079e-01 -1.140171175896039557e+00
2.400000000000011013e-01 -1.134301399769110930e+00
2.450000000000009948e-01 -1.128219490769634348e+00
2.500000000000011102e-01 -1.121925478670828369e+00
2.550000000000012257e-01 -1.115419303780736726e+00
2.600000000000011191e-01 -1.108701040663373050e+00
2.650000000000010125e-01 -1.101770704249002364e+00
2.700000000000011280e-01 -1.094628205130657506e+00
2.750000000000012434e-01 -1.087273587953614395e+00
2.800000000000011369e-01 -1.079706852776080694e+00
2.850000000000010303e-01 -1.071928044272436154e+00
2.900000000000011458e-01 -1.063937102779828336e+00
2.950000000000012612e-01 -1.055734013513511371e+00
3.000000000000011546e-01 -1.047318850921083566e+00
3.050000000000010481e-01 -1.038691555310588654e+00
3.100000000000011635e-01 -1.029852156746283498e+00
3.150000000000012790e-01 -1.020800625163911235e+00
3.200000000000011724e-01 -1.011536990453105744e+00
3.250000000000010658e-01 -1.002061222753336978e+00
3.300000000000011813e-01 -9.923733371403890002e-01
3.350000000000012967e-01 -9.824733185384778578e-01
3.400000000000011902e-01 -9.723612267268711973e-01
3.450000000000010836e-01 -9.620370018680935997e-01
3.500000000000011990e-01 -9.515006739099866051e-01
3.550000000000013145e-01 -9.407522130502278257e-01
3.600000000000012079e-01 -9.297916638758855212e-01
3.650000000000011013e-01 -9.186189520848805357e-01
3.700000000000012168e-01 -9.072341818107182432e-01
3.750000000000013323e-01 -8.956372488616856087e-01
3.800000000000012257e-01 -8.838282276562771100e-01
3.850000000000011191e-01 -8.718071032642277229e-01
3.900000000000012346e-01 -8.595738460578380424e-01
3.950000000000013500e-01 -8.471284856357036430e-01
4.000000000000012434e-01 -8.344709923119174588e-01
4.050000000000011369e-01 -8.216014108190669019e-01
4.100000000000012523e-01 -8.085196516919771481e-01
4.150000000000013678e-01 -7.952258489537874508e-01
4.200000000000012612e-01 -7.817199133430497993e-01
4.250000000000011546e-01 -7.680018299003953386e-01
4.300000000000012701e-01 -7.540716880618950624e-01
4.350000000000013856e-01 -7.399294281938003648e-01
4.400000000000012790e-01 -7.255750055053161729e-01
4.450000000000011724e-01 -7.110085245374014873e-01
4.500000000000012879e-01 -6.962298956211546708e-01
4.550000000000014033e-01 -6.812391636637861181e-01
4.600000000000012967e-01 -6.660363135895116526e-01
4.650000000000011902e-01 -6.506213753752766449e-01
4.700000000000013056e-01 -6.349942595268024403e-01
4.750000000000014211e-01 -6.191550702940097350e-01
4.800000000000013145e-01 -6.031038077642100204e-01
4.850000000000012079e-01 -5.868403675710672784e-01
4.900000000000013234e-01 -5.703648541100213576e-01
4.950000000000014388e-01 -5.536772225902771849e-01
5.000000000000013323e-01 -5.367775028723648090e-01
5.050000000000012257e-01 -5.196656054911094058e-01
5.100000000000013411e-01 -5.023416496558005262e-01
5.150000000000014566e-01 -4.848055608897360313e-01
5.200000000000013500e-01 -4.670573840128148246e-01
5.250000000000012434e-01 -4.490970889898838747e-01
5.300000000000013589e-01 -4.309246610653011400e-01
5.350000000000014744e-01 -4.125401746866649288e-01
5.400000000000013678e-01 -3.939435553772731025e-01
5.450000000000012612e-01 -3.751347882650682974e-01
5.500000000000013767e-01 -3.561139478267526526e-01
5.550000000000014921e-01 -3.368809744867852229e-01
5.600000000000013856e-01 -3.174359278207069535e-01
5.650000000000012790e-01 -2.977786885319168020e-01
5.700000000000013944e-01 -2.779094206204993922e-01
5.750000000000015099e-01 -2.578280645400176097e-01
5.800000000000014033e-01 -2.375345010229742426e-01
5.850000000000012967e-01 -2.170288939530385930e-01
5.900000000000014122e-01 -1.963111688535085220e-01
5.950000000000015277e-01 -1.753813405673375625e-01
6.000000000000014211e-01 -1.542393943097798426e-01
6.050000000000013145e-01 -1.328853746387997914e-01
6.100000000000014300e-01 -1.113192072523182669e-01
6.150000000000015454e-01 -8.954095158035703383e-02
6.200000000000014388e-01 -6.755060768112376712e-02
6.250000000000013323e-01 -4.534814569408841811e-02
6.300000000000014477e-01 -2.293353587513626002e-02
6.350000000000015632e-01 -3.068379162235585194e-04
6.400000000000014566e-01 2.253193342700764157e-02
6.450000000000013500e-01 4.558282285804092504e-02
6.500000000000014655e-01 6.884584516162216283e-02
6.550000000000015810e-01 9.232088121577329554e-02
6.600000000000014744e-01 1.160081395785433761e-01
6.650000000000013678e-01 1.399074265930445593e-01
6.700000000000014833e-01 1.640188465674051743e-01
6.750000000000015987e-01 1.883423696410951864e-01
6.800000000000014921e-01 2.128779809711610627e-01
6.850000000000013856e-01 2.376257103599251908e-01
6.900000000000015010e-01 2.625854832724777710e-01
6.950000000000016165e-01 2.877574188307968628e-01
7.000000000000015099e-01 3.131414278025382858e-01
7.050000000000014033e-01 3.387375399027129363e-01
7.100000000000015188e-01 3.645457253289984267e-01
7.150000000000016342e-01 3.905661181045340102e-01
7.200000000000015277e-01 4.167985097294782948e-01
7.250000000000014211e-01 4.432430492154432189e-01
7.300000000000015365e-01 4.698996471554616194e-01
7.350000000000016520e-01 4.967683332936482232e-01
7.400000000000015454e-01 5.238491523625904422e-01
7.450000000000014388e-01 5.511420297982746463e-01
7.500000000000015543e-01 5.786470551240833204e-01
7.550000000000016698e-01 6.063641239154727858e-01
7.600000000000015632e-01 6.342933107655605030e-01
7.650000000000014566e-01 6.624345858138164234e-01
7.700000000000015721e-01 6.907879491184482079e-01
7.750000000000016875e-01 7.193534153186825764e-01
7.800000000000015810e-01 7.481309848510769855e-01
7.850000000000014744e-01 7.771206424943281066e-01
7.900000000000015898e-01 8.063223585625288736e-01
7.950000000000017053e-01 8.357362373055999827e-01
8.000000000000015987e-01 8.653621297992409866e-01
8.050000000000014921e-01 8.952001550490146231e-01
8.100000000000016076e-01 9.252502536248990994e-01
8.150000000000017231e-01 9.555124105675255608e-01
8.200000000000016165e-01 9.859867004991152983e-01
8.250000000000015099e-01 1.016673033721662733e+00
8.300000000000016254e-01 1.047571470130851168e+00
8.350000000000017408e-01 1.078681994650896314e+00
8.400000000000016342e-01 1.110004622212063197e+00
8.450000000000015277e-01 1.141539323041133258e+00
8.500000000000016431e-01 1.173286097079898838e+00
8.550000000000017586e-01 1.205244929485406402e+00
8.600000000000016520e-01 1.237415879716781575e+00
8.650000000000015454e-01 1.269798888373106394e+00
8.700000000000016609e-01 1.302393955337965537e+00
8.750000000000017764e-01 1.335201155058957312e+00
8.800000000000016698e-01 1.368220413175794903e+00
8.850000000000015632e-01 1.401451744298601199e+00
8.900000000000016787e-01 1.434895163561368037e+00
8.950000000000017941e-01 1.468550641074461538e+00
9.000000000000016875e-01 1.502418147006455484e+00
9.050000000000015810e-01 1.536497770793420869e+00
9.100000000000016964e-01 1.570789482487516153e+00
9.150000000000018119e-01 1.605293267565929938e+00
9.200000000000017053e-01 1.640009080830413524e+00
9.250000000000015987e-01 1.674936982147546161e+00
9.300000000000017142e-01 1.710076956441543672e+00
9.350000000000018296e-01 1.745428988869452525e+00
9.400000000000017231e-01 1.780993094507056895e+00
9.450000000000016165e-01 1.816769273034214649e+00
9.500000000000017319e-01 1.852757494706811059e+00
9.550000000000018474e-01 1.888957774396903488e+00
9.600000000000017408e-01 1.925370112308218751e+00
9.650000000000016342e-01 1.961994537952040929e+00
9.700000000000017497e-01 1.998831036660039473e+00
9.750000000000018652e-01 2.035879518646897424e+00
9.800000000000017586e-01 2.073140148291049201e+00
9.850000000000016520e-01 2.110612761097645063e+00
9.900000000000017675e-01 2.148297476654324356e+00
9.950000000000018829e-01 2.186194175664486039e+00
1.000000000000001776e+00 2.224303025620674390e+00
