-1.000000000000000000e+00 3.906540110707283020e+00
-9.949999999999999956e-01 3.860021695494651794e+00
-9.899999999999999911e-01 3.813715323805809021e+00
-9.849999999999999867e-01 3.767620936036109924e+00
-9.799999999999999822e-01 3.721738576889038086e+00
-9.749999999999999778e-01 3.676068216562271118e+00
-9.699999999999999734e-01 3.630609944462776184e+00
-9.649999999999999689e-01 3.585363566875457764e+00
-9.599999999999999645e-01 3.540329322218894958e+00
-9.549999999999999600e-01 3.495506986975669861e+00
-9.499999999999999556e-01 3.450896739959716797e+00
-9.449999999999999512e-01 3.406498551368713379e+00
-9.399999999999999467e-01 3.362312361598014832e+00
-9.349999999999999423e-01 3.318338215351104736e+00
-9.299999999999999378e-01 3.274576038122177124e+00
-9.249999999999999334e-01 3.231025934219360352e+00
-9.199999999999999289e-01 3.187687918543815613e+00
-9.149999999999999245e-01 3.144561827182769775e+00
-9.099999999999999201e-01 3.101647853851318359e+00
-9.049999999999999156e-01 3.058945894241333008e+00
-8.999999999999999112e-01 3.016455978155136108e+00
-8.949999999999999067e-01 2.974178135395050049e+00
-8.899999999999999023e-01 2.932112276554107666e+00
-8.849999999999998979e-01 2.890258520841598511e+00
-8.799999999999998934e-01 2.848616749048233032e+00
-8.749999999999998890e-01 2.807187065482139587e+00
-8.699999999999998845e-01 2.765969395637512207e+00
-8.649999999999998801e-01 2.724963828921318054e+00
-8.599999999999998757e-01 2.684170305728912354e+00
-8.549999999999998712e-01 2.643588811159133911e+00
-8.499999999999998668e-01 2.603219389915466309e+00
-8.449999999999998623e-01 2.563061982393264771e+00
-8.399999999999998579e-01 2.523116677999496460e+00
-8.349999999999998535e-01 2.483383417129516602e+00
-8.299999999999998490e-01 2.443862229585647583e+00
-8.249999999999998446e-01 2.404553085565567017e+00
-8.199999999999998401e-01 2.365456029772758484e+00
-8.149999999999998357e-01 2.326571017503738403e+00
-8.099999999999998312e-01 2.287898063659667969e+00
-8.049999999999998268e-01 2.249437183141708374e+00
-7.999999999999998224e-01 2.211188346147537231e+00
-7.949999999999998179e-01 2.173151627182960510e+00
-7.899999999999998135e-01 2.135326951742172241e+00
-7.849999999999998090e-01 2.097714334726333618e+00
-7.799999999999998046e-01 2.060313805937767029e+00
-7.749999999999998002e-01 2.023125320672988892e+00
-7.699999999999997957e-01 1.986148953437805176e+00
-7.649999999999997913e-01 1.949384599924087524e+00
-7.599999999999997868e-01 1.912832379341125488e+00
-7.549999999999997824e-01 1.876492232084274292e+00
-7.499999999999997780e-01 1.840364128351211548e+00
-7.449999999999997735e-01 1.804448127746582031e+00
-7.399999999999997691e-01 1.768744155764579773e+00
-7.349999999999997646e-01 1.733252316713333130e+00
-7.299999999999997602e-01 1.697972595691680908e+00
-7.249999999999997558e-01 1.662904903292655945e+00
-7.199999999999997513e-01 1.628049284219741821e+00
-7.149999999999997469e-01 1.593405738472938538e+00
-7.099999999999997424e-01 1.558974280953407288e+00
-7.049999999999997380e-01 1.524754956364631653e+00
-6.999999999999997335e-01 1.490747660398483276e+00
-6.949999999999997291e-01 1.456952512264251709e+00
-6.899999999999997247e-01 1.423369407653808594e+00
-6.849999999999997202e-01 1.389998391270637512e+00
-6.799999999999997158e-01 1.356839492917060852e+00
-6.749999999999997113e-01 1.323892652988433838e+00
-6.699999999999997069e-01 1.291157931089401245e+00
-6.649999999999997025e-01 1.258635297417640686e+00
-6.599999999999996980e-01 1.226324722170829773e+00
-6.549999999999996936e-01 1.194226250052452087e+00
-6.499999999999996891e-01 1.162339910864830017e+00
-6.449999999999996847e-01 1.130665630102157593e+00
-6.399999999999996803e-01 1.099203422665596008e+00
-6.349999999999996758e-01 1.067953377962112427e+00
-6.299999999999996714e-01 1.036915376782417297e+00
-6.249999999999996669e-01 1.006089478731155396e+00
-6.199999999999996625e-01 9.754756838083267212e-01
-6.149999999999996581e-01 9.450739622116088867e-01
-6.099999999999996536e-01 9.148843586444854736e-01
-6.049999999999996492e-01 8.849068880081176758e-01
-5.999999999999996447e-01 8.551414757966995239e-01
-5.949999999999996403e-01 8.255881518125534058e-01
-5.899999999999996358e-01 7.962469160556793213e-01
-5.849999999999996314e-01 7.671178281307220459e-01
-5.799999999999996270e-01 7.382008135318756104e-01
-5.749999999999996225e-01 7.094959020614624023e-01
-5.699999999999996181e-01 6.810031384229660034e-01
-5.649999999999996136e-01 6.527224332094192505e-01
-5.599999999999996092e-01 6.246538311243057251e-01
-5.549999999999996048e-01 5.967973321676254272e-01
-5.499999999999996003e-01 5.691529363393783569e-01
-5.449999999999995959e-01 5.417206585407257080e-01
-5.399999999999995914e-01 5.145004689693450928e-01
-5.349999999999995870e-01 4.874923974275588989e-01
-5.299999999999995826e-01 4.606964290142059326e-01
-5.249999999999995781e-01 4.341125637292861938e-01
-5.199999999999995737e-01 4.077408015727996826e-01
-5.149999999999995692e-01 3.815811574459075928e-01
-5.099999999999995648e-01 3.556336164474487305e-01
-5.049999999999995604e-01 3.298981785774230957e-01
-4.999999999999995559e-01 3.043748438358306885e-01
-4.949999999999995515e-01 2.790635973215103149e-01
-4.899999999999995470e-01 2.539644986391067505e-01
-4.849999999999995426e-01 2.290775030851364136e-01
-4.799999999999995381e-01 2.044026106595993042e-01
-4.749999999999995337e-01 1.799398064613342285e-01
-4.699999999999995293e-01 1.556891202926635742e-01
-4.649999999999995248e-01 1.316505521535873413e-01
-4.599999999999995204e-01 1.078240871429443359e-01
-4.549999999999995159e-01 8.420971035957336426e-02
-4.499999999999995115e-01 6.080748140811920166e-02
-4.449999999999995071e-01 3.761735558509826660e-02
-4.399999999999995026e-01 1.463931798934936523e-02
-4.349999999999994982e-01 -8.126586675643920898e-03
-4.299999999999994937e-01 -3.068032860755920410e-02
-4.249999999999994893e-01 -5.302202701568603516e-02
-4.199999999999994849e-01 -7.515159249305725098e-02
-4.149999999999994804e-01 -9.706905484199523926e-02
-4.099999999999994760e-01 -1.187744140625000000e-01
-4.049999999999994715e-01 -1.402676254510879517e-01
-3.999999999999994671e-01 -1.615487933158874512e-01
-3.949999999999994627e-01 -1.826177537441253662e-01
-3.899999999999994582e-01 -2.034746706485748291e-01
-3.849999999999994538e-01 -2.241194099187850952e-01
-3.799999999999994493e-01 -2.445521056652069092e-01
-3.749999999999994449e-01 -2.647726684808731079e-01
-3.699999999999994404e-01 -2.847811132669448853e-01
-3.649999999999994360e-01 -3.045774400234222412e-01
-3.599999999999994316e-01 -3.241616785526275635e-01
-3.549999999999994271e-01 -3.435337841510772705e-01
-3.499999999999994227e-01 -3.626937419176101685e-01
-3.449999999999994182e-01 -3.816416263580322266e-01
-3.399999999999994138e-01 -4.003773629665374756e-01
-3.349999999999994094e-01 -4.189010113477706909e-01
-3.299999999999994049e-01 -4.372125267982482910e-01
-3.249999999999994005e-01 -4.553119391202926636e-01
-3.199999999999993960e-01 -4.731992632150650024e-01
-3.149999999999993916e-01 -4.908744394779205322e-01
-3.099999999999993872e-01 -5.083374679088592529e-01
-3.049999999999993827e-01 -5.255884528160095215e-01
-2.999999999999993783e-01 -5.426272898912429810e-01
-2.949999999999993738e-01 -5.594539940357208252e-01
-2.899999999999993694e-01 -5.760686099529266357e-01
-2.849999999999993650e-01 -5.924710929393768311e-01
-2.799999999999993605e-01 -6.086614727973937988e-01
-2.749999999999993561e-01 -6.246396899223327637e-01
-2.699999999999993516e-01 -6.404058784246444702e-01
-2.649999999999993472e-01 -6.559598743915557861e-01
-2.599999999999993427e-01 -6.713017523288726807e-01
-2.549999999999993383e-01 -6.864315867424011230e-01
-2.499999999999993339e-01 -7.013492733240127563e-01
-2.449999999999993294e-01 -7.160548120737075806e-01
-2.399999999999993250e-01 -7.305482178926467896e-01
-2.349999999999993205e-01 -7.448295652866363525e-01
-2.299999999999993161e-01 -7.588987797498703003e-01
-2.249999999999993117e-01 -7.727558910846710205e-01
-2.199999999999993072e-01 -7.864008396863937378e-01
-2.149999999999993028e-01 -7.998337149620056152e-01
-2.099999999999992983e-01 -8.130544871091842651e-01
-2.049999999999992939e-01 -8.260630965232849121e-01
-1.999999999999992895e-01 -8.388595581054687500e-01
-1.949999999999992850e-01 -8.514439612627029419e-01
-1.899999999999992806e-01 -8.638162314891815186e-01
-1.849999999999992761e-01 -8.759763687849044800e-01
-1.799999999999992717e-01 -8.879244476556777954e-01
-1.749999999999992673e-01 -8.996603637933731079e-01
-1.699999999999992628e-01 -9.111841470003128052e-01
-1.649999999999992584e-01 -9.224958568811416626e-01
-1.599999999999992539e-01 -9.335954189300537109e-01
-1.549999999999992495e-01 -9.444828629493713379e-01
-1.499999999999992450e-01 -9.551582187414169312e-01
-1.449999999999992406e-01 -9.656214118003845215e-01
-1.399999999999992362e-01 -9.758725464344024658e-01
-1.349999999999992317e-01 -9.859115034341812134e-01
-1.299999999999992273e-01 -9.957383573055267334e-01
-1.249999999999992228e-01 -1.005353122949600220e+00
-1.199999999999992184e-01 -1.014755740761756897e+00
-1.149999999999992140e-01 -1.023946240544319153e+00
-1.099999999999992095e-01 -1.032924667000770569e+00
-1.049999999999992051e-01 -1.041690960526466370e+00
-9.999999999999920064e-02 -1.050245091319084167e+00
-9.499999999999919620e-02 -1.058587178587913513e+00
-8.999999999999919176e-02 -1.066717103123664856e+00
-8.499999999999918732e-02 -1.074634909629821777e+00
-7.999999999999918288e-02 -1.082340613007545471e+00
-7.499999999999917843e-02 -1.089834183454513550e+00
-6.999999999999917399e-02 -1.097115650773048401e+00
-6.499999999999916955e-02 -1.104184985160827637e+00
-5.999999999999916511e-02 -1.111042201519012451e+00
-5.499999999999916067e-02 -1.117687284946441650e+00
-4.999999999999915623e-02 -1.124120324850082397e+00
-4.499999999999915179e-02 -1.130341172218322754e+00
-3.999999999999914735e-02 -1.136349916458129883e+00
-3.499999999999914291e-02 -1.142146572470664978e+00
-2.999999999999913847e-02 -1.147731125354766846e+00
-2.499999999999913403e-02 -1.153103500604629517e+00
-1.999999999999912959e-02 -1.158263787627220154e+00
-1.499999999999912514e-02 -1.163211926817893982e+00
-9.999999999999120703e-03 -1.167948007583618164e+00
-4.999999999999116262e-03 -1.172471910715103149e+00
8.881784197001252323e-16 -1.176783740520477295e+00
5.000000000000781597e-03 -1.180883422493934631e+00
1.000000000000089706e-02 -1.184771016240119934e+00
1.500000000000101252e-02 -1.188446491956710815e+00
2.000000000000090594e-02 -1.191909819841384888e+00
2.500000000000079936e-02 -1.195161059498786926e+00
3.000000000000091482e-02 -1.198200196027755737e+00
3.500000000000103029e-02 -1.201027184724807739e+00
4.000000000000092371e-02 -1.203642040491104126e+00
4.500000000000081712e-02 -1.206044837832450867e+00
5.000000000000093259e-02 -1.208235457539558411e+00
5.500000000000104805e-02 -1.210214018821716309e+00
6.000000000000094147e-02 -1.211980417370796204e+00
6.500000000000083489e-02 -1.213534682989120483e+00
7.000000000000095035e-02 -1.214876890182495117e+00
7.500000000000106581e-02 -1.216006934642791748e+00
8.000000000000095923e-02 -1.216924875974655151e+00
8.500000000000085265e-02 -1.217630729079246521e+00
9.000000000000096811e-02 -1.218124389648437500e+00
9.500000000000108358e-02 -1.218406051397323608e+00
1.000000000000009770e-01 -1.218475490808486938e+00
1.050000000000008704e-01 -1.218332856893539429e+00
1.100000000000009859e-01 -1.217978060245513916e+00
1.150000000000011013e-01 -1.217411220073699951e+00
1.200000000000009948e-01 -1.216632187366485596e+00
1.250000000000008882e-01 -1.215641081333160400e+00
1.300000000000010036e-01 -1.214437887072563171e+00
1.350000000000011191e-01 -1.213022500276565552e+00
1.400000000000010125e-01 -1.211395069956779480e+00
1.450000000000009059e-01 -1.209555506706237793e+00
1.500000000000010214e-01 -1.207503795623779297e+00
1.550000000000011369e-01 -1.205239951610565186e+00
1.600000000000010303e-01 -1.202764093875885010e+00
1.650000000000009237e-01 -1.200076028704643250e+00
1.700000000000010392e-01 -1.197175890207290649e+00
1.750000000000011546e-01 -1.194063574075698853e+00
1.800000000000010481e-01 -1.190739184617996216e+00
1.850000000000009415e-01 -1.187202692031860352e+00
1.900000000000010569e-01 -1.183454066514968872e+00
1.950000000000011724e-01 -1.179493322968482971e+00
2.000000000000010658e-01 -1.175320446491241455e+00
2.050000000000009592e-01 -1.170935481786727905e+00
2.100000000000010747e-01 -1.166338369250297546e+00
2.150000000000011902e-01 -1.161529153585433960e+00
2.200000000000010836e-01 -1.156507849693298340e+00
2.250000000000009770e-01 -1.151274383068084717e+00
2.300000000000010925e-01 -1.145828828215599060e+00
2.350000000000012079e-01 -1.140171170234680176e+00
2.400000000000011013e-01 -1.134301394224166870e+00
2.450000000000009948e-01 -1.128219485282897949e+00
2.500000000000011102e-01 -1.121925473213195801e+00
2.550000000000012257e-01 -1.115419298410415649e+00
2.600000000000011191e-01 -1.108701035380363464e+00
2.650000000000010125e-01 -1.101770699024200439e+00
2.700000000000011280e-01 -1.094628199934959412e+00
2.750000000000012434e-01 -1.087273582816123962e+00
2.800000000000011369e-01 -1.079706847667694092e+00
2.850000000000010303e-01 -1.071928039193153381e+00
2.900000000000011458e-01 -1.063937097787857056e+00
2.950000000000012612e-01 -1.055734008550643921e+00
3.000000000000011546e-01 -1.047318845987319946e+00
3.050000000000010481e-01 -1.038691550493240356e+00
3.100000000000011635e-01 -1.029852151870727539e+00
3.150000000000012790e-01 -1.020800620317459106e+00
3.200000000000011724e-01 -1.011536985635757446e+00
3.250000000000010658e-01 -1.002061218023300171e+00
3.300000000000011813e-01 -9.923733323812484741e-01
3.350000000000012967e-01 -9.824733138084411621e-01
3.400000000000011902e-01 -9.723612219095230103e-01
3.450000000000010836e-01 -9.620369970798492432e-01
3.500000000000011990e-01 -9.515006691217422485e-01
3.550000000000013145e-01 -9.407522082328796387e-01
3.600000000000012079e-01 -9.297916591167449951e-01
3.650000000000011013e-01 -9.186189472675323486e-01
3.700000000000012168e-01 -9.072341769933700562e-01
3.750000000000013323e-01 -8.956372439861297607e-01
3.800000000000012257e-01 -8.838282227516174316e-01
3.850000000000011191e-01 -8.718070983886718750e-01
3.900000000000012346e-01 -8.595738410949707031e-01
3.950000000000013500e-01 -8.471284806728363037e-01
4.000000000000012434e-01 -8.344709873199462891e-01
4.050000000000011369e-01 -8.216014057397842407e-01
4.100000000000012523e-01 -8.085196465253829956e-01
4.150000000000013678e-01 -7.952258437871932983e-01
4.200000000000012612e-01 -7.817199081182479858e-01
4.250000000000011546e-01 -7.680018246173858643e-01
4.300000000000012701e-01 -7.540716826915740967e-01
4.350000000000013856e-01 -7.399294227361679077e-01
4.400000000000012790e-01 -7.255750000476837158e-01
4.450000000000011724e-01 -7.110085189342498779e-01
4.500000000000012879e-01 -6.962298899888992310e-01
4.550000000000014033e-01 -6.812391579151153564e-01
4.600000000000012967e-01 -6.660363078117370605e-01
4.650000000000011902e-01 -6.506213694810867310e-01
4.700000000000013056e-01 -6.349942535161972046e-01
4.750000000000014211e-01 -6.191550642251968384e-01
4.800000000000013145e-01 -6.031038016080856323e-01
4.850000000000012079e-01 -5.868403613567352295e-01
4.900000000000013234e-01 -5.703648477792739868e-01
4.950000000000014388e-01 -5.536772161722183228e-01
5.000000000000013323e-01 -5.367774963378906250e-01
5.050000000000012257e-01 -5.196655988693237305e-01
5.100000000000013411e-01 -5.023416429758071899e-01
5.150000000000014566e-01 -4.848055541515350342e-01
5.200000000000013500e-01 -4.670573770999908447e-01
5.250000000000012434e-01 -4.490970820188522339e-01
5.300000000000013589e-01 -4.309246540069580078e-01
5.350000000000014744e-01 -4.125401675701141357e-01
5.400000000000013678e-01 -3.939435482025146484e-01
5.450000000000012612e-01 -3.751347810029983521e-01
5.500000000000013767e-01 -3.561139404773712158e-01
5.550000000000014921e-01 -3.368809670209884644e-01
5.600000000000013856e-01 -3.174359202384948730e-01
5.650000000000012790e-01 -2.977786809206008911e-01
5.700000000000013944e-01 -2.779094129800796509e-01
5.750000000000015099e-01 -2.578280568122863770e-01
5.800000000000014033e-01 -2.375344932079315186e-01
5.850000000000012967e-01 -2.170288860797882080e-01
5.900000000000014122e-01 -1.963111609220504761e-01
5.950000000000015277e-01 -1.753813326358795166e-01
6.000000000000014211e-01 -1.542393863201141357e-01
6.050000000000013145e-01 -1.328853666782379150e-01
6.100000000000014300e-01 -1.113191992044448853e-01
6.150000000000015454e-01 -8.954094350337982178e-02
6.200000000000014388e-01 -6.755059957504272461e-02
6.250000000000013323e-01 -4.534813761711120605e-02
6.300000000000014477e-01 -2.293352782726287842e-02
6.350000000000015632e-01 -3.068298101425170898e-04
6.400000000000014566e-01 2.253194153308868408e-02
6.450000000000013500e-01 4.558283090591430664e-02
6.500000000000014655e-01 6.884585320949554443e-02
6.550000000000015810e-01 9.232088923454284668e-02
6.600000000000014744e-01 1.160081475973129272e-01
6.650000000000013678e-01 1.399074345827102661e-01
6.700000000000014833e-01 1.640188544988632202e-01
6.750000000000015987e-01 1.883423775434494019e-01
6.800000000000014921e-01 2.128779888153076172e-01
6.850000000000013856e-01 2.376257181167602539e-01
6.900000000000015010e-01 2.625854909420013428e-01
6.950000000000016165e-01 2.877574265003204346e-01
7.000000000000015099e-01 3.131414353847503662e-01
7.050000000000014033e-01 3.387375473976135254e-01
7.100000000000015188e-01 3.645457327365875244e-01
7.150000000000016342e-01 3.905661255121231079e-01
7.200000000000015277e-01 4.167985171079635620e-01
7.250000000000014211e-01 4.432430565357208252e-01
7.300000000000015365e-01 4.698996543884277344e-01
7.350000000000016520e-01 4.967683404684066772e-01
7.400000000000015454e-01 5.238491594791412354e-01
7.450000000000014388e-01 5.511420369148254395e-01
7.500000000000015543e-01 5.786470621824264526e-01
7.550000000000016698e-01 6.063641309738159180e-01
7.600000000000015632e-01 6.342933177947998047e-01
7.650000000000014566e-01 6.624345928430557251e-01
7.700000000000015721e-01 6.907879561185836792e-01
7.750000000000016875e-01 7.193534225225448608e-01
7.800000000000015810e-01 7.481309920549392700e-01
7.850000000000014744e-01 7.771206498146057129e-01
7.900000000000015898e-01 8.063223659992218018e-01
7.950000000000017053e-01 8.357362449169158936e-01
8.000000000000015987e-01 8.653621375560760498e-01
8.050000000000014921e-01 8.952001631259918213e-01
8.100000000000016076e-01 9.252502620220184326e-01
8.150000000000017231e-01 9.555124193429946899e-01
8.200000000000016165e-01 9.859867095947265625e-01
8.250000000000015099e-01 1.016673043370246887e+00
8.300000000000016254e-01 1.047571480274200439e+00
8.350000000000017408e-01 1.078682005405426025e+00
8.400000000000016342e-01 1.110004633665084839e+00
8.450000000000015277e-01 1.141539335250854492e+00
8.500000000000016431e-01 1.173286110162734985e+00
8.550000000000017586e-01 1.205244943499565125e+00
8.600000000000016520e-01 1.237415894865989685e+00
8.650000000000015454e-01 1.269798904657363892e+00
8.700000000000016609e-01 1.302393972873687744e+00
8.750000000000017764e-01 1.335201174020767212e+00
8.800000000000016698e-01 1.368220433592796326e+00
8.850000000000015632e-01 1.401451766490936279e+00
8.900000000000016787e-01 1.434895187616348267e+00
8.950000000000017941e-01 1.468550667166709900e+00
9.000000000000016875e-01 1.502418175339698792e+00
9.050000000000015810e-01 1.536497801542282104e+00
9.100000000000016964e-01 1.570789515972137451e+00
9.150000000000018119e-01 1.605293303728103638e+00
9.200000000000017053e-01 1.640009120106697083e+00
9.250000000000015987e-01 1.674937024712562561e+00
9.300000000000017142e-01 1.710077002644538879e+00
9.350000000000018296e-01 1.745429039001464844e+00
9.400000000000017231e-01 1.780993148684501648e+00
9.450000000000016165e-01 1.816769331693649292e+00
9.500000000000017319e-01 1.852757558226585388e+00
9.550000000000018474e-01 1.888957843184471130e+00
9.600000000000017408e-01 1.925370186567306519e+00
9.650000000000016342e-01 1.961994618177413940e+00
9.700000000000017497e-01 1.998831123113632202e+00
9.750000000000018652e-01 2.035879611968994141e+00
9.800000000000017586e-01 2.073140248656272888e+00
9.850000000000016520e-01 2.110612869262695312e+00
9.900000000000017675e-01 2.148297592997550964e+00
9.950000000000018829e-01 2.186194300651550293e+00
1.000000000000001776e+00 2.224303159862756729e+00
