-1.000000000000000000e+00 3.819994011214051799e+00
-9.949999999999999956e-01 3.773174047432955813e+00
-9.899999999999999911e-01 3.726567553903870511e+00
-9.849999999999999867e-01 3.680174530626792340e+00
-9.799999999999999822e-01 3.633994977601723964e+00
-9.749999999999999778e-01 3.588028894828662718e+00
-9.699999999999999734e-01 3.542276282307610380e+00
-9.649999999999999689e-01 3.496737140038567837e+00
-9.599999999999999645e-01 3.451411468021532425e+00
-9.549999999999999600e-01 3.406299266256505920e+00
-9.499999999999999556e-01 3.361400534743489210e+00
-9.449999999999999512e-01 3.316715273482480075e+00
-9.399999999999999467e-01 3.272243482473479403e+00
-9.349999999999999423e-01 3.227985161716488971e+00
-9.299999999999999378e-01 3.183940311211505225e+00
-9.249999999999999334e-01 3.140108930958532163e+00
-9.199999999999999289e-01 3.096491020957566231e+00
-9.149999999999999245e-01 3.053086581208608319e+00
-9.099999999999999201e-01 3.009895611711661090e+00
-9.049999999999999156e-01 2.966918112466720991e+00
-8.999999999999999112e-01 2.924154083473790688e+00
-8.949999999999999067e-01 2.881603524732867960e+00
-8.899999999999999023e-01 2.839266436243953251e+00
-8.849999999999998979e-01 2.797142818007049225e+00
-8.799999999999998934e-01 2.755232670022151886e+00
-8.749999999999998890e-01 2.713535992289263898e+00
-8.699999999999998845e-01 2.672052784808385262e+00
-8.649999999999998801e-01 2.630783047579514200e+00
-8.599999999999998757e-01 2.589726780602651157e+00
-8.549999999999998712e-01 2.548883983877799242e+00
-8.499999999999998668e-01 2.508254657404954013e+00
-8.449999999999998623e-01 2.467838801184118580e+00
-8.399999999999998579e-01 2.427636415215290722e+00
-8.349999999999998535e-01 2.387647499498471326e+00
-8.299999999999998490e-01 2.347872054033661726e+00
-8.249999999999998446e-01 2.308310078820859701e+00
-8.199999999999998401e-01 2.268961573860067915e+00
-8.149999999999998357e-01 2.229826539151282816e+00
-8.099999999999998312e-01 2.190904974694506624e+00
-8.049999999999998268e-01 2.152196880489740227e+00
-7.999999999999998224e-01 2.113702256536981849e+00
-7.949999999999998179e-01 2.075421102836232823e+00
-7.899999999999998135e-01 2.037353419387490927e+00
-7.849999999999998090e-01 1.999499206190758382e+00
-7.799999999999998046e-01 1.961858463246034079e+00
-7.749999999999998002e-01 1.924431190553319349e+00
-7.699999999999997957e-01 1.887217388112612637e+00
-7.649999999999997913e-01 1.850217055923915499e+00
-7.599999999999997868e-01 1.813430193987225714e+00
-7.549999999999997824e-01 1.776856802302544169e+00
-7.499999999999997780e-01 1.740496880869872864e+00
-7.449999999999997735e-01 1.704350429689208912e+00
-7.399999999999997691e-01 1.668417448760555200e+00
-7.349999999999997646e-01 1.632697938083908840e+00
-7.299999999999997602e-01 1.597191897659270721e+00
-7.249999999999997558e-01 1.561899327486641065e+00
-7.199999999999997513e-01 1.526820227566021870e+00
-7.149999999999997469e-01 1.491954597897410917e+00
-7.099999999999997424e-01 1.457302438480807094e+00
-7.049999999999997380e-01 1.422863749316212623e+00
-6.999999999999997335e-01 1.388638530403627502e+00
-6.949999999999997291e-01 1.354626781743050179e+00
-6.899999999999997247e-01 1.320828503334481541e+00
-6.849999999999997202e-01 1.287243695177921810e+00
-6.799999999999997158e-01 1.253872357273370541e+00
-6.749999999999997113e-01 1.220714489620828402e+00
-6.699999999999997069e-01 1.187770092220294726e+00
-6.649999999999997025e-01 1.155039165071768847e+00
-6.599999999999996980e-01 1.122521708175252542e+00
-6.549999999999996936e-01 1.090217721530744477e+00
-6.499999999999996891e-01 1.058127205138244653e+00
-6.449999999999996847e-01 1.026250158997754180e+00
-6.399999999999996803e-01 9.945865831092722820e-01
-6.349999999999996758e-01 9.631364774727987355e-01
-6.299999999999996714e-01 9.318998420883340961e-01
-6.249999999999996669e-01 9.008766769558774756e-01
-6.199999999999996625e-01 8.700669820754303174e-01
-6.149999999999996581e-01 8.394707574469915112e-01
-6.099999999999996536e-01 8.090880030705605019e-01
-6.049999999999996492e-01 7.789187189461392880e-01
-5.999999999999996447e-01 7.489629050737264260e-01
-5.949999999999996403e-01 7.192205614533219160e-01
-5.899999999999996358e-01 6.896916880849263132e-01
-5.849999999999996314e-01 6.603762849685387293e-01
-5.799999999999996270e-01 6.312743521041606076e-01
-5.749999999999996225e-01 6.023858894917908380e-01
-5.699999999999996181e-01 5.737108971314291983e-01
-5.649999999999996136e-01 5.452493750230765768e-01
-5.599999999999996092e-01 5.170013231667327513e-01
-5.549999999999996048e-01 4.889667415623977220e-01
-5.499999999999996003e-01 4.611456302100710447e-01
-5.449999999999995959e-01 4.335379891097525529e-01
-5.399999999999995914e-01 4.061438182614434123e-01
-5.349999999999995870e-01 3.789631176651426792e-01
-5.299999999999995826e-01 3.519958873208500760e-01
-5.249999999999995781e-01 3.252421272285668796e-01
-5.199999999999995737e-01 2.987018373882920907e-01
-5.149999999999995692e-01 2.723750178000260425e-01
-5.099999999999995648e-01 2.462616684637684017e-01
-5.049999999999995604e-01 2.203617893795189464e-01
-4.999999999999995559e-01 1.946753805472788146e-01
-4.949999999999995515e-01 1.692024419670471180e-01
-4.899999999999995470e-01 1.439429736388238845e-01
-4.849999999999995426e-01 1.188969755626093638e-01
-4.799999999999995381e-01 9.406444773840391682e-02
-4.749999999999995337e-01 6.944539016620658589e-02
-4.699999999999995293e-01 4.503980284601831474e-02
-4.649999999999995248e-01 2.084768577783802437e-02
-4.599999999999995204e-01 -3.130961038333068738e-03
-4.549999999999995159e-01 -2.689613760249572050e-02
-4.499999999999995115e-01 -5.044784391464993828e-02
-4.449999999999995071e-01 -7.378607997479526281e-02
-4.399999999999995026e-01 -9.691084578293183982e-02
-4.349999999999994982e-01 -1.198221413390599677e-01
-4.299999999999994937e-01 -1.425199666431792023e-01
-4.249999999999994893e-01 -1.650043216952904734e-01
-4.199999999999994849e-01 -1.872752064953925322e-01
-4.149999999999994804e-01 -2.093326210434859891e-01
-4.099999999999994760e-01 -2.311765653395711773e-01
-4.049999999999994715e-01 -2.528070393836474583e-01
-3.999999999999994671e-01 -2.742240431757150265e-01
-3.949999999999994627e-01 -2.954275767157742982e-01
-3.899999999999994582e-01 -3.164176400038241632e-01
-3.849999999999994538e-01 -3.371942330398662313e-01
-3.799999999999994493e-01 -3.577573558238997253e-01
-3.749999999999994449e-01 -3.781070083559237016e-01
-3.699999999999994404e-01 -3.982431906359398810e-01
-3.649999999999994360e-01 -4.181659026639474308e-01
-3.599999999999994316e-01 -4.378751444399454629e-01
-3.549999999999994271e-01 -4.573709159639356980e-01
-3.499999999999994227e-01 -4.766532172359165820e-01
-3.449999999999994182e-01 -4.957220482558896135e-01
-3.399999999999994138e-01 -5.145774090238539600e-01
-3.349999999999994094e-01 -5.332192995398088442e-01
-3.299999999999994049e-01 -5.516477198037559315e-01
-3.249999999999994005e-01 -5.698626698156943338e-01
-3.199999999999993960e-01 -5.878641495756234958e-01
-3.149999999999993916e-01 -6.056521590835445279e-01
-3.099999999999993872e-01 -6.232266983394564308e-01
-3.049999999999993827e-01 -6.405877673433603148e-01
-2.999999999999993783e-01 -6.577353660952554026e-01
-2.949999999999993738e-01 -6.746694945951416944e-01
-2.899999999999993694e-01 -6.913901528430195231e-01
-2.849999999999993650e-01 -7.078973408388885558e-01
-2.799999999999993605e-01 -7.241910585827489033e-01
-2.749999999999993561e-01 -7.402713060746006768e-01
-2.699999999999993516e-01 -7.561380833144438762e-01
-2.649999999999993472e-01 -7.717913903022785016e-01
-2.599999999999993427e-01 -7.872312270381044419e-01
-2.549999999999993383e-01 -8.024575935219215861e-01
-2.499999999999993339e-01 -8.174704897537304893e-01
-2.449999999999993294e-01 -8.322699157335303743e-01
-2.399999999999993250e-01 -8.468558714613216853e-01
-2.349999999999993205e-01 -8.612283569371044223e-01
-2.299999999999993161e-01 -8.753873721608785852e-01
-2.249999999999993117e-01 -8.893329171326441740e-01
-2.199999999999993072e-01 -9.030649918524009667e-01
-2.149999999999993028e-01 -9.165835963201490744e-01
-2.099999999999992983e-01 -9.298887305358888300e-01
-2.049999999999992939e-01 -9.429803944996196785e-01
-1.999999999999992895e-01 -9.558585882113418419e-01
-1.949999999999992850e-01 -9.685233116710557644e-01
-1.899999999999992806e-01 -9.809745648787605576e-01
-1.849999999999992761e-01 -9.932123478344571099e-01
-1.799999999999992717e-01 -1.005236660538144644e+00
-1.749999999999992673e-01 -1.017047502989824048e+00
-1.699999999999992628e-01 -1.028644875189494767e+00
-1.649999999999992584e-01 -1.040028777137156135e+00
-1.599999999999992539e-01 -1.051199208832809484e+00
-1.549999999999992495e-01 -1.062156170276454148e+00
-1.499999999999992450e-01 -1.072899661468089905e+00
-1.449999999999992406e-01 -1.083429682407717642e+00
-1.399999999999992362e-01 -1.093746233095336473e+00
-1.349999999999992317e-01 -1.103849313530946175e+00
-1.299999999999992273e-01 -1.113738923714547857e+00
-1.249999999999992228e-01 -1.123415063646140410e+00
-1.199999999999992184e-01 -1.132877733325724501e+00
-1.149999999999992140e-01 -1.142126932753300350e+00
-1.099999999999992095e-01 -1.151162661928867070e+00
-1.049999999999992051e-01 -1.159984920852425327e+00
-9.999999999999920064e-02 -1.168593709523974677e+00
-9.499999999999919620e-02 -1.176989027943516009e+00
-8.999999999999919176e-02 -1.185170876111048432e+00
-8.499999999999918732e-02 -1.193139254026571949e+00
-7.999999999999918288e-02 -1.200894161690087003e+00
-7.499999999999917843e-02 -1.208435599101593594e+00
-6.999999999999917399e-02 -1.215763566261091277e+00
-6.499999999999916955e-02 -1.222878063168580720e+00
-5.999999999999916511e-02 -1.229779089824061256e+00
-5.499999999999916067e-02 -1.236466646227532884e+00
-4.999999999999915623e-02 -1.242940732378996493e+00
-4.499999999999915179e-02 -1.249201348278450974e+00
-3.999999999999914735e-02 -1.255248493925896991e+00
-3.499999999999914291e-02 -1.261082169321334323e+00
-2.999999999999913847e-02 -1.266702374464762970e+00
-2.499999999999913403e-02 -1.272109109356183154e+00
-1.999999999999912959e-02 -1.277302373995594653e+00
-1.499999999999912514e-02 -1.282282168382997689e+00
-9.999999999999120703e-03 -1.287048492518391818e+00
-4.999999999999116262e-03 -1.291601346401777484e+00
8.881784197001252323e-16 -1.295940730033154242e+00
5.000000000000781597e-03 -1.300066643412522538e+00
1.000000000000089706e-02 -1.303979086539882148e+00
1.500000000000101252e-02 -1.307678059415233296e+00
2.000000000000090594e-02 -1.311163562038575980e+00
2.500000000000079936e-02 -1.314435594409909314e+00
3.000000000000091482e-02 -1.317494156529234850e+00
3.500000000000103029e-02 -1.320339248396551257e+00
4.000000000000092371e-02 -1.322970870011859201e+00
4.500000000000081712e-02 -1.325389021375158238e+00
5.000000000000093259e-02 -1.327593702486448812e+00
5.500000000000104805e-02 -1.329584913345730923e+00
6.000000000000094147e-02 -1.331362653953004127e+00
6.500000000000083489e-02 -1.332926924308268868e+00
7.000000000000095035e-02 -1.334277724411524924e+00
7.500000000000106581e-02 -1.335415054262772294e+00
8.000000000000095923e-02 -1.336338913862011202e+00
8.500000000000085265e-02 -1.337049303209241424e+00
9.000000000000096811e-02 -1.337546222304462962e+00
9.500000000000108358e-02 -1.337829671147675814e+00
1.000000000000009770e-01 -1.337899649738880203e+00
1.050000000000008704e-01 -1.337756158078075686e+00
1.100000000000009859e-01 -1.337399196165262705e+00
1.150000000000011013e-01 -1.336828764000441039e+00
1.200000000000009948e-01 -1.336044861583610688e+00
1.250000000000008882e-01 -1.335047488914772096e+00
1.300000000000010036e-01 -1.333836645993924375e+00
1.350000000000011191e-01 -1.332412332821067968e+00
1.400000000000010125e-01 -1.330774549396203321e+00
1.450000000000009059e-01 -1.328923295719329989e+00
1.500000000000010214e-01 -1.326858571790447971e+00
1.550000000000011369e-01 -1.324580377609557047e+00
1.600000000000010303e-01 -1.322088713176657659e+00
1.650000000000009237e-01 -1.319383578491750031e+00
1.700000000000010392e-01 -1.316464973554833273e+00
1.750000000000011546e-01 -1.313332898365908052e+00
1.800000000000010481e-01 -1.309987352924974147e+00
1.850000000000009415e-01 -1.306428337232031778e+00
1.900000000000010569e-01 -1.302655851287080280e+00
1.950000000000011724e-01 -1.298669895090120541e+00
2.000000000000010658e-01 -1.294470468641152339e+00
2.050000000000009592e-01 -1.290057571940175229e+00
2.100000000000010747e-01 -1.285431204987189657e+00
2.150000000000011902e-01 -1.280591367782194956e+00
2.200000000000010836e-01 -1.275538060325192458e+00
2.250000000000009770e-01 -1.270271282616180608e+00
2.300000000000010925e-01 -1.264791034655160518e+00
2.350000000000012079e-01 -1.259097316442131520e+00
2.400000000000011013e-01 -1.253190127977094281e+00
2.450000000000009948e-01 -1.247069469260048136e+00
2.500000000000011102e-01 -1.240735340290993305e+00
2.550000000000012257e-01 -1.234187741069929789e+00
2.600000000000011191e-01 -1.227426671596857810e+00
2.650000000000010125e-01 -1.220452131871777590e+00
2.700000000000011280e-01 -1.213264121894687797e+00
2.750000000000012434e-01 -1.205862641665589763e+00
2.800000000000011369e-01 -1.198247691184483488e+00
2.850000000000010303e-01 -1.190419270451368305e+00
2.900000000000011458e-01 -1.182377379466244438e+00
2.950000000000012612e-01 -1.174122018229111664e+00
3.000000000000011546e-01 -1.165653186739970870e+00
3.050000000000010481e-01 -1.156970884998821170e+00
3.100000000000011635e-01 -1.148075113005662562e+00
3.150000000000012790e-01 -1.138965870760495491e+00
3.200000000000011724e-01 -1.129643158263319958e+00
3.250000000000010658e-01 -1.120106975514136183e+00
3.300000000000011813e-01 -1.110357322512943057e+00
3.350000000000012967e-01 -1.100394199259741468e+00
3.400000000000011902e-01 -1.090217605754531194e+00
3.450000000000010836e-01 -1.079827541997312901e+00
3.500000000000011990e-01 -1.069224007988085035e+00
3.550000000000013145e-01 -1.058407003726848705e+00
3.600000000000012079e-01 -1.047376529213604135e+00
3.650000000000011013e-01 -1.036132584448351102e+00
3.700000000000012168e-01 -1.024675169431089161e+00
3.750000000000013323e-01 -1.013004284161817870e+00
3.800000000000012257e-01 -1.001119928640539447e+00
3.850000000000011191e-01 -9.890221028672513404e-01
3.900000000000012346e-01 -9.767108068419546596e-01
3.950000000000013500e-01 -9.641860405646494048e-01
4.000000000000012434e-01 -9.514478040353359090e-01
4.050000000000011369e-01 -9.384960972540138391e-01
4.100000000000012523e-01 -9.253309202206826400e-01
4.150000000000013678e-01 -9.119522729353426449e-01
4.200000000000012612e-01 -8.983601553979942977e-01
4.250000000000011546e-01 -8.845545676086380427e-01
4.300000000000012701e-01 -8.705355095672718813e-01
4.350000000000013856e-01 -8.563029812738974789e-01
4.400000000000012790e-01 -8.418569827285149465e-01
4.450000000000011724e-01 -8.271975139311238401e-01
4.500000000000012879e-01 -8.123245748817236045e-01
4.550000000000014033e-01 -7.972381655803140177e-01
4.600000000000012967e-01 -7.819382860268975222e-01
4.650000000000011902e-01 -7.664249362214712313e-01
4.700000000000013056e-01 -7.506981161640364775e-01
4.750000000000014211e-01 -7.347578258545929275e-01
4.800000000000013145e-01 -7.186040652931413586e-01
4.850000000000012079e-01 -7.022368344796812156e-01
4.900000000000013234e-01 -6.856561334142118325e-01
4.950000000000014388e-01 -6.688619620967337642e-01
5.000000000000013323e-01 -6.518543205272471219e-01
5.050000000000012257e-01 -6.346332087057529048e-01
5.100000000000013411e-01 -6.171986266322484482e-01
5.150000000000014566e-01 -5.995505743067357507e-01
5.200000000000013500e-01 -5.816890517292152563e-01
5.250000000000012434e-01 -5.636140588996859657e-01
5.300000000000013589e-01 -5.453255958181475460e-01
5.350000000000014744e-01 -5.268236624845996641e-01
5.400000000000013678e-01 -5.081082588990453175e-01
5.450000000000012612e-01 -4.891793850614807870e-01
5.500000000000013767e-01 -4.700370409719077935e-01
5.550000000000014921e-01 -4.506812266303261150e-01
5.600000000000013856e-01 -4.311119420367364174e-01
5.650000000000012790e-01 -4.113291871911382569e-01
5.700000000000013944e-01 -3.913329620935306341e-01
5.750000000000015099e-01 -3.711232667439144373e-01
5.800000000000014033e-01 -3.507001011422894443e-01
5.850000000000012967e-01 -3.300634652886575426e-01
5.900000000000014122e-01 -3.092133591830146799e-01
5.950000000000015277e-01 -2.881497828253637428e-01
6.000000000000014211e-01 -2.668727362157051752e-01
6.050000000000013145e-01 -2.453822193540386165e-01
6.100000000000014300e-01 -2.236782322403604584e-01
6.150000000000015454e-01 -2.017607748746750307e-01
6.200000000000014388e-01 -1.796298472569826943e-01
6.250000000000013323e-01 -1.572854493872801185e-01
6.300000000000014477e-01 -1.347275812655687743e-01
6.350000000000015632e-01 -1.119562428918490088e-01
6.400000000000014566e-01 -8.897143426612215411e-02
6.450000000000013500e-01 -6.577315538838490738e-02
6.500000000000014655e-01 -4.236140625863920456e-02
6.550000000000015810e-01 -1.873618687688476114e-02
6.600000000000014744e-01 5.102502756878271942e-03
6.650000000000013678e-01 2.915466264264822763e-02
6.700000000000014833e-01 5.342029278042874363e-02
6.750000000000015987e-01 7.789939317021769838e-02
6.800000000000014921e-01 1.025919638120151023e-01
6.850000000000013856e-01 1.274980047058215382e-01
6.900000000000015010e-01 1.526175158516364372e-01
6.950000000000016165e-01 1.779504972494597437e-01
7.000000000000015099e-01 2.034969488992902920e-01
7.050000000000014033e-01 2.292568708011311074e-01
7.100000000000015188e-01 2.552302629549803581e-01
7.150000000000016342e-01 2.814171253608383494e-01
7.200000000000015277e-01 3.078174580187050813e-01
7.250000000000014211e-01 3.344312609285787219e-01
7.300000000000015365e-01 3.612585340904626574e-01
7.350000000000016520e-01 3.882992775043552780e-01
7.400000000000015454e-01 4.155534911702564171e-01
7.450000000000014388e-01 4.430211750881644095e-01
7.500000000000015543e-01 4.707023292580830298e-01
7.550000000000016698e-01 4.985969536800121671e-01
7.600000000000015632e-01 5.267050483539458261e-01
7.650000000000014566e-01 5.550266132798882257e-01
7.700000000000015721e-01 5.835616484578431962e-01
7.750000000000016875e-01 6.123101538878049643e-01
7.800000000000015810e-01 6.412721295697731971e-01
7.850000000000014744e-01 6.704475755037524465e-01
7.900000000000015898e-01 6.998364916897400478e-01
7.950000000000017053e-01 7.294388781277361122e-01
8.000000000000015987e-01 7.592547348177390854e-01
8.050000000000014921e-01 7.892840617597526309e-01
8.100000000000016076e-01 8.195268589537746395e-01
8.150000000000017231e-01 8.499831263998053332e-01
8.200000000000016165e-01 8.806528640978448230e-01
8.250000000000015099e-01 9.115360720478908885e-01
8.300000000000016254e-01 9.426327502499475264e-01
8.350000000000017408e-01 9.739428987040129604e-01
8.400000000000016342e-01 1.005466517410086746e+00
8.450000000000015277e-01 1.037203606368169329e+00
8.500000000000016431e-01 1.069154165578260596e+00
8.550000000000017586e-01 1.101318195040360770e+00
8.600000000000016520e-01 1.133695694754466743e+00
8.650000000000015454e-01 1.166286664720584065e+00
8.700000000000016609e-01 1.199091104938709629e+00
8.750000000000017764e-01 1.232109015408844099e+00
8.800000000000016698e-01 1.265340396130987255e+00
8.850000000000015632e-01 1.298785247105136653e+00
8.900000000000016787e-01 1.332443568331297179e+00
8.950000000000017941e-01 1.366315359809465724e+00
9.000000000000016875e-01 1.400400621539643176e+00
9.050000000000015810e-01 1.434699353521827536e+00
9.100000000000016964e-01 1.469211555756022358e+00
9.150000000000018119e-01 1.503937228242228308e+00
9.200000000000017053e-01 1.538876370980437835e+00
9.250000000000015987e-01 1.574028983970656270e+00
9.300000000000017142e-01 1.609395067212888053e+00
9.350000000000018296e-01 1.644974620707125856e+00
9.400000000000017231e-01 1.680767644453370346e+00
9.450000000000016165e-01 1.716774138451625742e+00
9.500000000000017319e-01 1.752994102701890045e+00
9.550000000000018474e-01 1.789427537204162144e+00
9.600000000000017408e-01 1.826074441958440930e+00
9.650000000000016342e-01 1.862934816964730622e+00
9.700000000000017497e-01 1.900008662223029443e+00
9.750000000000018652e-01 1.937295977733336505e+00
9.800000000000017586e-01 1.974796763495652696e+00
9.850000000000016520e-01 2.012511019509974464e+00
9.900000000000017675e-01 2.050438745776307581e+00
9.950000000000018829e-01 2.088579942294649161e+00
1.000000000000001776e+00 2.126934609064999648e+00
