-1.000000000000000000e+00 3.713807890056624927e+00
-9.949999999999999956e-01 3.668293286154504784e+00
-9.899999999999999911e-01 3.622986123034490191e+00
-9.849999999999999867e-01 3.577886407361358323e+00
-9.799999999999999822e-01 3.532994124699609273e+00
-9.749999999999999778e-01 3.488309260293601000e+00
-9.699999999999999734e-01 3.443831888358101168e+00
-9.649999999999999689e-01 3.399561911569900730e+00
-9.599999999999999645e-01 3.355499397362574854e+00
-9.549999999999999600e-01 3.311644330689443194e+00
-9.499999999999999556e-01 3.267996711696024903e+00
-9.449999999999999512e-01 3.224556525073705160e+00
-9.399999999999999467e-01 3.181323793232433417e+00
-9.349999999999999423e-01 3.138298523942932405e+00
-9.299999999999999378e-01 3.095480738945763477e+00
-9.249999999999999334e-01 3.052870401133542799e+00
-9.199999999999999289e-01 3.010467510709997185e+00
-9.149999999999999245e-01 2.968272090143283748e+00
-9.099999999999999201e-01 2.926284079217577272e+00
-9.049999999999999156e-01 2.884503582532044419e+00
-8.999999999999999112e-01 2.842930547816205689e+00
-8.949999999999999067e-01 2.801564960401730531e+00
-8.899999999999999023e-01 2.760406886674456217e+00
-8.849999999999998979e-01 2.719456208472831094e+00
-8.799999999999998934e-01 2.678712999022092589e+00
-8.749999999999998890e-01 2.638177318800000393e+00
-8.699999999999998845e-01 2.597849122608305805e+00
-8.649999999999998801e-01 2.557728321360183799e+00
-8.599999999999998757e-01 2.517815041599089199e+00
-8.549999999999998712e-01 2.478109208528177732e+00
-8.499999999999998668e-01 2.438610934109885164e+00
-8.449999999999998623e-01 2.399320091684341349e+00
-8.399999999999998579e-01 2.360236703545080417e+00
-8.349999999999998535e-01 2.321360814453793608e+00
-8.299999999999998490e-01 2.282692409189177596e+00
-8.249999999999998446e-01 2.244231488100478344e+00
-8.199999999999998401e-01 2.205978065972441726e+00
-8.149999999999998357e-01 2.167932097956065007e+00
-8.099999999999998312e-01 2.130093621391562664e+00
-8.049999999999998268e-01 2.092462703217744746e+00
-7.999999999999998224e-01 2.055039224429048517e+00
-7.949999999999998179e-01 2.017823229554334574e+00
-7.899999999999998135e-01 1.980814718680914410e+00
-7.849999999999998090e-01 1.944013728828860366e+00
-7.799999999999998046e-01 1.907420193204881542e+00
-7.749999999999998002e-01 1.871034178747787990e+00
-7.699999999999997957e-01 1.834855677948791453e+00
-7.649999999999997913e-01 1.798884646104408347e+00
-7.599999999999997868e-01 1.763121142964802601e+00
-7.549999999999997824e-01 1.727565123622763821e+00
-7.499999999999997780e-01 1.692216580685919070e+00
-7.449999999999997735e-01 1.657075543985694566e+00
-7.399999999999997691e-01 1.622142073039423593e+00
-7.349999999999997646e-01 1.587416026344282471e+00
-7.299999999999997602e-01 1.552897493394549855e+00
-7.249999999999997558e-01 1.518586496280033060e+00
-7.199999999999997513e-01 1.484482960756860592e+00
-7.149999999999997469e-01 1.450587005801491358e+00
-7.099999999999997424e-01 1.416898504928678193e+00
-7.049999999999997380e-01 1.383417472981374630e+00
-6.999999999999997335e-01 1.350144006817128428e+00
-6.949999999999997291e-01 1.317078016941660934e+00
-6.899999999999997247e-01 1.284219578006297269e+00
-6.849999999999997202e-01 1.251568660121403553e+00
-6.799999999999997158e-01 1.219125211074707948e+00
-6.749999999999997113e-01 1.186889298008747318e+00
-6.699999999999997069e-01 1.154860891004783952e+00
-6.649999999999997025e-01 1.123039967798387551e+00
-6.599999999999996980e-01 1.091426595561198809e+00
-6.549999999999996936e-01 1.060020736836587929e+00
-6.499999999999996891e-01 1.028822376810705208e+00
-6.449999999999996847e-01 9.978315601579302863e-01
-6.399999999999996803e-01 9.670482272445147798e-01
-6.349999999999996758e-01 9.364724452129954413e-01
-6.299999999999996714e-01 9.061041543714160040e-01
-6.249999999999996669e-01 8.759433696791453228e-01
-6.199999999999996625e-01 8.459901358105631486e-01
-6.149999999999996581e-01 8.162443856813402787e-01
-6.099999999999996536e-01 7.867062311374971584e-01
-6.049999999999996492e-01 7.573755380103753820e-01
-5.999999999999996447e-01 7.282523360440896765e-01
-5.949999999999996403e-01 6.993367147620225266e-01
-5.899999999999996358e-01 6.706286219519020930e-01
-5.849999999999996314e-01 6.421280054305603668e-01
-5.799999999999996270e-01 6.138349471834877447e-01
-5.749999999999996225e-01 5.857493950857238785e-01
-5.699999999999996181e-01 5.578714086837058828e-01
-5.649999999999996136e-01 5.302008762187248037e-01
-5.599999999999996092e-01 5.027378722547942713e-01
-5.549999999999996048e-01 4.754824563965591167e-01
-5.499999999999996003e-01 4.484345391497405742e-01
-5.449999999999995959e-01 4.215941727557143692e-01
-5.399999999999995914e-01 3.949613124818930898e-01
-5.349999999999995870e-01 3.685359583282767360e-01
-5.299999999999995826e-01 3.423181474604568009e-01
-5.249999999999995781e-01 3.163078950124251221e-01
-5.199999999999995737e-01 2.905051038938032959e-01
-5.149999999999995692e-01 2.649098933720885340e-01
-5.099999999999995648e-01 2.395222188020048881e-01
-5.049999999999995604e-01 2.143420280003844047e-01
-4.999999999999995559e-01 1.893694476270972038e-01
-4.949999999999995515e-01 1.646043062896857256e-01
-4.899999999999995470e-01 1.400467605376539970e-01
-4.849999999999995426e-01 1.156967432284651542e-01
-4.799999999999995381e-01 9.155423949006183393e-02
-4.749999999999995337e-01 6.761925674392080254e-02
-4.699999999999995293e-01 4.389178762677295453e-02
-4.649999999999995248e-01 2.037188414716331608e-02
-4.599999999999995204e-01 -2.940475901130750868e-03
-4.549999999999995159e-01 -2.604535218096168392e-02
-4.499999999999995115e-01 -4.894262542483227008e-02
-4.449999999999995071e-01 -7.163239269401708298e-02
-4.399999999999995026e-01 -9.411467613653110020e-02
-4.349999999999994982e-01 -1.163893640227691983e-01
-4.299999999999994937e-01 -1.384565607190673953e-01
-4.249999999999994893e-01 -1.603161692805664396e-01
-4.199999999999994849e-01 -1.819682866812294131e-01
-4.149999999999994804e-01 -2.034128905111068641e-01
-4.099999999999994760e-01 -2.246498615900130724e-01
-4.049999999999994715e-01 -2.456794009381050026e-01
-3.999999999999994671e-01 -2.665013448172324773e-01
-3.949999999999994627e-01 -2.871157751837821182e-01
-3.899999999999994582e-01 -3.075226546684355911e-01
-3.849999999999994538e-01 -3.277220056520385172e-01
-3.799999999999994493e-01 -3.477138207713217910e-01
-3.749999999999994449e-01 -3.674981074186583485e-01
-3.699999999999994404e-01 -3.870748580270522710e-01
-3.649999999999994360e-01 -4.064440430852194752e-01
-3.599999999999994316e-01 -4.256057442876120533e-01
-3.549999999999994271e-01 -4.445598200440948333e-01
-3.499999999999994227e-01 -4.633064643608016397e-01
-3.449999999999994182e-01 -4.818454907112830754e-01
-3.399999999999994138e-01 -5.001770183921402380e-01
-3.349999999999994094e-01 -5.183009878569359019e-01
-3.299999999999994049e-01 -5.362174064689392283e-01
-3.249999999999994005e-01 -5.539263262949029043e-01
-3.199999999999993960e-01 -5.714276581897942409e-01
-3.149999999999993916e-01 -5.887214839062729910e-01
-3.099999999999993872e-01 -6.058077587990632340e-01
-3.049999999999993827e-01 -6.226865648245515361e-01
-2.999999999999993783e-01 -6.393577380408609345e-01
-2.949999999999993738e-01 -6.558214275760186895e-01
-2.899999999999993694e-01 -6.720775289472734615e-01
-2.849999999999993650e-01 -6.881261241983233079e-01
-2.799999999999993605e-01 -7.039671835559496715e-01
-2.749999999999993561e-01 -7.196007144125254884e-01
-2.699999999999993516e-01 -7.350266796606669262e-01
-2.649999999999993472e-01 -7.502450939396007046e-01
-2.599999999999993427e-01 -7.652560170576984122e-01
-2.549999999999993383e-01 -7.800593669712619915e-01
-2.499999999999993339e-01 -7.946551586105564668e-01
-2.449999999999993294e-01 -8.090434366790654197e-01
-2.399999999999993250e-01 -8.232241489936208412e-01
-2.349999999999993205e-01 -8.371973626967595949e-01
-2.299999999999993161e-01 -8.509629883815145179e-01
-2.249999999999993117e-01 -8.645211227017065569e-01
-2.199999999999993072e-01 -8.778717062855215802e-01
-2.149999999999993028e-01 -8.910147167521139666e-01
-2.099999999999992983e-01 -9.039501836709754601e-01
-2.049999999999992939e-01 -9.166781595163123741e-01
-1.999999999999992895e-01 -9.291985621280113294e-01
-1.949999999999992850e-01 -9.415113990148605838e-01
-1.899999999999992806e-01 -9.536167968949379459e-01
-1.849999999999992761e-01 -9.655145768087899372e-01
-1.799999999999992717e-01 -9.772048357012758091e-01
-1.749999999999992673e-01 -9.886874917324243173e-01
-1.699999999999992628e-01 -9.999626713874826267e-01
-1.649999999999992584e-01 -1.011030315032702021e+00
-1.599999999999992539e-01 -1.021890393011279485e+00
-1.549999999999992495e-01 -1.032542927587645210e+00
-1.499999999999992450e-01 -1.042987948709640733e+00
-1.449999999999992406e-01 -1.053225411440951831e+00
-1.399999999999992362e-01 -1.063255316014409146e+00
-1.349999999999992317e-01 -1.073077714438557706e+00
-1.299999999999992273e-01 -1.082692517248222686e+00
-1.249999999999992228e-01 -1.092099858728477813e+00
-1.199999999999992184e-01 -1.101299574762823141e+00
-1.149999999999992140e-01 -1.110291807116016827e+00
-1.099999999999992095e-01 -1.119076466351987875e+00
-1.049999999999992051e-01 -1.127653611958965740e+00
-9.999999999999920064e-02 -1.136023176910828880e+00
-9.499999999999919620e-02 -1.144185235771590925e+00
-8.999999999999919176e-02 -1.152139751317452721e+00
-8.499999999999918732e-02 -1.159886753205217502e+00
-7.999999999999918288e-02 -1.167426144781064323e+00
-7.499999999999917843e-02 -1.174758059893509454e+00
-6.999999999999917399e-02 -1.181882364694036625e+00
-6.499999999999916955e-02 -1.188799185726100660e+00
-5.999999999999916511e-02 -1.195508493158275343e+00
-5.499999999999916067e-02 -1.202010175231851719e+00
-4.999999999999915623e-02 -1.208304380958441726e+00
-4.499999999999915179e-02 -1.214391028439866460e+00
-3.999999999999914735e-02 -1.220270073059953830e+00
-3.499999999999914291e-02 -1.225941663626588962e+00
-2.999999999999913847e-02 -1.231405643852202303e+00
-2.499999999999913403e-02 -1.236662110303303308e+00
-1.999999999999912959e-02 -1.241711070867030031e+00
-1.499999999999912514e-02 -1.246552510234767652e+00
-9.999999999999120703e-03 -1.251186354220852337e+00
-4.999999999999116262e-03 -1.255612639816252596e+00
8.881784197001252323e-16 -1.259831426829340018e+00
5.000000000000781597e-03 -1.263842640725204802e+00
1.000000000000089706e-02 -1.267646296230385161e+00
1.500000000000101252e-02 -1.271242512699689797e+00
2.000000000000090594e-02 -1.274631111260976724e+00
2.500000000000079936e-02 -1.277812144097413949e+00
3.000000000000091482e-02 -1.280785708124756894e+00
3.500000000000103029e-02 -1.283551654302289791e+00
4.000000000000092371e-02 -1.286110131525209255e+00
4.500000000000081712e-02 -1.288461020729744888e+00
5.000000000000093259e-02 -1.290604381549645296e+00
5.500000000000104805e-02 -1.292540198850918642e+00
6.000000000000094147e-02 -1.294268450514653779e+00
6.500000000000083489e-02 -1.295789203450556926e+00
7.000000000000095035e-02 -1.297102383240133605e+00
7.500000000000106581e-02 -1.298208086682723916e+00
8.000000000000095923e-02 -1.299106202106930397e+00
8.500000000000085265e-02 -1.299796744297498918e+00
9.000000000000096811e-02 -1.300279817649869329e+00
9.500000000000108358e-02 -1.300555273210637353e+00
1.000000000000009770e-01 -1.300623267238268710e+00
1.050000000000008704e-01 -1.300483658346355043e+00
1.100000000000009859e-01 -1.300136550726609386e+00
1.150000000000011013e-01 -1.299581862568164325e+00
1.200000000000009948e-01 -1.298819668260410509e+00
1.250000000000008882e-01 -1.297849885817857540e+00
1.300000000000010036e-01 -1.296672612185364670e+00
1.350000000000011191e-01 -1.295287810022717423e+00
1.400000000000010125e-01 -1.293695427350474603e+00
1.450000000000009059e-01 -1.291895531107446260e+00
1.500000000000010214e-01 -1.289888091374894685e+00
1.550000000000011369e-01 -1.287673078496016643e+00
1.600000000000010303e-01 -1.285250567063929594e+00
1.650000000000009237e-01 -1.282620474976727820e+00
1.700000000000010392e-01 -1.279782861780848435e+00
1.750000000000011546e-01 -1.276737742435660294e+00
1.800000000000010481e-01 -1.273485057511141605e+00
1.850000000000009415e-01 -1.270024799294777296e+00
1.900000000000010569e-01 -1.266357012519154779e+00
1.950000000000011724e-01 -1.262481712405577383e+00
2.000000000000010658e-01 -1.258398831549573771e+00
2.050000000000009592e-01 -1.254108459387214936e+00
2.100000000000010747e-01 -1.249610558840220875e+00
2.150000000000011902e-01 -1.244905077725423581e+00
2.200000000000010836e-01 -1.239992030827568925e+00
2.250000000000009770e-01 -1.234871507553624070e+00
2.300000000000010925e-01 -1.229543426092721603e+00
2.350000000000012079e-01 -1.224007741537651128e+00
2.400000000000011013e-01 -1.218264595682274631e+00
2.450000000000009948e-01 -1.212313906395582563e+00
2.500000000000011102e-01 -1.206155658776413730e+00
2.550000000000012257e-01 -1.199789845490602858e+00
2.600000000000011191e-01 -1.193216548436328850e+00
2.650000000000010125e-01 -1.186435633503140963e+00
2.700000000000011280e-01 -1.179447272025289095e+00
2.750000000000012434e-01 -1.172251277796465985e+00
2.800000000000011369e-01 -1.164847792261287651e+00
2.850000000000010303e-01 -1.157236808172900311e+00
2.900000000000011458e-01 -1.149418235920609987e+00
2.950000000000012612e-01 -1.141392120324315584e+00
3.000000000000011546e-01 -1.133158483677551231e+00
3.050000000000010481e-01 -1.124717296265306032e+00
3.100000000000011635e-01 -1.116068617517601780e+00
3.150000000000012790e-01 -1.107212328457979567e+00
3.200000000000011724e-01 -1.098148533278152428e+00
3.250000000000010658e-01 -1.088877239341389469e+00
3.300000000000011813e-01 -1.079398335005397058e+00
3.350000000000012967e-01 -1.069711931941572658e+00
3.400000000000011902e-01 -1.059817978083163581e+00
3.450000000000010836e-01 -1.049716495781911618e+00
3.500000000000011990e-01 -1.039407462627867318e+00
3.550000000000013145e-01 -1.028890856298392720e+00
3.600000000000012079e-01 -1.018166788581300608e+00
3.650000000000011013e-01 -1.007235132758513174e+00
3.700000000000012168e-01 -9.960959633067326680e-01
3.750000000000013323e-01 -9.847492431185750350e-01
3.800000000000012257e-01 -9.731950018508436218e-01
3.850000000000011191e-01 -9.614332470123266861e-01
3.900000000000012346e-01 -9.494638891960570648e-01
3.950000000000013500e-01 -9.372870252886863485e-01
4.000000000000012434e-01 -9.249025955982582703e-01
4.050000000000011369e-01 -9.123107046075241700e-01
4.100000000000012523e-01 -8.995112253946794256e-01
4.150000000000013678e-01 -8.865042177680956259e-01
4.200000000000012612e-01 -8.732896667101962551e-01
4.250000000000011546e-01 -8.598676095902996197e-01
4.300000000000012701e-01 -8.462379345914891049e-01
4.350000000000013856e-01 -8.324007907253766492e-01
4.400000000000012790e-01 -8.183561034570524528e-01
4.450000000000011724e-01 -8.041038578853553220e-01
4.500000000000012879e-01 -7.896441062807647571e-01
4.550000000000014033e-01 -7.749768186663353875e-01
4.600000000000012967e-01 -7.601019355538377598e-01
4.650000000000011902e-01 -7.450195538299234643e-01
4.700000000000013056e-01 -7.297297106310801640e-01
4.750000000000014211e-01 -7.142322346812656209e-01
4.800000000000013145e-01 -6.985272748756764516e-01
4.850000000000012079e-01 -6.826147419819684758e-01
4.900000000000013234e-01 -6.664946954883711472e-01
4.950000000000014388e-01 -6.501671428745688930e-01
5.000000000000013323e-01 -6.336320022714866385e-01
5.050000000000012257e-01 -6.168893628532609030e-01
5.100000000000013411e-01 -5.999391726986581519e-01
5.150000000000014566e-01 -5.827814168774133607e-01
5.200000000000013500e-01 -5.654161548777559831e-01
5.250000000000012434e-01 -5.478434239234851733e-01
5.300000000000013589e-01 -5.300630900787731692e-01
5.350000000000014744e-01 -5.120752129191609159e-01
5.400000000000013678e-01 -4.938798817060963686e-01
5.450000000000012612e-01 -4.754769475443830218e-01
5.500000000000013767e-01 -4.568664998991956439e-01
5.550000000000014921e-01 -4.380485460755956795e-01
5.600000000000013856e-01 -4.190229967539274569e-01
5.650000000000012790e-01 -3.997899859573302295e-01
5.700000000000013944e-01 -3.803494094940909620e-01
5.750000000000015099e-01 -3.607013120385894056e-01
5.800000000000014033e-01 -3.408456263609772052e-01
5.850000000000012967e-01 -3.207824720488937076e-01
5.900000000000014122e-01 -3.005118189798743900e-01
5.950000000000015277e-01 -2.800335927063209440e-01
6.000000000000014211e-01 -2.593478677922469999e-01
6.050000000000013145e-01 -2.384545399586280590e-01
6.100000000000014300e-01 -2.173537208186538672e-01
6.150000000000015454e-01 -1.960453881369979834e-01
6.200000000000014388e-01 -1.745295047189650839e-01
6.250000000000013323e-01 -1.528061448957381552e-01
6.300000000000014477e-01 -1.308751821820700323e-01
6.350000000000015632e-01 -1.087367430923117106e-01
6.400000000000014566e-01 -8.639075323707254284e-02
6.450000000000013500e-01 -6.383725720342078858e-02
6.500000000000014655e-01 -4.107624771539883368e-02
6.550000000000015810e-01 -1.810769479606130772e-02
6.600000000000014744e-01 5.068438720183283432e-03
6.650000000000013678e-01 2.845201133051125653e-02
6.700000000000014833e-01 5.204317943890748865e-02
6.750000000000015987e-01 7.584179406286387093e-02
6.800000000000014921e-01 9.984801163546910829e-02
6.850000000000013856e-01 1.240616906247956897e-01
6.900000000000015010e-01 1.484828831849077935e-01
6.950000000000016165e-01 1.731116787227725828e-01
7.000000000000015099e-01 1.979479357355663771e-01
7.050000000000014033e-01 2.229917583858983809e-01
7.100000000000015188e-01 2.482430424238478983e-01
7.150000000000016342e-01 2.737018996954354022e-01
7.200000000000015277e-01 2.993682481860666100e-01
7.250000000000014211e-01 3.252421624597551797e-01
7.300000000000015365e-01 3.513235157402156417e-01
7.350000000000016520e-01 3.776124571263714258e-01
7.400000000000015454e-01 4.041088599001447235e-01
7.450000000000014388e-01 4.308127911749685679e-01
7.500000000000015543e-01 4.577243031049071376e-01
7.550000000000016698e-01 4.848432391986640666e-01
7.600000000000015632e-01 5.121697335375862137e-01
7.650000000000014566e-01 5.397037490142898575e-01
7.700000000000015721e-01 5.674453301867393717e-01
7.750000000000016875e-01 5.953943355230072454e-01
7.800000000000015810e-01 6.235508991626480535e-01
7.850000000000014744e-01 6.519149839109664724e-01
7.900000000000015898e-01 6.804865822300704137e-01
7.950000000000017053e-01 7.092656644049489811e-01
8.000000000000015987e-01 7.382522749935666040e-01
8.050000000000014921e-01 7.674463695543741748e-01
8.100000000000016076e-01 7.968479925871284619e-01
8.150000000000017231e-01 8.264571738650480226e-01
8.200000000000016165e-01 8.562737794814089254e-01
8.250000000000015099e-01 8.862979209911933109e-01
8.300000000000016254e-01 9.165295910893397346e-01
8.350000000000017408e-01 9.469687673950025752e-01
8.400000000000016342e-01 9.776154349779168085e-01
8.450000000000015277e-01 1.008469601346870803e+00
8.500000000000016431e-01 1.039531303812974983e+00
8.550000000000017586e-01 1.070800460245219909e+00
8.600000000000016520e-01 1.102277160166988068e+00
8.650000000000015454e-01 1.133961321767412045e+00
8.700000000000016609e-01 1.165853004447409802e+00
8.750000000000017764e-01 1.197952267869833776e+00
8.800000000000016698e-01 1.230258903505738743e+00
8.850000000000015632e-01 1.262773119884069928e+00
8.900000000000016787e-01 1.295494782981688076e+00
8.950000000000017941e-01 1.328423982205560350e+00
9.000000000000016875e-01 1.361560620669035160e+00
9.050000000000015810e-01 1.394904810363652103e+00
9.100000000000016964e-01 1.428456491219105118e+00
9.150000000000018119e-01 1.462215656337786385e+00
9.200000000000017053e-01 1.496182268088443124e+00
9.250000000000015987e-01 1.530356393759131350e+00
9.300000000000017142e-01 1.564738055468762212e+00
9.350000000000018296e-01 1.599327156621722423e+00
9.400000000000017231e-01 1.634123779290813872e+00
9.450000000000016165e-01 1.669127871001830243e+00
9.500000000000017319e-01 1.704339431958498352e+00
9.550000000000018474e-01 1.739758499355513521e+00
9.600000000000017408e-01 1.775385066062437289e+00
9.650000000000016342e-01 1.811219101782182150e+00
9.700000000000017497e-01 1.847260584570459940e+00
9.750000000000018652e-01 1.883509544316904538e+00
9.800000000000017586e-01 1.919966025492168882e+00
9.850000000000016520e-01 1.956629953357616358e+00
9.900000000000017675e-01 1.993501388245487504e+00
9.950000000000018829e-01 2.030580284812014469e+00
1.000000000000001776e+00 2.067866665932807990e+00
