-1.000000000000000000e+00 3.713806947828278027e+00
-9.949999999999999956e-01 3.668292399456266395e+00
-9.899999999999999911e-01 3.622985288432108320e+00
-9.849999999999999867e-01 3.577885622992187820e+00
-9.799999999999999822e-01 3.532993387769682414e+00
-9.749999999999999778e-01 3.488308567717911757e+00
-9.699999999999999734e-01 3.443831237633720121e+00
-9.649999999999999689e-01 3.399561301125221036e+00
-9.599999999999999645e-01 3.355498824869290075e+00
-9.549999999999999600e-01 3.311643794110285199e+00
-9.499999999999999556e-01 3.267996208702687255e+00
-9.449999999999999512e-01 3.224556054152788676e+00
-9.399999999999999467e-01 3.181323352754123590e+00
-9.349999999999999423e-01 3.138298111637130461e+00
-9.299999999999999378e-01 3.095480353764731518e+00
-9.249999999999999334e-01 3.052870041738504625e+00
-9.199999999999999289e-01 3.010467175354722968e+00
-9.149999999999999245e-01 2.968271776848713017e+00
-9.099999999999999201e-01 2.926283787227010436e+00
-9.049999999999999156e-01 2.884503310506705276e+00
-8.999999999999999112e-01 2.842930294650148682e+00
-8.949999999999999067e-01 2.801564724523348815e+00
-8.899999999999999023e-01 2.760406667850919149e+00
-8.849999999999998979e-01 2.719456004375832237e+00
-8.799999999999998934e-01 2.678712809884462587e+00
-8.749999999999998890e-01 2.638177143108340061e+00
-8.699999999999998845e-01 2.597848959838746197e+00
-8.649999999999998801e-01 2.557728170348571695e+00
-8.599999999999998757e-01 2.517814901414102025e+00
-8.549999999999998712e-01 2.478109078820569522e+00
-8.499999999999998668e-01 2.438610814122956327e+00
-8.449999999999998623e-01 2.399319980661392293e+00
-8.399999999999998579e-01 2.360236600845826871e+00
-8.349999999999998535e-01 2.321360719321535981e+00
-8.299999999999998490e-01 2.282692321507500566e+00
-8.249999999999998446e-01 2.244231407054474658e+00
-8.199999999999998401e-01 2.205977990980034775e+00
-8.149999999999998357e-01 2.167932028726216487e+00
-8.099999999999998312e-01 2.130093557458611286e+00
-8.049999999999998268e-01 2.092462644348859868e+00
-7.999999999999998224e-01 2.055039169983945868e+00
-7.949999999999998179e-01 2.017823179241975851e+00
-7.899999999999998135e-01 1.980814672035638324e+00
-7.849999999999998090e-01 1.944013685850666917e+00
-7.799999999999998046e-01 1.907420153369901783e+00
-7.749999999999998002e-01 1.871034141764983616e+00
-7.699999999999997957e-01 1.834855643643539480e+00
-7.649999999999997913e-01 1.798884614302085794e+00
-7.599999999999997868e-01 1.763121113199748180e+00
-7.549999999999997824e-01 1.727565095836769871e+00
-7.499999999999997780e-01 1.692216554704362608e+00
-7.449999999999997735e-01 1.657075519575744948e+00
-7.399999999999997691e-01 1.622142050142873160e+00
-7.349999999999997646e-01 1.587416004786508239e+00
-7.299999999999997602e-01 1.552897472826305858e+00
-7.249999999999997558e-01 1.518586476875942282e+00
-7.199999999999997513e-01 1.484482942167677066e+00
-7.149999999999997469e-01 1.450586988143630407e+00
-7.099999999999997424e-01 1.416898487969309173e+00
-7.049999999999997380e-01 1.383417456604082219e+00
-6.999999999999997335e-01 1.350143990905497304e+00
-6.949999999999997291e-01 1.317078001553898758e+00
-6.899999999999997247e-01 1.284219562909573398e+00
-6.849999999999997202e-01 1.251568645257510326e+00
-6.799999999999997158e-01 1.219125196501853026e+00
-6.749999999999997113e-01 1.186889283610515378e+00
-6.699999999999997069e-01 1.154860876897590316e+00
-6.649999999999997025e-01 1.123039953924024559e+00
-6.599999999999996980e-01 1.091426581628628156e+00
-6.549999999999996936e-01 1.060020722962224937e+00
-6.499999999999996891e-01 1.028822362936342216e+00
-6.449999999999996847e-01 9.978315462835675165e-01
-6.399999999999996803e-01 9.670482134283596709e-01
-6.349999999999996758e-01 9.364724313386326715e-01
-6.299999999999996714e-01 9.061041404970532342e-01
-6.249999999999996669e-01 8.759433557465748921e-01
-6.199999999999996625e-01 8.459901218197850570e-01
-6.149999999999996581e-01 8.162443716905621871e-01
-6.099999999999996536e-01 7.867062170303037449e-01
-6.049999999999996492e-01 7.573755237867666468e-01
-5.999999999999996447e-01 7.282523218204809412e-01
-5.949999999999996403e-01 6.993367004219984695e-01
-5.899999999999996358e-01 6.706286074954627141e-01
-5.849999999999996314e-01 6.421279909159133270e-01
-5.799999999999996270e-01 6.138349326106330439e-01
-5.749999999999996225e-01 5.857493803964538559e-01
-5.699999999999996181e-01 5.578713939362281993e-01
-5.649999999999996136e-01 5.302008614712471202e-01
-5.599999999999996092e-01 5.027378574491089269e-01
-5.549999999999996048e-01 4.754824414744583394e-01
-5.499999999999996003e-01 4.484345242276397969e-01
-5.449999999999995959e-01 4.215941577754059311e-01
-5.399999999999995914e-01 3.949612974433769907e-01
-5.349999999999995870e-01 3.685359432315529760e-01
-5.299999999999995826e-01 3.423181324801483627e-01
-5.249999999999995781e-01 3.163078798574937012e-01
-5.199999999999995737e-01 2.905050887388718750e-01
-5.149999999999995692e-01 2.649098782753647741e-01
-5.099999999999995648e-01 2.395222037052811836e-01
-5.049999999999995604e-01 2.143420129036607003e-01
-4.999999999999995559e-01 1.893694325303734993e-01
-4.949999999999995515e-01 1.646042912511696821e-01
-4.899999999999995470e-01 1.400467454409302925e-01
-4.849999999999995426e-01 1.156967281317414498e-01
-4.799999999999995381e-01 9.155422439333812945e-02
-4.749999999999995337e-01 6.761924170540475898e-02
-4.699999999999995293e-01 4.389177253004925006e-02
-4.649999999999995248e-01 2.037186916685493343e-02
-4.599999999999995204e-01 -2.940490881439134386e-03
-4.549999999999995159e-01 -2.604536716127006657e-02
-4.499999999999995115e-01 -4.894264052155597455e-02
-4.449999999999995071e-01 -7.163240761611780472e-02
-4.399999999999995026e-01 -9.411469100042416103e-02
-4.349999999999994982e-01 -1.163893788866622592e-01
-4.299999999999994937e-01 -1.384565755247527952e-01
-4.249999999999994893e-01 -1.603161841444595004e-01
-4.199999999999994849e-01 -1.819683014869148130e-01
-4.149999999999994804e-01 -2.034129052585846031e-01
-4.099999999999994760e-01 -2.246498762210754896e-01
-4.049999999999994715e-01 -2.456794156855827416e-01
-3.999999999999994671e-01 -2.665013595647102718e-01
-3.949999999999994627e-01 -2.871157898148445908e-01
-3.899999999999994582e-01 -3.075226692994980637e-01
-3.849999999999994538e-01 -3.277220203413086508e-01
-3.799999999999994493e-01 -3.477138354023842637e-01
-3.749999999999994449e-01 -3.674981219915131603e-01
-3.699999999999994404e-01 -3.870748727745300655e-01
-3.649999999999994360e-01 -4.064440576580742870e-01
-3.599999999999994316e-01 -4.256057588604668651e-01
-3.549999999999994271e-01 -4.445598348497802887e-01
-3.499999999999994227e-01 -4.633064790500717733e-01
-3.449999999999994182e-01 -4.818455054587608699e-01
-3.399999999999994138e-01 -5.001770331978255824e-01
-3.349999999999994094e-01 -5.183010026044135854e-01
-3.299999999999994049e-01 -5.362174212164169118e-01
-3.249999999999994005e-01 -5.539263412752112314e-01
-3.199999999999993960e-01 -5.714276731118949071e-01
-3.149999999999993916e-01 -5.887214988865813181e-01
-3.099999999999993872e-01 -6.058077738375792221e-01
-3.049999999999993827e-01 -6.226865799212751851e-01
-2.999999999999993783e-01 -6.393577532539999053e-01
-2.949999999999993738e-01 -6.558214427309499994e-01
-2.899999999999993694e-01 -6.720775442186200932e-01
-2.849999999999993650e-01 -6.881261395860852614e-01
-2.799999999999993605e-01 -7.039671990019192860e-01
-2.749999999999993561e-01 -7.196007299749104247e-01
-2.699999999999993516e-01 -7.350266951066365406e-01
-2.649999999999993472e-01 -7.502451095601933018e-01
-2.599999999999993427e-01 -7.652560327364986703e-01
-2.549999999999993383e-01 -7.800593827664775715e-01
-2.499999999999993339e-01 -7.946551745221873686e-01
-2.449999999999993294e-01 -8.090434527071116433e-01
-2.399999999999993250e-01 -8.232241651962900475e-01
-2.349999999999993205e-01 -8.371973789576364622e-01
-2.299999999999993161e-01 -8.509630045841837243e-01
-2.249999999999993117e-01 -8.645211391372064069e-01
-2.199999999999993072e-01 -8.778717227792290911e-01
-2.149999999999993028e-01 -8.910147331876138166e-01
-2.099999999999992983e-01 -9.039502003975136146e-01
-2.049999999999992939e-01 -9.166781762428505287e-01
-1.999999999999992895e-01 -9.291985789709648058e-01
-1.949999999999992850e-01 -9.415114159742293820e-01
-1.899999999999992806e-01 -9.536168138543067441e-01
-1.849999999999992761e-01 -9.655145939427817181e-01
-1.799999999999992717e-01 -9.772048530098905728e-01
-1.749999999999992673e-01 -9.886875089828314200e-01
-1.699999999999992628e-01 -9.999626886960973904e-01
-1.649999999999992584e-01 -1.011030332574147650e+00
-1.599999999999992539e-01 -1.021890410669140437e+00
-1.549999999999992495e-01 -1.032542945420129143e+00
-1.499999999999992450e-01 -1.042987966483917006e+00
-1.449999999999992406e-01 -1.053225429389851087e+00
-1.399999999999992362e-01 -1.063255333905100741e+00
-1.349999999999992317e-01 -1.073077732329249301e+00
-1.299999999999992273e-01 -1.082692535313537263e+00
-1.249999999999992228e-01 -1.092099876793792390e+00
-1.199999999999992184e-01 -1.101299593060968363e+00
-1.149999999999992140e-01 -1.110291825472369709e+00
-1.099999999999992095e-01 -1.119076484650133096e+00
-1.049999999999992051e-01 -1.127653630315318622e+00
-9.999999999999920064e-02 -1.136023195383597084e+00
-9.499999999999919620e-02 -1.144185254302566790e+00
-8.999999999999919176e-02 -1.152139769790220925e+00
-8.499999999999918732e-02 -1.159886771794401028e+00
-7.999999999999918288e-02 -1.167426163253832527e+00
-7.499999999999917843e-02 -1.174758078540900641e+00
-6.999999999999917399e-02 -1.181882383283220150e+00
-6.499999999999916955e-02 -1.188799204257076525e+00
-5.999999999999916511e-02 -1.195508511689251208e+00
-5.499999999999916067e-02 -1.202010193821035244e+00
-4.999999999999915623e-02 -1.208304399664040574e+00
-4.499999999999915179e-02 -1.214391047203672969e+00
-3.999999999999914735e-02 -1.220270091649137356e+00
-3.499999999999914291e-02 -1.225941682215772488e+00
-2.999999999999913847e-02 -1.231405662266762846e+00
-2.499999999999913403e-02 -1.236662128950694495e+00
-1.999999999999912959e-02 -1.241711089281590574e+00
-1.499999999999912514e-02 -1.246552528765743517e+00
-9.999999999999120703e-03 -1.251186372577205219e+00
-4.999999999999116262e-03 -1.255612658230813139e+00
8.881784197001252323e-16 -1.259831445127485239e+00
5.000000000000781597e-03 -1.263842658790519380e+00
1.000000000000089706e-02 -1.267646314295699739e+00
1.500000000000101252e-02 -1.271242530706796714e+00
2.000000000000090594e-02 -1.274631129268083640e+00
2.500000000000079936e-02 -1.277812162104520866e+00
3.000000000000091482e-02 -1.280785726015448489e+00
3.500000000000103029e-02 -1.283551672018358403e+00
4.000000000000092371e-02 -1.286110149241277867e+00
4.500000000000081712e-02 -1.288461038329398178e+00
5.000000000000093259e-02 -1.290604398858260282e+00
5.500000000000104805e-02 -1.292540216159533628e+00
6.000000000000094147e-02 -1.294268467648645782e+00
6.500000000000083489e-02 -1.295789220526341268e+00
7.000000000000095035e-02 -1.297102400199502625e+00
7.500000000000106581e-02 -1.298208103583885276e+00
8.000000000000095923e-02 -1.299106218833468773e+00
8.500000000000085265e-02 -1.299796760965829634e+00
9.000000000000096811e-02 -1.300279834201784723e+00
9.500000000000108358e-02 -1.300555289471514442e+00
1.000000000000009770e-01 -1.300623283440938138e+00
1.050000000000008704e-01 -1.300483674374401488e+00
1.100000000000009859e-01 -1.300136566696448170e+00
1.150000000000011013e-01 -1.299581878305172467e+00
1.200000000000009948e-01 -1.298819683822795668e+00
1.250000000000008882e-01 -1.297849901322035038e+00
1.300000000000010036e-01 -1.296672627573126846e+00
1.350000000000011191e-01 -1.295287825410479599e+00
1.400000000000010125e-01 -1.293695442505406135e+00
1.450000000000009059e-01 -1.291895546029547148e+00
1.500000000000010214e-01 -1.289888106296995574e+00
1.550000000000011369e-01 -1.287673093359909871e+00
1.600000000000010303e-01 -1.285250581636784517e+00
1.650000000000009237e-01 -1.282620489316752099e+00
1.700000000000010392e-01 -1.279782876062665053e+00
1.750000000000011546e-01 -1.276737756717476913e+00
1.800000000000010481e-01 -1.273485071501919919e+00
1.850000000000009415e-01 -1.270024813227347948e+00
1.900000000000010569e-01 -1.266357026568140753e+00
1.950000000000011724e-01 -1.262481726105317392e+00
2.000000000000010658e-01 -1.258398845132898458e+00
2.050000000000009592e-01 -1.254108473028747284e+00
2.100000000000010747e-01 -1.249610572365337902e+00
2.150000000000011902e-01 -1.244905091017709964e+00
2.200000000000010836e-01 -1.239992044003439986e+00
2.250000000000009770e-01 -1.234871520729495131e+00
2.300000000000010925e-01 -1.229543439093969681e+00
2.350000000000012079e-01 -1.224007754597106867e+00
2.400000000000011013e-01 -1.218264608567107388e+00
2.450000000000009948e-01 -1.212313919222207659e+00
2.500000000000011102e-01 -1.206155671661246487e+00
2.550000000000012257e-01 -1.199789858317227953e+00
2.600000000000011191e-01 -1.193216561204746284e+00
2.650000000000010125e-01 -1.186435646213350736e+00
2.700000000000011280e-01 -1.179447284735498869e+00
2.750000000000012434e-01 -1.172251290448468097e+00
2.800000000000011369e-01 -1.164847805029705086e+00
2.850000000000010303e-01 -1.157236820824902424e+00
2.900000000000011458e-01 -1.149418248630819761e+00
2.950000000000012612e-01 -1.141392133034525358e+00
3.000000000000011546e-01 -1.133158496445968666e+00
3.050000000000010481e-01 -1.124717308975515806e+00
3.100000000000011635e-01 -1.116068630402434536e+00
3.150000000000012790e-01 -1.107212341284604662e+00
3.200000000000011724e-01 -1.098148546046569862e+00
3.250000000000010658e-01 -1.088877252226222225e+00
3.300000000000011813e-01 -1.079398347948437475e+00
3.350000000000012967e-01 -1.069711945059236058e+00
3.400000000000011902e-01 -1.059817991317242303e+00
3.450000000000010836e-01 -1.049716509074198001e+00
3.500000000000011990e-01 -1.039407476036569022e+00
3.550000000000013145e-01 -1.028890869823509746e+00
3.600000000000012079e-01 -1.018166802164625295e+00
3.650000000000011013e-01 -1.007235146458253183e+00
3.700000000000012168e-01 -9.960959772393030986e-01
3.750000000000013323e-01 -9.847492571093531266e-01
3.800000000000012257e-01 -9.731950160162446961e-01
3.850000000000011191e-01 -9.614332613523507431e-01
3.900000000000012346e-01 -9.494639037107041046e-01
3.950000000000013500e-01 -9.372870399197487101e-01
4.000000000000012434e-01 -9.249026104621512756e-01
4.050000000000011369e-01 -9.123107194714171753e-01
4.100000000000012523e-01 -8.995112405496107355e-01
4.150000000000013678e-01 -8.865042330976499185e-01
4.200000000000012612e-01 -8.732896823307888523e-01
4.250000000000011546e-01 -8.598676253855151996e-01
4.300000000000012701e-01 -8.462379505613276676e-01
4.350000000000013856e-01 -8.324008068698381946e-01
4.400000000000012790e-01 -8.183561198343446419e-01
4.450000000000011724e-01 -8.041038745536858157e-01
4.500000000000012879e-01 -7.896441230655105725e-01
4.550000000000014033e-01 -7.749768357421195075e-01
4.600000000000012967e-01 -7.601019528624525234e-01
4.650000000000011902e-01 -7.450195712549535498e-01
4.700000000000013056e-01 -7.297297282889408931e-01
4.750000000000014211e-01 -7.142322525137493328e-01
4.800000000000013145e-01 -6.985272930574061290e-01
4.850000000000012079e-01 -6.826147603383211360e-01
4.900000000000013234e-01 -6.664947140775544510e-01
4.950000000000014388e-01 -6.501671616965828404e-01
5.000000000000013323e-01 -6.336320211517082468e-01
5.050000000000012257e-01 -6.168893820827284769e-01
5.100000000000013411e-01 -5.999391921027487085e-01
5.150000000000014566e-01 -5.827814363397115782e-01
5.200000000000013500e-01 -5.654161745146771834e-01
5.250000000000012434e-01 -5.478434439096523390e-01
5.300000000000013589e-01 -5.300631102395633176e-01
5.350000000000014744e-01 -5.120752331381587252e-01
5.400000000000013678e-01 -4.938799021579249326e-01
5.450000000000012612e-01 -4.754769681708345686e-01
5.500000000000013767e-01 -4.568665205256471906e-01
5.550000000000014921e-01 -4.380485668184625481e-01
5.600000000000013856e-01 -4.190230175550019864e-01
5.650000000000012790e-01 -3.997900069330277417e-01
5.700000000000013944e-01 -3.803494305279961352e-01
5.750000000000015099e-01 -3.607013330724945788e-01
5.800000000000014033e-01 -3.408456476859206830e-01
5.850000000000012967e-01 -3.207824931992142026e-01
5.900000000000014122e-01 -3.005118401301948849e-01
5.950000000000015277e-01 -2.800336139148490999e-01
6.000000000000014211e-01 -2.593478890007751558e-01
6.050000000000013145e-01 -2.384545610507408375e-01
6.100000000000014300e-01 -2.173537419689743067e-01
6.150000000000015454e-01 -1.960454092873184229e-01
6.200000000000014388e-01 -1.745295256946625406e-01
6.250000000000013323e-01 -1.528061658714356119e-01
6.300000000000014477e-01 -1.308752029831445063e-01
6.350000000000015632e-01 -1.087367638351785237e-01
6.400000000000014566e-01 -8.639077380531637318e-02
6.450000000000013500e-01 -6.383727771345695801e-02
6.500000000000014655e-01 -4.107626793439669854e-02
6.550000000000015810e-01 -1.810771484043618984e-02
6.600000000000014744e-01 5.068418908639043229e-03
6.650000000000013678e-01 2.845199169359000080e-02
6.700000000000014833e-01 5.204316003481687658e-02
6.750000000000015987e-01 7.584177489160390251e-02
6.800000000000014921e-01 9.984799275524744444e-02
6.850000000000013856e-01 1.240616720356123304e-01
6.900000000000015010e-01 1.484828648867627388e-01
6.950000000000016165e-01 1.731116607156658327e-01
7.000000000000015099e-01 1.979479179030826097e-01
7.050000000000014033e-01 2.229917409026605790e-01
7.100000000000015188e-01 2.482430253480637228e-01
7.150000000000016342e-01 2.737018829106894757e-01
7.200000000000015277e-01 2.993682316923589881e-01
7.250000000000014211e-01 3.252421461406705405e-01
7.300000000000015365e-01 3.513234997121693071e-01
7.350000000000016520e-01 3.776124413311557348e-01
7.400000000000015454e-01 4.041088443959673371e-01
7.450000000000014388e-01 4.308127759036218252e-01
7.500000000000015543e-01 4.577242880081833776e-01
7.550000000000016698e-01 4.848432242765632894e-01
7.600000000000015632e-01 5.121697188483161911e-01
7.650000000000014566e-01 5.397037343250198349e-01
7.700000000000015721e-01 5.674453155556770101e-01
7.750000000000016875e-01 5.953943209501525446e-01
7.800000000000015810e-01 6.235508845897933528e-01
7.850000000000014744e-01 6.519149691634887889e-01
7.900000000000015898e-01 6.804865673079697475e-01
7.950000000000017053e-01 7.092656491336023494e-01
8.000000000000015987e-01 7.382522594893893286e-01
8.050000000000014921e-01 7.674463534099126294e-01
8.100000000000016076e-01 7.968479758023826465e-01
8.150000000000017231e-01 8.264571564982255980e-01
8.200000000000016165e-01 8.562737611832639262e-01
8.250000000000015099e-01 8.862979018199333980e-01
8.300000000000016254e-01 9.165295708121342644e-01
8.350000000000017408e-01 9.469687458372285649e-01
8.400000000000016342e-01 9.776154120231589362e-01
8.450000000000015277e-01 1.008469576762298203e+00
8.500000000000016431e-01 1.039531277249341912e+00
8.550000000000017586e-01 1.070800431702526367e+00
8.600000000000016520e-01 1.102277129412403411e+00
8.650000000000015454e-01 1.133961288277067325e+00
8.700000000000016609e-01 1.165852968104889698e+00
8.750000000000017764e-01 1.197952228442307643e+00
8.800000000000016698e-01 1.230258860585752956e+00
8.850000000000015632e-01 1.262773073238793842e+00
8.900000000000016787e-01 1.295494732203668065e+00
8.950000000000017941e-01 1.328423926887342787e+00
9.000000000000016875e-01 1.361560560461374081e+00
9.050000000000015810e-01 1.394904744451640255e+00
9.100000000000016964e-01 1.428456419719157822e+00
9.150000000000018119e-01 1.462215578260373405e+00
9.200000000000017053e-01 1.496182183200733817e+00
9.250000000000015987e-01 1.530356301362633786e+00
9.300000000000017142e-01 1.564737955330645747e+00
9.350000000000018296e-01 1.599327047985287464e+00
9.400000000000017231e-01 1.634123661166530184e+00
9.450000000000016165e-01 1.669127743040451861e+00
9.500000000000017319e-01 1.704339293403325684e+00
9.550000000000018474e-01 1.739758349566262297e+00
9.600000000000017408e-01 1.775384903758538968e+00
9.650000000000016342e-01 1.811218926672598428e+00
9.700000000000017497e-01 1.847260395549245260e+00
9.750000000000018652e-01 1.883509340103490359e+00
9.800000000000017586e-01 1.919965805271647952e+00
9.850000000000016520e-01 1.956629716780742712e+00
9.900000000000017675e-01 1.993501133507823653e+00
9.950000000000018829e-01 2.030580011389691464e+00
1.000000000000001776e+00 2.067866372254218987e+00
