-1.000000000000000000e+00 3.713807418942451477e+00
-9.949999999999999956e-01 3.668292842805385590e+00
-9.899999999999999911e-01 3.622985705733299255e+00
-9.849999999999999867e-01 3.577886015176773071e+00
-9.799999999999999822e-01 3.532993756234645844e+00
-9.749999999999999778e-01 3.488308914005756378e+00
-9.699999999999999734e-01 3.443831562995910645e+00
-9.649999999999999689e-01 3.399561606347560883e+00
-9.599999999999999645e-01 3.355499111115932465e+00
-9.549999999999999600e-01 3.311644062399864197e+00
-9.499999999999999556e-01 3.267996460199356079e+00
-9.449999999999999512e-01 3.224556289613246918e+00
-9.399999999999999467e-01 3.181323572993278503e+00
-9.349999999999999423e-01 3.138298317790031433e+00
-9.299999999999999378e-01 3.095480546355247498e+00
-9.249999999999999334e-01 3.052870221436023712e+00
-9.199999999999999289e-01 3.010467343032360077e+00
-9.149999999999999245e-01 2.968271933495998383e+00
-9.099999999999999201e-01 2.926283933222293854e+00
-9.049999999999999156e-01 2.884503446519374847e+00
-8.999999999999999112e-01 2.842930421233177185e+00
-8.949999999999999067e-01 2.801564842462539673e+00
-8.899999999999999023e-01 2.760406777262687683e+00
-8.849999999999998979e-01 2.719456106424331665e+00
-8.799999999999998934e-01 2.678712904453277588e+00
-8.749999999999998890e-01 2.638177230954170227e+00
-8.699999999999998845e-01 2.597849041223526001e+00
-8.649999999999998801e-01 2.557728245854377747e+00
-8.599999999999998757e-01 2.517814971506595612e+00
-8.549999999999998712e-01 2.478109143674373627e+00
-8.499999999999998668e-01 2.438610874116420746e+00
-8.449999999999998623e-01 2.399320036172866821e+00
-8.399999999999998579e-01 2.360236652195453644e+00
-8.349999999999998535e-01 2.321360766887664795e+00
-8.299999999999998490e-01 2.282692365348339081e+00
-8.249999999999998446e-01 2.244231447577476501e+00
-8.199999999999998401e-01 2.205978028476238251e+00
-8.149999999999998357e-01 2.167932063341140747e+00
-8.099999999999998312e-01 2.130093589425086975e+00
-8.049999999999998268e-01 2.092462673783302307e+00
-7.999999999999998224e-01 2.055039197206497192e+00
-7.949999999999998179e-01 2.017823204398155212e+00
-7.899999999999998135e-01 1.980814695358276367e+00
-7.849999999999998090e-01 1.944013707339763641e+00
-7.799999999999998046e-01 1.907420173287391663e+00
-7.749999999999998002e-01 1.871034160256385803e+00
-7.699999999999997957e-01 1.834855660796165466e+00
-7.649999999999997913e-01 1.798884630203247070e+00
-7.599999999999997868e-01 1.763121128082275391e+00
-7.549999999999997824e-01 1.727565109729766846e+00
-7.499999999999997780e-01 1.692216567695140839e+00
-7.449999999999997735e-01 1.657075531780719757e+00
-7.399999999999997691e-01 1.622142061591148376e+00
-7.349999999999997646e-01 1.587416015565395355e+00
-7.299999999999997602e-01 1.552897483110427856e+00
-7.249999999999997558e-01 1.518586486577987671e+00
-7.199999999999997513e-01 1.484482951462268829e+00
-7.149999999999997469e-01 1.450586996972560883e+00
-7.099999999999997424e-01 1.416898496448993683e+00
-7.049999999999997380e-01 1.383417464792728424e+00
-6.999999999999997335e-01 1.350143998861312866e+00
-6.949999999999997291e-01 1.317078009247779846e+00
-6.899999999999997247e-01 1.284219570457935333e+00
-6.849999999999997202e-01 1.251568652689456940e+00
-6.799999999999997158e-01 1.219125203788280487e+00
-6.749999999999997113e-01 1.186889290809631348e+00
-6.699999999999997069e-01 1.154860883951187134e+00
-6.649999999999997025e-01 1.123039960861206055e+00
-6.599999999999996980e-01 1.091426588594913483e+00
-6.549999999999996936e-01 1.060020729899406433e+00
-6.499999999999996891e-01 1.028822369873523712e+00
-6.449999999999996847e-01 9.978315532207489014e-01
-6.399999999999996803e-01 9.670482203364372253e-01
-6.349999999999996758e-01 9.364724382758140564e-01
-6.299999999999996714e-01 9.061041474342346191e-01
-6.249999999999996669e-01 8.759433627128601074e-01
-6.199999999999996625e-01 8.459901288151741028e-01
-6.149999999999996581e-01 8.162443786859512329e-01
-6.099999999999996536e-01 7.867062240839004517e-01
-6.049999999999996492e-01 7.573755308985710144e-01
-5.999999999999996447e-01 7.282523289322853088e-01
-5.949999999999996403e-01 6.993367075920104980e-01
-5.899999999999996358e-01 6.706286147236824036e-01
-5.849999999999996314e-01 6.421279981732368469e-01
-5.799999999999996270e-01 6.138349398970603943e-01
-5.749999999999996225e-01 5.857493877410888672e-01
-5.699999999999996181e-01 5.578714013099670410e-01
-5.649999999999996136e-01 5.302008688449859619e-01
-5.599999999999996092e-01 5.027378648519515991e-01
-5.549999999999996048e-01 4.754824489355087280e-01
-5.499999999999996003e-01 4.484345316886901855e-01
-5.449999999999995959e-01 4.215941652655601501e-01
-5.399999999999995914e-01 3.949613049626350403e-01
-5.349999999999995870e-01 3.685359507799148560e-01
-5.299999999999995826e-01 3.423181399703025818e-01
-5.249999999999995781e-01 3.163078874349594116e-01
-5.199999999999995737e-01 2.905050963163375854e-01
-5.149999999999995692e-01 2.649098858237266541e-01
-5.099999999999995648e-01 2.395222112536430359e-01
-5.049999999999995604e-01 2.143420204520225525e-01
-4.999999999999995559e-01 1.893694400787353516e-01
-4.949999999999995515e-01 1.646042987704277039e-01
-4.899999999999995470e-01 1.400467529892921448e-01
-4.849999999999995426e-01 1.156967356801033020e-01
-4.799999999999995381e-01 9.155423194169998169e-02
-4.749999999999995337e-01 6.761924922466278076e-02
-4.699999999999995293e-01 4.389178007841110229e-02
-4.649999999999995248e-01 2.037187665700912476e-02
-4.599999999999995204e-01 -2.940483391284942627e-03
-4.549999999999995159e-01 -2.604535967111587524e-02
-4.499999999999995115e-01 -4.894263297319412231e-02
-4.449999999999995071e-01 -7.163240015506744385e-02
-4.399999999999995026e-01 -9.411468356847763062e-02
-4.349999999999994982e-01 -1.163893714547157288e-01
-4.299999999999994937e-01 -1.384565681219100952e-01
-4.249999999999994893e-01 -1.603161767125129700e-01
-4.199999999999994849e-01 -1.819682940840721130e-01
-4.149999999999994804e-01 -2.034128978848457336e-01
-4.099999999999994760e-01 -2.246498689055442810e-01
-4.049999999999994715e-01 -2.456794083118438721e-01
-3.999999999999994671e-01 -2.665013521909713745e-01
-3.949999999999994627e-01 -2.871157824993133545e-01
-3.899999999999994582e-01 -3.075226619839668274e-01
-3.849999999999994538e-01 -3.277220129966735840e-01
-3.799999999999994493e-01 -3.477138280868530273e-01
-3.749999999999994449e-01 -3.674981147050857544e-01
-3.699999999999994404e-01 -3.870748654007911682e-01
-3.649999999999994360e-01 -4.064440503716468811e-01
-3.599999999999994316e-01 -4.256057515740394592e-01
-3.549999999999994271e-01 -4.445598274469375610e-01
-3.499999999999994227e-01 -4.633064717054367065e-01
-3.449999999999994182e-01 -4.818454980850219727e-01
-3.399999999999994138e-01 -5.001770257949829102e-01
-3.349999999999994094e-01 -5.183009952306747437e-01
-3.299999999999994049e-01 -5.362174138426780701e-01
-3.249999999999994005e-01 -5.539263337850570679e-01
-3.199999999999993960e-01 -5.714276656508445740e-01
-3.149999999999993916e-01 -5.887214913964271545e-01
-3.099999999999993872e-01 -6.058077663183212280e-01
-3.049999999999993827e-01 -6.226865723729133606e-01
-2.999999999999993783e-01 -6.393577456474304199e-01
-2.949999999999993738e-01 -6.558214351534843445e-01
-2.899999999999993694e-01 -6.720775365829467773e-01
-2.849999999999993650e-01 -6.881261318922042847e-01
-2.799999999999993605e-01 -7.039671912789344788e-01
-2.749999999999993561e-01 -7.196007221937179565e-01
-2.699999999999993516e-01 -7.350266873836517334e-01
-2.649999999999993472e-01 -7.502451017498970032e-01
-2.599999999999993427e-01 -7.652560248970985413e-01
-2.549999999999993383e-01 -7.800593748688697815e-01
-2.499999999999993339e-01 -7.946551665663719177e-01
-2.449999999999993294e-01 -8.090434446930885315e-01
-2.399999999999993250e-01 -8.232241570949554443e-01
-2.349999999999993205e-01 -8.371973708271980286e-01
-2.299999999999993161e-01 -8.509629964828491211e-01
-2.249999999999993117e-01 -8.645211309194564819e-01
-2.199999999999993072e-01 -8.778717145323753357e-01
-2.149999999999993028e-01 -8.910147249698638916e-01
-2.099999999999992983e-01 -9.039501920342445374e-01
-2.049999999999992939e-01 -9.166781678795814514e-01
-1.999999999999992895e-01 -9.291985705494880676e-01
-1.949999999999992850e-01 -9.415114074945449829e-01
-1.899999999999992806e-01 -9.536168053746223450e-01
-1.849999999999992761e-01 -9.655145853757858276e-01
-1.799999999999992717e-01 -9.772048443555831909e-01
-1.749999999999992673e-01 -9.886875003576278687e-01
-1.699999999999992628e-01 -9.999626800417900085e-01
-1.649999999999992584e-01 -1.011030323803424835e+00
-1.599999999999992539e-01 -1.021890401840209961e+00
-1.549999999999992495e-01 -1.032542936503887177e+00
-1.499999999999992450e-01 -1.042987957596778870e+00
-1.449999999999992406e-01 -1.053225420415401459e+00
-1.399999999999992362e-01 -1.063255324959754944e+00
-1.349999999999992317e-01 -1.073077723383903503e+00
-1.299999999999992273e-01 -1.082692526280879974e+00
-1.249999999999992228e-01 -1.092099867761135101e+00
-1.199999999999992184e-01 -1.101299583911895752e+00
-1.149999999999992140e-01 -1.110291816294193268e+00
-1.099999999999992095e-01 -1.119076475501060486e+00
-1.049999999999992051e-01 -1.127653621137142181e+00
-9.999999999999920064e-02 -1.136023186147212982e+00
-9.499999999999919620e-02 -1.144185245037078857e+00
-8.999999999999919176e-02 -1.152139760553836823e+00
-8.499999999999918732e-02 -1.159886762499809265e+00
-7.999999999999918288e-02 -1.167426154017448425e+00
-7.499999999999917843e-02 -1.174758069217205048e+00
-6.999999999999917399e-02 -1.181882373988628387e+00
-6.499999999999916955e-02 -1.188799194991588593e+00
-5.999999999999916511e-02 -1.195508502423763275e+00
-5.499999999999916067e-02 -1.202010184526443481e+00
-4.999999999999915623e-02 -1.208304390311241150e+00
-4.499999999999915179e-02 -1.214391037821769714e+00
-3.999999999999914735e-02 -1.220270082354545593e+00
-3.499999999999914291e-02 -1.225941672921180725e+00
-2.999999999999913847e-02 -1.231405653059482574e+00
-2.499999999999913403e-02 -1.236662119626998901e+00
-1.999999999999912959e-02 -1.241711080074310303e+00
-1.499999999999912514e-02 -1.246552519500255585e+00
-9.999999999999120703e-03 -1.251186363399028778e+00
-4.999999999999116262e-03 -1.255612649023532867e+00
8.881784197001252323e-16 -1.259831435978412628e+00
5.000000000000781597e-03 -1.263842649757862091e+00
1.000000000000089706e-02 -1.267646305263042450e+00
1.500000000000101252e-02 -1.271242521703243256e+00
2.000000000000090594e-02 -1.274631120264530182e+00
2.500000000000079936e-02 -1.277812153100967407e+00
3.000000000000091482e-02 -1.280785717070102692e+00
3.500000000000103029e-02 -1.283551663160324097e+00
4.000000000000092371e-02 -1.286110140383243561e+00
4.500000000000081712e-02 -1.288461029529571533e+00
5.000000000000093259e-02 -1.290604390203952789e+00
5.500000000000104805e-02 -1.292540207505226135e+00
6.000000000000094147e-02 -1.294268459081649780e+00
6.500000000000083489e-02 -1.295789211988449097e+00
7.000000000000095035e-02 -1.297102391719818115e+00
7.500000000000106581e-02 -1.298208095133304596e+00
8.000000000000095923e-02 -1.299106210470199585e+00
8.500000000000085265e-02 -1.299796752631664276e+00
9.000000000000096811e-02 -1.300279825925827026e+00
9.500000000000108358e-02 -1.300555281341075897e+00
1.000000000000009770e-01 -1.300623275339603424e+00
1.050000000000008704e-01 -1.300483666360378265e+00
1.100000000000009859e-01 -1.300136558711528778e+00
1.150000000000011013e-01 -1.299581870436668396e+00
1.200000000000009948e-01 -1.298819676041603088e+00
1.250000000000008882e-01 -1.297849893569946289e+00
1.300000000000010036e-01 -1.296672619879245758e+00
1.350000000000011191e-01 -1.295287817716598511e+00
1.400000000000010125e-01 -1.293695434927940369e+00
1.450000000000009059e-01 -1.291895538568496704e+00
1.500000000000010214e-01 -1.289888098835945129e+00
1.550000000000011369e-01 -1.287673085927963257e+00
1.600000000000010303e-01 -1.285250574350357056e+00
1.650000000000009237e-01 -1.282620482146739960e+00
1.700000000000010392e-01 -1.279782868921756744e+00
1.750000000000011546e-01 -1.276737749576568604e+00
1.800000000000010481e-01 -1.273485064506530762e+00
1.850000000000009415e-01 -1.270024806261062622e+00
1.900000000000010569e-01 -1.266357019543647766e+00
1.950000000000011724e-01 -1.262481719255447388e+00
2.000000000000010658e-01 -1.258398838341236115e+00
2.050000000000009592e-01 -1.254108466207981110e+00
2.100000000000010747e-01 -1.249610565602779388e+00
2.150000000000011902e-01 -1.244905084371566772e+00
2.200000000000010836e-01 -1.239992037415504456e+00
2.250000000000009770e-01 -1.234871514141559601e+00
2.300000000000010925e-01 -1.229543432593345642e+00
2.350000000000012079e-01 -1.224007748067378998e+00
2.400000000000011013e-01 -1.218264602124691010e+00
2.450000000000009948e-01 -1.212313912808895111e+00
2.500000000000011102e-01 -1.206155665218830109e+00
2.550000000000012257e-01 -1.199789851903915405e+00
2.600000000000011191e-01 -1.193216554820537567e+00
2.650000000000010125e-01 -1.186435639858245850e+00
2.700000000000011280e-01 -1.179447278380393982e+00
2.750000000000012434e-01 -1.172251284122467041e+00
2.800000000000011369e-01 -1.164847798645496368e+00
2.850000000000010303e-01 -1.157236814498901367e+00
2.900000000000011458e-01 -1.149418242275714874e+00
2.950000000000012612e-01 -1.141392126679420471e+00
3.000000000000011546e-01 -1.133158490061759949e+00
3.050000000000010481e-01 -1.124717302620410919e+00
3.100000000000011635e-01 -1.116068623960018158e+00
3.150000000000012790e-01 -1.107212334871292114e+00
3.200000000000011724e-01 -1.098148539662361145e+00
3.250000000000010658e-01 -1.088877245783805847e+00
3.300000000000011813e-01 -1.079398341476917267e+00
3.350000000000012967e-01 -1.069711938500404358e+00
3.400000000000011902e-01 -1.059817984700202942e+00
3.450000000000010836e-01 -1.049716502428054810e+00
3.500000000000011990e-01 -1.039407469332218170e+00
3.550000000000013145e-01 -1.028890863060951233e+00
3.600000000000012079e-01 -1.018166795372962952e+00
3.650000000000011013e-01 -1.007235139608383179e+00
3.700000000000012168e-01 -9.960959702730178833e-01
3.750000000000013323e-01 -9.847492501139640808e-01
3.800000000000012257e-01 -9.731950089335441589e-01
3.850000000000011191e-01 -9.614332541823387146e-01
3.900000000000012346e-01 -9.494638964533805847e-01
3.950000000000013500e-01 -9.372870326042175293e-01
4.000000000000012434e-01 -9.249026030302047729e-01
4.050000000000011369e-01 -9.123107120394706726e-01
4.100000000000012523e-01 -8.995112329721450806e-01
4.150000000000013678e-01 -8.865042254328727722e-01
4.200000000000012612e-01 -8.732896745204925537e-01
4.250000000000011546e-01 -8.598676174879074097e-01
4.300000000000012701e-01 -8.462379425764083862e-01
4.350000000000013856e-01 -8.324007987976074219e-01
4.400000000000012790e-01 -8.183561116456985474e-01
4.450000000000011724e-01 -8.041038662195205688e-01
4.500000000000012879e-01 -7.896441146731376648e-01
4.550000000000014033e-01 -7.749768272042274475e-01
4.600000000000012967e-01 -7.601019442081451416e-01
4.650000000000011902e-01 -7.450195625424385071e-01
4.700000000000013056e-01 -7.297297194600105286e-01
4.750000000000014211e-01 -7.142322435975074768e-01
4.800000000000013145e-01 -6.985272839665412903e-01
4.850000000000012079e-01 -6.826147511601448059e-01
4.900000000000013234e-01 -6.664947047829627991e-01
4.950000000000014388e-01 -6.501671522855758667e-01
5.000000000000013323e-01 -6.336320117115974426e-01
5.050000000000012257e-01 -6.168893724679946899e-01
5.100000000000013411e-01 -5.999391824007034302e-01
5.150000000000014566e-01 -5.827814266085624695e-01
5.200000000000013500e-01 -5.654161646962165833e-01
5.250000000000012434e-01 -5.478434339165687561e-01
5.300000000000013589e-01 -5.300631001591682434e-01
5.350000000000014744e-01 -5.120752230286598206e-01
5.400000000000013678e-01 -4.938798919320106506e-01
5.450000000000012612e-01 -4.754769578576087952e-01
5.500000000000013767e-01 -4.568665102124214172e-01
5.550000000000014921e-01 -4.380485564470291138e-01
5.600000000000013856e-01 -4.190230071544647217e-01
5.650000000000012790e-01 -3.997899964451789856e-01
5.700000000000013944e-01 -3.803494200110435486e-01
5.750000000000015099e-01 -3.607013225555419922e-01
5.800000000000014033e-01 -3.408456370234489441e-01
5.850000000000012967e-01 -3.207824826240539551e-01
5.900000000000014122e-01 -3.005118295550346375e-01
5.950000000000015277e-01 -2.800336033105850220e-01
6.000000000000014211e-01 -2.593478783965110779e-01
6.050000000000013145e-01 -2.384545505046844482e-01
6.100000000000014300e-01 -2.173537313938140869e-01
6.150000000000015454e-01 -1.960453987121582031e-01
6.200000000000014388e-01 -1.745295152068138123e-01
6.250000000000013323e-01 -1.528061553835868835e-01
6.300000000000014477e-01 -1.308751925826072693e-01
6.350000000000015632e-01 -1.087367534637451172e-01
6.400000000000014566e-01 -8.639076352119445801e-02
6.450000000000013500e-01 -6.383726745843887329e-02
6.500000000000014655e-01 -4.107625782489776611e-02
6.550000000000015810e-01 -1.810770481824874878e-02
6.600000000000014744e-01 5.068428814411163330e-03
6.650000000000013678e-01 2.845200151205062866e-02
6.700000000000014833e-01 5.204316973686218262e-02
6.750000000000015987e-01 7.584178447723388672e-02
6.800000000000014921e-01 9.984800219535827637e-02
6.850000000000013856e-01 1.240616813302040100e-01
6.900000000000015010e-01 1.484828740358352661e-01
6.950000000000016165e-01 1.731116697192192078e-01
7.000000000000015099e-01 1.979479268193244934e-01
7.050000000000014033e-01 2.229917496442794800e-01
7.100000000000015188e-01 2.482430338859558105e-01
7.150000000000016342e-01 2.737018913030624390e-01
7.200000000000015277e-01 2.993682399392127991e-01
7.250000000000014211e-01 3.252421543002128601e-01
7.300000000000015365e-01 3.513235077261924744e-01
7.350000000000016520e-01 3.776124492287635803e-01
7.400000000000015454e-01 4.041088521480560303e-01
7.450000000000014388e-01 4.308127835392951965e-01
7.500000000000015543e-01 4.577242955565452576e-01
7.550000000000016698e-01 4.848432317376136780e-01
7.600000000000015632e-01 5.121697261929512024e-01
7.650000000000014566e-01 5.397037416696548462e-01
7.700000000000015721e-01 5.674453228712081909e-01
7.750000000000016875e-01 5.953943282365798950e-01
7.800000000000015810e-01 6.235508918762207031e-01
7.850000000000014744e-01 6.519149765372276306e-01
7.900000000000015898e-01 6.804865747690200806e-01
7.950000000000017053e-01 7.092656567692756653e-01
8.000000000000015987e-01 7.382522672414779663e-01
8.050000000000014921e-01 7.674463614821434021e-01
8.100000000000016076e-01 7.968479841947555542e-01
8.150000000000017231e-01 8.264571651816368103e-01
8.200000000000016165e-01 8.562737703323364258e-01
8.250000000000015099e-01 8.862979114055633545e-01
8.300000000000016254e-01 9.165295809507369995e-01
8.350000000000017408e-01 9.469687566161155701e-01
8.400000000000016342e-01 9.776154235005378723e-01
8.450000000000015277e-01 1.008469589054584503e+00
8.500000000000016431e-01 1.039531290531158447e+00
8.550000000000017586e-01 1.070800445973873138e+00
8.600000000000016520e-01 1.102277144789695740e+00
8.650000000000015454e-01 1.133961305022239685e+00
8.700000000000016609e-01 1.165852986276149750e+00
8.750000000000017764e-01 1.197952248156070709e+00
8.800000000000016698e-01 1.230258882045745850e+00
8.850000000000015632e-01 1.262773096561431885e+00
8.900000000000016787e-01 1.295494757592678070e+00
8.950000000000017941e-01 1.328423954546451569e+00
9.000000000000016875e-01 1.361560590565204620e+00
9.050000000000015810e-01 1.394904777407646179e+00
9.100000000000016964e-01 1.428456455469131470e+00
9.150000000000018119e-01 1.462215617299079895e+00
9.200000000000017053e-01 1.496182225644588470e+00
9.250000000000015987e-01 1.530356347560882568e+00
9.300000000000017142e-01 1.564738005399703979e+00
9.350000000000018296e-01 1.599327102303504944e+00
9.400000000000017231e-01 1.634123720228672028e+00
9.450000000000016165e-01 1.669127807021141052e+00
9.500000000000017319e-01 1.704339362680912018e+00
9.550000000000018474e-01 1.739758424460887909e+00
9.600000000000017408e-01 1.775384984910488129e+00
9.650000000000016342e-01 1.811219014227390289e+00
9.700000000000017497e-01 1.847260490059852600e+00
9.750000000000018652e-01 1.883509442210197449e+00
9.800000000000017586e-01 1.919965915381908417e+00
9.850000000000016520e-01 1.956629835069179535e+00
9.900000000000017675e-01 1.993501260876655579e+00
9.950000000000018829e-01 2.030580148100852966e+00
1.000000000000001776e+00 2.067866519093513489e+00
