-1.000000000000000000e+00 3.906654389203819910e+00
-9.949999999999999956e-01 3.860131893386129054e+00
-9.899999999999999911e-01 3.813821511549405852e+00
-9.849999999999999867e-01 3.767723243693645863e+00
-9.799999999999999822e-01 3.721837089818853972e+00
-9.749999999999999778e-01 3.676163049925024406e+00
-9.699999999999999734e-01 3.630701124012162051e+00
-9.649999999999999689e-01 3.585451312080266018e+00
-9.599999999999999645e-01 3.540413614129334086e+00
-9.549999999999999600e-01 3.495588030159368920e+00
-9.499999999999999556e-01 3.450974560170369188e+00
-9.449999999999999512e-01 3.406573204162334889e+00
-9.399999999999999467e-01 3.362383962135265580e+00
-9.349999999999999423e-01 3.318406834089163482e+00
-9.299999999999999378e-01 3.274641820024025041e+00
-9.249999999999999334e-01 3.231088919939853366e+00
-9.199999999999999289e-01 3.187748133836647124e+00
-9.149999999999999245e-01 3.144619461714405428e+00
-9.099999999999999201e-01 3.101702903573130943e+00
-9.049999999999999156e-01 3.058998459412821003e+00
-8.999999999999999112e-01 3.016506129233477829e+00
-8.949999999999999067e-01 2.974225913035099644e+00
-8.899999999999999023e-01 2.932157810817686006e+00
-8.849999999999998979e-01 2.890301822581240021e+00
-8.799999999999998934e-01 2.848657948325756806e+00
-8.749999999999998890e-01 2.807226188051240356e+00
-8.699999999999998845e-01 2.766006541757690673e+00
-8.649999999999998801e-01 2.724999009445106424e+00
-8.599999999999998757e-01 2.684203591113485832e+00
-8.549999999999998712e-01 2.643620286762833338e+00
-8.499999999999998668e-01 2.603249096393144502e+00
-8.449999999999998623e-01 2.563090020004423319e+00
-8.399999999999998579e-01 2.523143057596665795e+00
-8.349999999999998535e-01 2.483408209169873704e+00
-8.299999999999998490e-01 2.443885474724048823e+00
-8.249999999999998446e-01 2.404574854259188488e+00
-8.199999999999998401e-01 2.365476347775294919e+00
-8.149999999999998357e-01 2.326589955272365007e+00
-8.099999999999998312e-01 2.287915676750401417e+00
-8.049999999999998268e-01 2.249453512209404149e+00
-7.999999999999998224e-01 2.211203461649371871e+00
-7.949999999999998179e-01 2.173165525070305915e+00
-7.899999999999998135e-01 2.135339702472204504e+00
-7.849999999999998090e-01 2.097725993855068971e+00
-7.799999999999998046e-01 2.060324399218898872e+00
-7.749999999999998002e-01 2.023134918563695095e+00
-7.699999999999997957e-01 1.986157551889456307e+00
-7.649999999999997913e-01 1.949392299196184286e+00
-7.599999999999997868e-01 1.912839160483876144e+00
-7.549999999999997824e-01 1.876498135752533658e+00
-7.499999999999997780e-01 1.840369225002158160e+00
-7.449999999999997735e-01 1.804452428232746986e+00
-7.399999999999997691e-01 1.768747745444303021e+00
-7.349999999999997646e-01 1.733255176636823380e+00
-7.299999999999997602e-01 1.697974721810308951e+00
-7.249999999999997558e-01 1.662906380964759956e+00
-7.199999999999997513e-01 1.628050154100178171e+00
-7.149999999999997469e-01 1.593406041216561819e+00
-7.099999999999997424e-01 1.558974042313909569e+00
-7.049999999999997380e-01 1.524754157392223419e+00
-6.999999999999997335e-01 1.490746386451503591e+00
-6.949999999999997291e-01 1.456950729491748753e+00
-6.899999999999997247e-01 1.423367186512959570e+00
-6.849999999999997202e-01 1.389995757515136043e+00
-6.799999999999997158e-01 1.356836442498278172e+00
-6.749999999999997113e-01 1.323889241462386179e+00
-6.699999999999997069e-01 1.291154154407459620e+00
-6.649999999999997025e-01 1.258631181333497828e+00
-6.599999999999996980e-01 1.226320322240502581e+00
-6.549999999999996936e-01 1.194221577128472545e+00
-6.499999999999996891e-01 1.162334945997407942e+00
-6.449999999999996847e-01 1.130660428847309218e+00
-6.399999999999996803e-01 1.099198025678176371e+00
-6.349999999999996758e-01 1.067947736490008737e+00
-6.299999999999996714e-01 1.036909561282806980e+00
-6.249999999999996669e-01 1.006083500056570212e+00
-6.199999999999996625e-01 9.754695528112996561e-01
-6.149999999999996581e-01 9.450677195469946446e-01
-6.099999999999996536e-01 9.148780002636544006e-01
-6.049999999999996492e-01 8.849003949612807007e-01
-5.999999999999996447e-01 8.551349036398724346e-01
-5.949999999999996403e-01 8.255815262994296022e-01
-5.899999999999996358e-01 7.962402629399524256e-01
-5.849999999999996314e-01 7.671111135614403498e-01
-5.799999999999996270e-01 7.381940781638945959e-01
-5.749999999999996225e-01 7.094891567473142757e-01
-5.699999999999996181e-01 6.809963493116990563e-01
-5.649999999999996136e-01 6.527156558570497147e-01
-5.599999999999996092e-01 6.246470763833662510e-01
-5.549999999999996048e-01 5.967906108906483320e-01
-5.499999999999996003e-01 5.691462593788958468e-01
-5.449999999999995959e-01 5.417140218481085734e-01
-5.399999999999995914e-01 5.144938982982875109e-01
-5.349999999999995870e-01 4.874858887294318266e-01
-5.299999999999995826e-01 4.606899931415412985e-01
-5.249999999999995781e-01 4.341062115346170369e-01
-5.199999999999995737e-01 4.077345439086582091e-01
-5.149999999999995692e-01 3.815749902636650370e-01
-5.099999999999995648e-01 3.556275505996372988e-01
-5.049999999999995604e-01 3.298922249165746612e-01
-4.999999999999995559e-01 3.043690132144783456e-01
-4.949999999999995515e-01 2.790579154933474082e-01
-4.899999999999995470e-01 2.539589317531818491e-01
-4.849999999999995426e-01 2.290720619939820013e-01
-4.799999999999995381e-01 2.043973062157481424e-01
-4.749999999999995337e-01 1.799346644184794120e-01
-4.699999999999995293e-01 1.556841366021766704e-01
-4.649999999999995248e-01 1.316457227668388907e-01
-4.599999999999995204e-01 1.078194229124672388e-01
-4.549999999999995159e-01 8.420523703906100665e-02
-4.499999999999995115e-01 6.080316514662016669e-02
-4.449999999999995071e-01 3.761320723514517683e-02
-4.399999999999995026e-01 1.463536330463589483e-02
-4.349999999999994982e-01 -8.130366644907991575e-03
-4.299999999999994937e-01 -3.068398261348602440e-02
-4.249999999999994893e-01 -5.302548460109911266e-02
-4.199999999999994849e-01 -7.515487260774604550e-02
-4.149999999999994804e-01 -9.707214663342743355e-02
-4.099999999999994760e-01 -1.187773066781435544e-01
-4.049999999999994715e-01 -1.402703527418938390e-01
-3.999999999999994671e-01 -1.615512848246784261e-01
-3.949999999999994627e-01 -1.826201029264977460e-01
-3.899999999999994582e-01 -2.034768070473507717e-01
-3.849999999999994538e-01 -2.241213971872390021e-01
-3.799999999999994493e-01 -2.445538733461616876e-01
-3.749999999999994449e-01 -2.647742355241179402e-01
-3.699999999999994404e-01 -2.847824837211093696e-01
-3.649999999999994360e-01 -3.045786179371351987e-01
-3.599999999999994316e-01 -3.241626381721946504e-01
-3.549999999999994271e-01 -3.435345444262892789e-01
-3.499999999999994227e-01 -3.626943366994175855e-01
-3.449999999999994182e-01 -3.816420149915811244e-01
-3.399999999999994138e-01 -4.003775793027789520e-01
-3.349999999999994094e-01 -4.189010296330104577e-01
-3.299999999999994049e-01 -4.372123659822771957e-01
-3.249999999999994005e-01 -4.553115883505782224e-01
-3.199999999999993960e-01 -4.731986967379130937e-01
-3.149999999999993916e-01 -4.908736911442828643e-01
-3.099999999999993872e-01 -5.083365715696864795e-01
-3.049999999999993827e-01 -5.255873380141251605e-01
-2.999999999999993783e-01 -5.426259904775980747e-01
-2.949999999999993738e-01 -5.594525289601053331e-01
-2.899999999999993694e-01 -5.760669534616471577e-01
-2.849999999999993650e-01 -5.924692639822231044e-01
-2.799999999999993605e-01 -6.086594605218335063e-01
-2.749999999999993561e-01 -6.246375430804783635e-01
-2.699999999999993516e-01 -6.404035116581575648e-01
-2.649999999999993472e-01 -6.559573662548714434e-01
-2.599999999999993427e-01 -6.712991068706194442e-01
-2.549999999999993383e-01 -6.864287335054019001e-01
-2.499999999999993339e-01 -7.013462461592190333e-01
-2.449999999999993294e-01 -7.160516448320703997e-01
-2.399999999999993250e-01 -7.305449295239559993e-01
-2.349999999999993205e-01 -7.448261002348760540e-01
-2.299999999999993161e-01 -7.588951569648303419e-01
-2.249999999999993117e-01 -7.727520997138195291e-01
-2.199999999999993072e-01 -7.863969284818429495e-01
-2.149999999999993028e-01 -7.998296432689006030e-01
-2.099999999999992983e-01 -8.130502440749929338e-01
-2.049999999999992939e-01 -8.260587309001194978e-01
-1.999999999999992895e-01 -8.388551037442804059e-01
-1.949999999999992850e-01 -8.514393626074759913e-01
-1.899999999999992806e-01 -8.638115074897054768e-01
-1.849999999999992761e-01 -8.759715383909698616e-01
-1.799999999999992717e-01 -8.879194553112682575e-01
-1.749999999999992673e-01 -8.996552582506012197e-01
-1.699999999999992628e-01 -9.111789472089688591e-01
-1.649999999999992584e-01 -9.224905221863703986e-01
-1.599999999999992539e-01 -9.335899831828069484e-01
-1.549999999999992495e-01 -9.444773301982777314e-01
-1.499999999999992450e-01 -9.551525632327825255e-01
-1.449999999999992406e-01 -9.656156822863221079e-01
-1.399999999999992362e-01 -9.758666873588960344e-01
-1.349999999999992317e-01 -9.859055784505040831e-01
-1.299999999999992273e-01 -9.957323555611468091e-01
-1.249999999999992228e-01 -1.005347018690823768e+00
-1.199999999999992184e-01 -1.014749567839535294e+00
-1.149999999999992140e-01 -1.023940003007281385e+00
-1.099999999999992095e-01 -1.032918324194061599e+00
-1.049999999999992051e-01 -1.041684531399876379e+00
-9.999999999999920064e-02 -1.050238624624725281e+00
-9.499999999999919620e-02 -1.058580603868608971e+00
-8.999999999999919176e-02 -1.066710469131527006e+00
-8.499999999999918732e-02 -1.074628220413479163e+00
-7.999999999999918288e-02 -1.082333857714466108e+00
-7.499999999999917843e-02 -1.089827381034487175e+00
-6.999999999999917399e-02 -1.097108790373542586e+00
-6.499999999999916955e-02 -1.104178085731632786e+00
-5.999999999999916511e-02 -1.111035267108757107e+00
-5.499999999999916067e-02 -1.117680334504915773e+00
-4.999999999999915623e-02 -1.124113287920109228e+00
-4.499999999999915179e-02 -1.130334127354336582e+00
-3.999999999999914735e-02 -1.136342852807598724e+00
-3.499999999999914291e-02 -1.142139464279894989e+00
-2.999999999999913847e-02 -1.147723961771225820e+00
-2.499999999999913403e-02 -1.153096345281590995e+00
-1.999999999999912959e-02 -1.158256614810990515e+00
-1.499999999999912514e-02 -1.163204770359424600e+00
-9.999999999999120703e-03 -1.167940811926893252e+00
-4.999999999999116262e-03 -1.172464739513395804e+00
8.881784197001252323e-16 -1.176776553118933366e+00
5.000000000000781597e-03 -1.180876252743504828e+00
1.000000000000089706e-02 -1.184763838387110857e+00
1.500000000000101252e-02 -1.188439310049751452e+00
2.000000000000090594e-02 -1.191902667731426391e+00
2.500000000000079936e-02 -1.195153911432135674e+00
3.000000000000091482e-02 -1.198193041151879523e+00
3.500000000000103029e-02 -1.201020056890657495e+00
4.000000000000092371e-02 -1.203634958648470032e+00
4.500000000000081712e-02 -1.206037746425316914e+00
5.000000000000093259e-02 -1.208228420221198141e+00
5.500000000000104805e-02 -1.210206980036114155e+00
6.000000000000094147e-02 -1.211973425870064069e+00
6.500000000000083489e-02 -1.213527757723048772e+00
7.000000000000095035e-02 -1.214869975595067597e+00
7.500000000000106581e-02 -1.216000079486120988e+00
8.000000000000095923e-02 -1.216918069396208724e+00
8.500000000000085265e-02 -1.217623945325331025e+00
9.000000000000096811e-02 -1.218117707273487449e+00
9.500000000000108358e-02 -1.218399355240678439e+00
1.000000000000009770e-01 -1.218468889226903995e+00
1.050000000000008704e-01 -1.218326309232163673e+00
1.100000000000009859e-01 -1.217971615256457918e+00
1.150000000000011013e-01 -1.217404807299786507e+00
1.200000000000009948e-01 -1.216625885362149662e+00
1.250000000000008882e-01 -1.215634849443547161e+00
1.300000000000010036e-01 -1.214431699543978782e+00
1.350000000000011191e-01 -1.213016435663444970e+00
1.400000000000010125e-01 -1.211389057801945723e+00
1.450000000000009059e-01 -1.209549565959480821e+00
1.500000000000010214e-01 -1.207497960136050263e+00
1.550000000000011369e-01 -1.205234240331654050e+00
1.600000000000010303e-01 -1.202758406546292402e+00
1.650000000000009237e-01 -1.200070458779965321e+00
1.700000000000010392e-01 -1.197170397032672362e+00
1.750000000000011546e-01 -1.194058221304413747e+00
1.800000000000010481e-01 -1.190733931595189699e+00
1.850000000000009415e-01 -1.187197527905000216e+00
1.900000000000010569e-01 -1.183449010233844634e+00
1.950000000000011724e-01 -1.179488378581723840e+00
2.000000000000010658e-01 -1.175315632948637390e+00
2.050000000000009592e-01 -1.170930773334585506e+00
2.100000000000010747e-01 -1.166333799739567745e+00
2.150000000000011902e-01 -1.161524712163584105e+00
2.200000000000010836e-01 -1.156503510606635698e+00
2.250000000000009770e-01 -1.151270195068721192e+00
2.300000000000010925e-01 -1.145824765549841029e+00
2.350000000000012079e-01 -1.140167222049995432e+00
2.400000000000011013e-01 -1.134297564569184402e+00
2.450000000000009948e-01 -1.128215793107407716e+00
2.500000000000011102e-01 -1.121921907664665374e+00
2.550000000000012257e-01 -1.115415908240957155e+00
2.600000000000011191e-01 -1.108697794836283501e+00
2.650000000000010125e-01 -1.101767567450644636e+00
2.700000000000011280e-01 -1.094625226084039449e+00
2.750000000000012434e-01 -1.087270770736469050e+00
2.800000000000011369e-01 -1.079704201407933439e+00
2.850000000000010303e-01 -1.071925518098431951e+00
2.900000000000011458e-01 -1.063934720807964807e+00
2.950000000000012612e-01 -1.055731809536531562e+00
3.000000000000011546e-01 -1.047316784284133773e+00
3.050000000000010481e-01 -1.038689645050769661e+00
3.100000000000011635e-01 -1.029850391836440116e+00
3.150000000000012790e-01 -1.020799024641144914e+00
3.200000000000011724e-01 -1.011535543464884501e+00
3.250000000000010658e-01 -1.002059948307658432e+00
3.300000000000011813e-01 -9.923722391694662637e-01
3.350000000000012967e-01 -9.824724160503086612e-01
3.400000000000011902e-01 -9.723604789501855139e-01
3.450000000000010836e-01 -9.620364278690974880e-01
3.500000000000011990e-01 -9.515002628070426960e-01
3.550000000000013145e-01 -9.407519837640226923e-01
3.600000000000012079e-01 -9.297915907400373658e-01
3.650000000000011013e-01 -9.186190837350867167e-01
3.700000000000012168e-01 -9.072344627491699676e-01
3.750000000000013323e-01 -8.956377277822871186e-01
3.800000000000012257e-01 -8.838288788344399460e-01
3.850000000000011191e-01 -8.718079159056264515e-01
3.900000000000012346e-01 -8.595748389958473012e-01
3.950000000000013500e-01 -8.471296481051023841e-01
4.000000000000012434e-01 -8.344723432333926993e-01
4.050000000000011369e-01 -8.216029243807172477e-01
4.100000000000012523e-01 -8.085213915470756962e-01
4.150000000000013678e-01 -7.952277447324685999e-01
4.200000000000012612e-01 -7.817219839368958478e-01
4.250000000000011546e-01 -7.680041091603585501e-01
4.300000000000012701e-01 -7.540741204028540423e-01
4.350000000000013856e-01 -7.399320176643845448e-01
4.400000000000012790e-01 -7.255778009449498356e-01
4.450000000000011724e-01 -7.110114702445496926e-01
4.500000000000012879e-01 -6.962330255631833387e-01
4.550000000000014033e-01 -6.812424669008509959e-01
4.600000000000012967e-01 -6.660397942575545516e-01
4.650000000000011902e-01 -6.506250076332914523e-01
4.700000000000013056e-01 -6.349981070280628082e-01
4.750000000000014211e-01 -6.191590924418685082e-01
4.800000000000013145e-01 -6.031079638747092186e-01
4.850000000000012079e-01 -5.868447213265842732e-01
4.900000000000013234e-01 -5.703693647974931169e-01
4.950000000000014388e-01 -5.536818942874365268e-01
5.000000000000013323e-01 -5.367823097964142809e-01
5.050000000000012257e-01 -5.196706113244276004e-01
5.100000000000013411e-01 -5.023467988714734878e-01
5.150000000000014566e-01 -4.848108724375543854e-01
5.200000000000013500e-01 -4.670628320226704600e-01
5.250000000000012434e-01 -4.491026776268208232e-01
5.300000000000013589e-01 -4.309304092500050309e-01
5.350000000000014744e-01 -4.125460268922229168e-01
5.400000000000013678e-01 -3.939495305534772562e-01
5.450000000000012612e-01 -3.751409202337644966e-01
5.500000000000013767e-01 -3.561201959330863587e-01
5.550000000000014921e-01 -3.368873576514425094e-01
5.600000000000013856e-01 -3.174424053888337260e-01
5.650000000000012790e-01 -2.977853391452595089e-01
5.700000000000013944e-01 -2.779161589207188587e-01
5.750000000000015099e-01 -2.578348647152126638e-01
5.800000000000014033e-01 -2.375414565287407853e-01
5.850000000000012967e-01 -2.170359343613049996e-01
5.900000000000014122e-01 -1.963182982129012266e-01
5.950000000000015277e-01 -1.753885480835325195e-01
6.000000000000014211e-01 -1.542466839731991834e-01
6.050000000000013145e-01 -1.328927058819008855e-01
6.100000000000014300e-01 -1.113266138096340313e-01
6.150000000000015454e-01 -8.954840775640297845e-02
6.200000000000014388e-01 -6.755808772220803227e-02
6.250000000000013323e-01 -4.535565370704586902e-02
6.300000000000014477e-01 -2.294110571091801526e-02
6.350000000000015632e-01 -3.144437338247589044e-04
6.400000000000014566e-01 2.252433222423253986e-02
6.450000000000013500e-01 4.557522216325719799e-02
6.500000000000014655e-01 6.883822608324725867e-02
6.550000000000015810e-01 9.231334398420301679e-02
6.600000000000014744e-01 1.160005758661243197e-01
6.650000000000013678e-01 1.398999217290095298e-01
6.700000000000014833e-01 1.640113815728622415e-01
6.750000000000015987e-01 1.883349553976803592e-01
6.800000000000014921e-01 2.128706432034638552e-01
6.850000000000013856e-01 2.376184449902133677e-01
6.900000000000015010e-01 2.625783607579282863e-01
6.950000000000016165e-01 2.877503905066086110e-01
7.000000000000015099e-01 3.131345342362530926e-01
7.050000000000014033e-01 3.387307919468648398e-01
7.100000000000015188e-01 3.645391636384419654e-01
7.150000000000016342e-01 3.905596493109847467e-01
7.200000000000015277e-01 4.167922489644932948e-01
7.250000000000014211e-01 4.432369625989656670e-01
7.300000000000015365e-01 4.698937902144053047e-01
7.350000000000016520e-01 4.967627318108106538e-01
7.400000000000015454e-01 5.238437873881813811e-01
7.450000000000014388e-01 5.511369569465159879e-01
7.500000000000015543e-01 5.786422404858181379e-01
7.550000000000016698e-01 6.063596380060877200e-01
7.600000000000015632e-01 6.342891495073188501e-01
7.650000000000014566e-01 6.624307749895156361e-01
7.700000000000015721e-01 6.907845144526820746e-01
7.750000000000016875e-01 7.193503678968120596e-01
7.800000000000015810e-01 7.481283353219057020e-01
7.850000000000014744e-01 7.771184167279671096e-01
7.900000000000015898e-01 8.063206121149939509e-01
7.950000000000017053e-01 8.357349214829862261e-01
8.000000000000015987e-01 8.653613448319422696e-01
8.050000000000014921e-01 8.951998821618659674e-01
8.100000000000016076e-01 9.252505334727549879e-01
8.150000000000017231e-01 9.555132987646096643e-01
8.200000000000016165e-01 9.859881780374301075e-01
8.250000000000015099e-01 1.016675171291214097e+00
8.300000000000016254e-01 1.047574278525965630e+00
8.350000000000017408e-01 1.078685499741682818e+00
8.400000000000016342e-01 1.110008834938365663e+00
8.450000000000015277e-01 1.141544284116013941e+00
8.500000000000016431e-01 1.173291847274627875e+00
8.550000000000017586e-01 1.205251524414207687e+00
8.600000000000016520e-01 1.237423315534750490e+00
8.650000000000015454e-01 1.269807220636261169e+00
8.700000000000016609e-01 1.302403239718737504e+00
8.750000000000017764e-01 1.335211372782179495e+00
8.800000000000016698e-01 1.368231619826587142e+00
8.850000000000015632e-01 1.401463980851958002e+00
8.900000000000016787e-01 1.434908455858296739e+00
8.950000000000017941e-01 1.468565044845600909e+00
9.000000000000016875e-01 1.502433747813870735e+00
9.050000000000015810e-01 1.536514564763104218e+00
9.100000000000016964e-01 1.570807495693305356e+00
9.150000000000018119e-01 1.605312540604474369e+00
9.200000000000017053e-01 1.640029699496604154e+00
9.250000000000015987e-01 1.674958972369699595e+00
9.300000000000017142e-01 1.710100359223765576e+00
9.350000000000018296e-01 1.745453860058794326e+00
9.400000000000017231e-01 1.781019474874786734e+00
9.450000000000016165e-01 1.816797203671747019e+00
9.500000000000017319e-01 1.852787046449673403e+00
9.550000000000018474e-01 1.888989003208564332e+00
9.600000000000017408e-01 1.925403073948418919e+00
9.650000000000016342e-01 1.962029258669241383e+00
9.700000000000017497e-01 1.998867557371029946e+00
9.750000000000018652e-01 2.035917970053783943e+00
9.800000000000017586e-01 2.073180496717503818e+00
9.850000000000016520e-01 2.110655137362186018e+00
9.900000000000017675e-01 2.148341891987836316e+00
9.950000000000018829e-01 2.186240760594452492e+00
1.000000000000001776e+00 2.224351743182034546e+00
