-1.000000000000000000e+00 3.347243888916182186e+00
-9.949999999999999956e-01 3.308646775928991701e+00
-9.899999999999999911e-01 3.270218940365793969e+00
-9.849999999999999867e-01 3.231968012086781528e+00
-9.799999999999999822e-01 3.193899714302006032e+00
-9.749999999999999778e-01 3.155996399380001094e+00
-9.699999999999999734e-01 3.118273330999272730e+00
-9.649999999999999689e-01 3.080726691668587591e+00
-9.599999999999999645e-01 3.043354575436296727e+00
-9.549999999999999600e-01 3.006156027231099870e+00
-9.499999999999999556e-01 2.969134387241410877e+00
-9.449999999999999512e-01 2.932285839372980263e+00
-9.399999999999999467e-01 2.895616581111880805e+00
-9.349999999999999423e-01 2.859119462229045894e+00
-9.299999999999999378e-01 2.822799726769062545e+00
-9.249999999999999334e-01 2.786657852034750249e+00
-9.199999999999999289e-01 2.750687160908910300e+00
-9.149999999999999245e-01 2.714890039672809507e+00
-9.099999999999999201e-01 2.679273639952498343e+00
-9.049999999999999156e-01 2.643830807560789253e+00
-8.999999999999999112e-01 2.608564883617418673e+00
-8.949999999999999067e-01 2.573468712771045830e+00
-8.899999999999999023e-01 2.538553741441774037e+00
-8.849999999999998979e-01 2.503809953022482659e+00
-8.799999999999998934e-01 2.469246887748795416e+00
-8.749999999999998890e-01 2.434853098502117064e+00
-8.699999999999998845e-01 2.400636693143951561e+00
-8.649999999999998801e-01 2.366598148511457111e+00
-8.599999999999998757e-01 2.332734125580373075e+00
-8.549999999999998712e-01 2.299046056026327278e+00
-8.499999999999998668e-01 2.265531078826370504e+00
-8.449999999999998623e-01 2.232193961653592851e+00
-8.399999999999998579e-01 2.199033750833677914e+00
-8.349999999999998535e-01 2.166044725019219186e+00
-8.299999999999998490e-01 2.133233082161950733e+00
-8.249999999999998446e-01 2.100597392914551165e+00
-8.199999999999998401e-01 2.068137656345697906e+00
-8.149999999999998357e-01 2.035854350223871734e+00
-8.099999999999998312e-01 2.003747949756416347e+00
-8.049999999999998268e-01 1.971809396667140168e+00
-7.999999999999998224e-01 1.940054902022438688e+00
-7.949999999999998179e-01 1.908473499498995585e+00
-7.899999999999998135e-01 1.877059944586562557e+00
-7.849999999999998090e-01 1.845833308908822579e+00
-7.799999999999998046e-01 1.814775473817917151e+00
-7.749999999999998002e-01 1.783897406335654301e+00
-7.699999999999997957e-01 1.753192431673141760e+00
-7.649999999999997913e-01 1.722664362665000004e+00
-7.599999999999997868e-01 1.692313677545371098e+00
-7.549999999999997824e-01 1.662130361802610201e+00
-7.499999999999997780e-01 1.632128721482785982e+00
-7.449999999999997735e-01 1.602304940957310242e+00
-7.399999999999997691e-01 1.572651391995804948e+00
-7.349999999999997646e-01 1.543178087014439148e+00
-7.299999999999997602e-01 1.513877873688670439e+00
-7.249999999999997558e-01 1.484752183461296005e+00
-7.199999999999997513e-01 1.455803399586784286e+00
-7.149999999999997469e-01 1.427033906716587586e+00
-7.099999999999997424e-01 1.398430829548942489e+00
-7.049999999999997380e-01 1.370014672780143661e+00
-6.999999999999997335e-01 1.341768746876823348e+00
-6.949999999999997291e-01 1.313698773884879989e+00
-6.899999999999997247e-01 1.285803799897166533e+00
-6.849999999999997202e-01 1.258087163472282333e+00
-6.799999999999997158e-01 1.230542665261509461e+00
-6.749999999999997113e-01 1.203174119496452255e+00
-6.699999999999997069e-01 1.175980096131297392e+00
-6.649999999999997025e-01 1.148966794747593445e+00
-6.599999999999996980e-01 1.122127061856644792e+00
-6.549999999999996936e-01 1.095465188527213973e+00
-6.499999999999996891e-01 1.068973069691764755e+00
-6.449999999999996847e-01 1.042660241860630554e+00
-6.399999999999996803e-01 1.016522413266556901e+00
-6.349999999999996758e-01 9.905619676296736342e-01
-6.299999999999996714e-01 9.647774756026591403e-01
-6.249999999999996669e-01 9.391679821142132623e-01
-6.199999999999996625e-01 9.137301504683817965e-01
-6.149999999999996581e-01 8.884744703841532809e-01
-6.099999999999996536e-01 8.633914048855330092e-01
-6.049999999999996492e-01 8.384809558351661307e-01
-5.999999999999996447e-01 8.137521801122601373e-01
-5.949999999999996403e-01 7.891945896276409966e-01
-5.899999999999996358e-01 7.648143825658734185e-01
-5.849999999999996314e-01 7.406096518111552340e-01
-5.799999999999996270e-01 7.165808737349833590e-01
-5.749999999999996225e-01 6.927290024773354871e-01
-5.699999999999996181e-01 6.690502226424540622e-01
-5.649999999999996136e-01 6.455507340447182996e-01
-5.599999999999996092e-01 6.222238600325907809e-01
-5.549999999999996048e-01 5.990753235832925183e-01
-5.499999999999996003e-01 5.761017859053935153e-01
-5.449999999999995959e-01 5.533037247673745496e-01
-5.399999999999995914e-01 5.306797087264384372e-01
-5.349999999999995870e-01 5.082387986199136121e-01
-5.299999999999995826e-01 4.859652581230874402e-01
-5.249999999999995781e-01 4.638710086305762870e-01
-5.199999999999995737e-01 4.419527113509501559e-01
-5.149999999999995692e-01 4.202046456352944714e-01
-5.099999999999995648e-01 3.986430232484962088e-01
-5.049999999999995604e-01 3.772492473085548026e-01
-4.999999999999995559e-01 3.560371458602274997e-01
-4.949999999999995515e-01 3.349933683944071872e-01
-4.899999999999995470e-01 3.141326966301675183e-01
-4.849999999999995426e-01 2.934417786614175183e-01
-4.799999999999995381e-01 2.729277672783608777e-01
-4.749999999999995337e-01 2.525925695967997653e-01
-4.699999999999995293e-01 2.324318945479716403e-01
-4.649999999999995248e-01 2.124490799919839246e-01
-4.599999999999995204e-01 1.926388800216044528e-01
-4.549999999999995159e-01 1.730060637069071872e-01
-4.499999999999995115e-01 1.535520610937054498e-01
-4.449999999999995071e-01 1.342678132073159558e-01
-4.399999999999995026e-01 1.151642859053935014e-01
-4.349999999999994982e-01 9.623480393338455785e-02
-4.299999999999994937e-01 7.748032236258937944e-02
-4.249999999999994893e-01 5.890226960900678960e-02
-4.199999999999994849e-01 4.049921609248473969e-02
-4.149999999999994804e-01 2.227497720878079263e-02
-4.099999999999994760e-01 4.225260259317901133e-03
-4.049999999999994715e-01 -1.365041159306213531e-02
-3.999999999999994671e-01 -3.134726927828535709e-02
-3.949999999999994627e-01 -4.887055753943071040e-02
-3.899999999999994582e-01 -6.621455572758362662e-02
-3.849999999999994538e-01 -8.338593863163636100e-02
-3.799999999999994493e-01 -1.003808920199845828e-01
-3.749999999999994449e-01 -1.172013227755998171e-01
-3.699999999999994404e-01 -1.338415090854142564e-01
-3.649999999999994360e-01 -1.503119413669083970e-01
-3.599999999999994316e-01 -1.666021289697711127e-01
-3.549999999999994271e-01 -1.827173178012345689e-01
-3.499999999999994227e-01 -1.986541690698687690e-01
-3.449999999999994182e-01 -2.144193594272111314e-01
-3.399999999999994138e-01 -2.300081200360183376e-01
-3.349999999999994094e-01 -2.454180662448380845e-01
-3.299999999999994049e-01 -2.606534905194167751e-01
-3.249999999999994005e-01 -2.757134384869460719e-01
-3.199999999999993960e-01 -2.905979103802566188e-01
-3.149999999999993916e-01 -3.053045224792186874e-01
-3.099999999999993872e-01 -3.198366114797864812e-01
-3.049999999999993827e-01 -3.341946553832714217e-01
-2.999999999999993783e-01 -3.483729312124524968e-01
-2.949999999999993738e-01 -3.623747772930984157e-01
-2.899999999999993694e-01 -3.762035317181472438e-01
-2.849999999999993650e-01 -3.898553800231639999e-01
-2.799999999999993605e-01 -4.033350896484081405e-01
-2.749999999999993561e-01 -4.166359853393261092e-01
-2.699999999999993516e-01 -4.297590210030649560e-01
-2.649999999999993472e-01 -4.427065801269237655e-01
-2.599999999999993427e-01 -4.554786634093944686e-01
-2.549999999999993383e-01 -4.680762242919628280e-01
-2.499999999999993339e-01 -4.804968783560071843e-01
-2.449999999999993294e-01 -4.927396728585337060e-01
-2.399999999999993250e-01 -5.048112821227733749e-01
-2.349999999999993205e-01 -5.167026474068735498e-01
-2.299999999999993161e-01 -5.284209208025459903e-01
-2.249999999999993117e-01 -5.399608568682198184e-01
-2.199999999999993072e-01 -5.513267471383188623e-01
-2.149999999999993028e-01 -5.625123929626171249e-01
-2.099999999999992983e-01 -5.735263778756235498e-01
-2.049999999999992939e-01 -5.843615490871344464e-01
-1.999999999999992895e-01 -5.950221972002510684e-01
-1.949999999999992850e-01 -6.055092768206123965e-01
-1.899999999999992806e-01 -6.158161119951729434e-01
-1.849999999999992761e-01 -6.259484250026617902e-01
-1.799999999999992717e-01 -6.359047846331123965e-01
-1.749999999999992673e-01 -6.456894828866098779e-01
-1.699999999999992628e-01 -6.552929837184821027e-01
-1.649999999999992584e-01 -6.647233919634346622e-01
-1.599999999999992539e-01 -6.739759401812080997e-01
-1.549999999999992495e-01 -6.830544430690680402e-01
-1.499999999999992450e-01 -6.919565157427315372e-01
-1.449999999999992406e-01 -7.006773909947697776e-01
-1.399999999999992362e-01 -7.092289883571539777e-01
-1.349999999999992317e-01 -7.176017720180426496e-01
-1.299999999999992273e-01 -7.258014640233342307e-01
-1.249999999999992228e-01 -7.338209111171637433e-01
-1.199999999999992184e-01 -7.416677436253850120e-01
-1.149999999999992140e-01 -7.493390995937262433e-01
-1.099999999999992095e-01 -7.568306881862555402e-01
-1.049999999999992051e-01 -7.641501385646735089e-01
-9.999999999999920064e-02 -7.712912518459235089e-01
-9.499999999999919620e-02 -7.782559353786383527e-01
-8.999999999999919176e-02 -7.850484806972418683e-01
-8.499999999999918732e-02 -7.916598281285588401e-01
-7.999999999999918288e-02 -7.980966526943121808e-01
-7.499999999999917843e-02 -8.043608626744572776e-01
-6.999999999999917399e-02 -8.104414903486941713e-01
-6.499999999999916955e-02 -8.163514096218024152e-01
-5.999999999999916511e-02 -8.220891913792912620e-01
-5.499999999999916067e-02 -8.276462518538211244e-01
-4.999999999999915623e-02 -8.330264052769963401e-01
-4.499999999999915179e-02 -8.382315596959416526e-01
-3.999999999999914735e-02 -8.432607609706793683e-01
-3.499999999999914291e-02 -8.481163939854924338e-01
-2.999999999999913847e-02 -8.527936899031375306e-01
-2.499999999999913403e-02 -8.572974166295354026e-01
-1.999999999999912959e-02 -8.616208991429631370e-01
-1.499999999999912514e-02 -8.657741503252510684e-01
-9.999999999999120703e-03 -8.697466813887332338e-01
-4.999999999999116262e-03 -8.735408744237248557e-01
8.881784197001252323e-16 -8.771672210118596213e-01
5.000000000000781597e-03 -8.806133231541936057e-01
1.000000000000089706e-02 -8.838849026637946027e-01
1.500000000000101252e-02 -8.869762377275948184e-01
2.000000000000090594e-02 -8.898920971828375714e-01
2.500000000000079936e-02 -8.926367718654547589e-01
3.000000000000091482e-02 -8.952026326137457746e-01
3.500000000000103029e-02 -8.975954010079477685e-01
4.000000000000092371e-02 -8.998107869106207746e-01
4.500000000000081712e-02 -9.018506965062443870e-01
5.000000000000093259e-02 -9.037094075160895246e-01
5.500000000000104805e-02 -9.053974108232979434e-01
6.000000000000094147e-02 -9.069085077776436465e-01
6.500000000000083489e-02 -9.082460362392340558e-01
7.000000000000095035e-02 -9.093985514177803653e-01
7.500000000000106581e-02 -9.103832201494698184e-01
8.000000000000095923e-02 -9.111905054583077090e-01
8.500000000000085265e-02 -9.118189770656500714e-01
9.000000000000096811e-02 -9.122767407375250714e-01
9.500000000000108358e-02 -9.125523528477971213e-01
1.000000000000009770e-01 -9.126582102312569278e-01
1.050000000000008704e-01 -9.125838241002385276e-01
1.100000000000009859e-01 -9.123368217537973779e-01
1.150000000000011013e-01 -9.119143442644600528e-01
1.200000000000009948e-01 -9.113111452593330997e-01
1.250000000000008882e-01 -9.105372383187387841e-01
1.300000000000010036e-01 -9.095830871651743310e-01
1.350000000000011191e-01 -9.084539367745493310e-01
1.400000000000010125e-01 -9.071469263567452090e-01
1.450000000000009059e-01 -9.056725456307505029e-01
1.500000000000010214e-01 -9.040126752502147811e-01
1.550000000000011369e-01 -9.021806664227370876e-01
1.600000000000010303e-01 -9.001693675222669500e-01
1.650000000000009237e-01 -8.979864074776743310e-01
1.700000000000010392e-01 -8.956298780090038436e-01
1.750000000000011546e-01 -8.930911969787304061e-01
1.800000000000010481e-01 -8.903789469900403875e-01
1.850000000000009415e-01 -8.874940821829114812e-01
1.900000000000010569e-01 -8.844256346042130845e-01
1.950000000000011724e-01 -8.811883871371720689e-01
2.000000000000010658e-01 -8.777675575970534938e-01
2.050000000000009592e-01 -8.741826958416824001e-01
2.100000000000010747e-01 -8.704104368503068345e-01
2.150000000000011902e-01 -8.664693777377580064e-01
2.200000000000010836e-01 -8.623499812952105659e-01
2.250000000000009770e-01 -8.580536784998004096e-01
2.300000000000010925e-01 -8.535871450717423814e-01
2.350000000000012079e-01 -8.489389364535783189e-01
2.400000000000011013e-01 -8.441176354813252347e-01
2.450000000000009948e-01 -8.391146595517967599e-01
2.500000000000011102e-01 -8.339419305252705472e-01
2.550000000000012257e-01 -8.285918176102314847e-01
2.600000000000011191e-01 -8.230643210395102161e-01
2.650000000000010125e-01 -8.173637330460225003e-01
2.700000000000011280e-01 -8.114852838612024444e-01
2.750000000000012434e-01 -8.054299292548422473e-01
2.800000000000011369e-01 -7.991995747129295724e-01
2.850000000000010303e-01 -7.927970819569055694e-01
2.900000000000011458e-01 -7.862167294065330880e-01
2.950000000000012612e-01 -7.794566087818567413e-01
3.000000000000011546e-01 -7.725205357114647287e-01
3.050000000000010481e-01 -7.654118468913112538e-01
3.100000000000011635e-01 -7.581295895784024852e-01
3.150000000000012790e-01 -7.506689960996483224e-01
3.200000000000011724e-01 -7.430314951038782256e-01
3.250000000000010658e-01 -7.352218558939968007e-01
3.300000000000011813e-01 -7.272300653553430694e-01
3.350000000000012967e-01 -7.190685205555383819e-01
3.400000000000011902e-01 -7.107276842857573884e-01
3.450000000000010836e-01 -7.022147109660182851e-01
3.500000000000011990e-01 -6.935229230134610789e-01
3.550000000000013145e-01 -6.846542289408718007e-01
3.600000000000012079e-01 -6.756100580955718415e-01
3.650000000000011013e-01 -6.663904114088837760e-01
3.700000000000012168e-01 -6.569952888808076041e-01
3.750000000000013323e-01 -6.474261212556485789e-01
3.800000000000012257e-01 -6.376786156019990104e-01
3.850000000000011191e-01 -6.277575416884247916e-01
3.900000000000012346e-01 -6.176605150963042634e-01
3.950000000000013500e-01 -6.073841974998687165e-01
4.000000000000012434e-01 -5.969347877821747916e-01
4.050000000000011369e-01 -5.863084717116181510e-01
4.100000000000012523e-01 -5.755071561711703199e-01
4.150000000000013678e-01 -5.645308420921538728e-01
4.200000000000012612e-01 -5.533804817519013541e-01
4.250000000000011546e-01 -5.420494001286898511e-01
4.300000000000012701e-01 -5.305452268498812574e-01
4.350000000000013856e-01 -5.188627164739046949e-01
4.400000000000012790e-01 -5.070114059767548698e-01
4.450000000000011724e-01 -4.949808044752900260e-01
4.500000000000012879e-01 -4.827718658766572135e-01
4.550000000000014033e-01 -4.703917429710601228e-01
4.600000000000012967e-01 -4.578308983168427604e-01
4.650000000000011902e-01 -4.450979154485140699e-01
4.700000000000013056e-01 -4.321837351585601228e-01
4.750000000000014211e-01 -4.190993235374663728e-01
4.800000000000013145e-01 -4.058384814693455356e-01
4.850000000000012079e-01 -3.924021644911591666e-01
4.900000000000013234e-01 -3.787884636244599479e-01
4.950000000000014388e-01 -3.650002396593664544e-01
5.000000000000013323e-01 -3.510327263197724479e-01
5.050000000000012257e-01 -3.368983190434847730e-01
5.100000000000013411e-01 -3.225788991826449292e-01
5.150000000000014566e-01 -3.080878177120213168e-01
5.200000000000013500e-01 -2.934260287715916293e-01
5.250000000000012434e-01 -2.785792274794404166e-01
5.300000000000013589e-01 -2.635621943904881137e-01
5.350000000000014744e-01 -2.483625331356053012e-01
5.400000000000013678e-01 -2.329959788753513950e-01
5.450000000000012612e-01 -2.174506106807713168e-01
5.500000000000013767e-01 -2.017269051561926263e-01
5.550000000000014921e-01 -1.858329692317967075e-01
5.600000000000013856e-01 -1.697621257903848546e-01
5.650000000000012790e-01 -1.535115154388223546e-01
5.700000000000013944e-01 -1.370901976174537795e-01
5.750000000000015099e-01 -1.204891119546119965e-01
5.800000000000014033e-01 -1.037158871463362969e-01
5.850000000000012967e-01 -8.676051194061086547e-02
5.900000000000014122e-01 -6.963728935670600306e-02
5.950000000000015277e-01 -5.233763702426597747e-02
6.000000000000014211e-01 -3.485964759465799007e-02
6.050000000000013145e-01 -1.720570548650369319e-02
6.100000000000014300e-01 6.237129286999969040e-04
6.150000000000015454e-01 1.862383951220169392e-02
6.200000000000014388e-01 3.680516375015929070e-02
6.250000000000013323e-01 5.516053378369167176e-02
6.300000000000014477e-01 7.368994961279883016e-02
6.350000000000015632e-01 9.239579449194922078e-02
6.400000000000014566e-01 1.112799767010982238e-01
6.450000000000013500e-01 1.303353450798566682e-01
6.500000000000014655e-01 1.495695257631267650e-01
6.550000000000015810e-01 1.689791827534462554e-01
6.600000000000014744e-01 1.885647931208039862e-01
6.650000000000013678e-01 2.083215870966340644e-01
6.700000000000014833e-01 2.282600567282314641e-01
6.750000000000015987e-01 2.483735267610426289e-01
6.800000000000014921e-01 2.686534110994215352e-01
6.850000000000013856e-01 2.891173555121894223e-01
6.900000000000015010e-01 3.097510544189389092e-01
6.950000000000016165e-01 3.305659512129749400e-01
7.000000000000015099e-01 3.515501244996811492e-01
7.050000000000014033e-01 3.727169282806243045e-01
7.100000000000015188e-01 3.940544386000509602e-01
7.150000000000016342e-01 4.155679025293465001e-01
7.200000000000015277e-01 4.372597028573180777e-01
7.250000000000014211e-01 4.591250721437062365e-01
7.300000000000015365e-01 4.811640108541722638e-01
7.350000000000016520e-01 5.033798575473155124e-01
7.400000000000015454e-01 5.257707009163822276e-01
7.450000000000014388e-01 5.483379758966292483e-01
7.500000000000015543e-01 5.710797716469641072e-01
7.550000000000016698e-01 5.939984760784681184e-01
7.600000000000015632e-01 6.170931322571958644e-01
7.650000000000014566e-01 6.403623119999791724e-01
7.700000000000015721e-01 6.638007682354326588e-01
7.750000000000016875e-01 6.874228077081169230e-01
7.800000000000015810e-01 7.112188913465614659e-01
7.850000000000014744e-01 7.351880694345708234e-01
7.900000000000015898e-01 7.593331978728200538e-01
7.950000000000017053e-01 7.836523751334424359e-01
8.000000000000015987e-01 8.081513193042154652e-01
8.050000000000014921e-01 8.328200151750023705e-01
8.100000000000016076e-01 8.576713424713487965e-01
8.150000000000017231e-01 8.826900407743777377e-01
8.200000000000016165e-01 9.078865977076019389e-01
8.250000000000015099e-01 9.332576775063897712e-01
8.300000000000016254e-01 9.588094788209672314e-01
8.350000000000017408e-01 9.845319885366733415e-01
8.400000000000016342e-01 1.010430928699406428e+00
8.450000000000015277e-01 1.036503914192053122e+00
8.500000000000016431e-01 1.062754282176228804e+00
8.550000000000017586e-01 1.089179650328787607e+00
8.600000000000016520e-01 1.115778113163741869e+00
8.650000000000015454e-01 1.142551095604630751e+00
8.700000000000016609e-01 1.169502894075321597e+00
8.750000000000017764e-01 1.196627307597281975e+00
8.800000000000016698e-01 1.223927196960630459e+00
8.850000000000015632e-01 1.251402563562350911e+00
8.900000000000016787e-01 1.279054837215426010e+00
8.950000000000017941e-01 1.306883065176861924e+00
9.000000000000016875e-01 1.334881045769634289e+00
9.050000000000015810e-01 1.363059271041038079e+00
9.100000000000016964e-01 1.391406775366249127e+00
9.150000000000018119e-01 1.419935479208561224e+00
9.200000000000017053e-01 1.448638702889638585e+00
9.250000000000015987e-01 1.477514068742948217e+00
9.300000000000017142e-01 1.506566816389294905e+00
9.350000000000018296e-01 1.535795042205336136e+00
9.400000000000017231e-01 1.565196836514132661e+00
9.450000000000016165e-01 1.594777443825932783e+00
9.500000000000017319e-01 1.624527331122862739e+00
9.550000000000018474e-01 1.654457463564085407e+00
9.600000000000017408e-01 1.684558778915288491e+00
9.650000000000016342e-01 1.714835575695815129e+00
9.700000000000017497e-01 1.745290229476722521e+00
9.750000000000018652e-01 1.775915115752922935e+00
9.800000000000017586e-01 1.806721679314705176e+00
9.850000000000016520e-01 1.837697993645178718e+00
9.900000000000017675e-01 1.868850743312122864e+00
9.950000000000018829e-01 1.900180398866268439e+00
1.000000000000001776e+00 1.931683620352032227e+00
