-1.000000000000000000e+00 -3.347243682800126408e+00
-9.949999999999999956e-01 -3.308646581920129393e+00
-9.899999999999999911e-01 -3.270218757998463843e+00
-9.849999999999999867e-01 -3.231967839963999722e+00
-9.799999999999999822e-01 -3.193899548698482249e+00
-9.749999999999999778e-01 -3.155996245883670781e+00
-9.699999999999999734e-01 -3.118273185419184301e+00
-9.649999999999999689e-01 -3.080726555401724909e+00
-9.599999999999999645e-01 -3.043354447085675929e+00
-9.549999999999999600e-01 -3.006155908193704818e+00
-9.499999999999999556e-01 -2.969134274257612560e+00
-9.449999999999999512e-01 -2.932285731977117393e+00
-9.399999999999999467e-01 -2.895616481632259820e+00
-9.349999999999999423e-01 -2.859119368337360356e+00
-9.299999999999999378e-01 -2.822799638465312455e+00
-9.249999999999999334e-01 -2.786657768387613032e+00
-9.199999999999999289e-01 -2.750687083781031106e+00
-9.149999999999999245e-01 -2.714889966735881899e+00
-9.099999999999999201e-01 -2.679273570740861032e+00
-9.049999999999999156e-01 -2.643830744868409965e+00
-8.999999999999999112e-01 -2.608564823719007109e+00
-8.949999999999999067e-01 -2.573468657529247139e+00
-8.899999999999999023e-01 -2.538553688062620495e+00
-8.849999999999998979e-01 -2.503809904765603278e+00
-8.799999999999998934e-01 -2.469246840888899897e+00
-8.749999999999998890e-01 -2.434853055367511843e+00
-8.699999999999998845e-01 -2.400636652803314064e+00
-8.649999999999998801e-01 -2.366598110033464764e+00
-8.599999999999998757e-01 -2.332734090362009738e+00
-8.549999999999998712e-01 -2.299046023136270378e+00
-8.499999999999998668e-01 -2.265531047333297465e+00
-8.449999999999998623e-01 -2.232193932023164962e+00
-8.399999999999998579e-01 -2.199033723531556461e+00
-8.349999999999998535e-01 -2.166044699114081595e+00
-8.299999999999998490e-01 -2.133233058585119579e+00
-8.249999999999998446e-01 -2.100597370269042585e+00
-8.199999999999998401e-01 -2.068137635097173188e+00
-8.149999999999998357e-01 -2.035854328975347016e+00
-8.099999999999998312e-01 -2.003747930370536778e+00
-8.049999999999998268e-01 -1.971809377746922332e+00
-7.999999999999998224e-01 -1.940054884964866000e+00
-7.949999999999998179e-01 -1.908473483838406759e+00
-7.899999999999998135e-01 -1.877059928460312443e+00
-7.849999999999998090e-01 -1.845833294179556328e+00
-7.799999999999998046e-01 -1.814775460019973474e+00
-7.749999999999998002e-01 -1.783897393469033199e+00
-7.699999999999997957e-01 -1.753192417875198084e+00
-7.649999999999997913e-01 -1.722664349798378902e+00
-7.599999999999997868e-01 -1.692313664678749996e+00
-7.549999999999997824e-01 -1.662130349867311674e+00
-7.499999999999997780e-01 -1.632128709547487455e+00
-7.449999999999997735e-01 -1.602304929953334289e+00
-7.399999999999997691e-01 -1.572651380526167708e+00
-7.349999999999997646e-01 -1.543178076010463196e+00
-7.299999999999997602e-01 -1.513877863616017061e+00
-7.249999999999997558e-01 -1.484752172922981339e+00
-7.199999999999997513e-01 -1.455803389048469620e+00
-7.149999999999997469e-01 -1.427033895712611633e+00
-7.099999999999997424e-01 -1.398430819010627824e+00
-7.049999999999997380e-01 -1.370014662241828995e+00
-6.999999999999997335e-01 -1.341768736338508683e+00
-6.949999999999997291e-01 -1.313698763346565324e+00
-6.899999999999997247e-01 -1.285803789824513155e+00
-6.849999999999997202e-01 -1.258087152933967667e+00
-6.799999999999997158e-01 -1.230542654257533508e+00
-6.749999999999997113e-01 -1.203174108958137589e+00
-6.699999999999997069e-01 -1.175980086058644014e+00
-6.649999999999997025e-01 -1.148966783743617492e+00
-6.599999999999996980e-01 -1.122127050387007552e+00
-6.549999999999996936e-01 -1.095465177988899308e+00
-6.499999999999996891e-01 -1.068973059153450089e+00
-6.449999999999996847e-01 -1.042660230856654602e+00
-6.399999999999996803e-01 -1.016522401796919661e+00
-6.349999999999996758e-01 -9.905619566256974595e-01
-6.299999999999996714e-01 -9.647774636673603910e-01
-6.249999999999996669e-01 -9.391679706445758002e-01
-6.199999999999996625e-01 -9.137301385330830472e-01
-6.149999999999996581e-01 -8.884744584488545316e-01
-6.099999999999996536e-01 -8.633913938815568345e-01
-6.049999999999996492e-01 -8.384809429685448068e-01
-5.999999999999996447e-01 -8.137521686426226752e-01
-5.949999999999996403e-01 -7.891945781580035346e-01
-5.899999999999996358e-01 -7.648143710962359565e-01
-5.849999999999996314e-01 -7.406096398758564847e-01
-5.799999999999996270e-01 -7.165808617996846097e-01
-5.749999999999996225e-01 -6.927289900763754504e-01
-5.699999999999996181e-01 -6.690502107071553128e-01
-5.649999999999996136e-01 -6.455507216437582629e-01
-5.599999999999996092e-01 -6.222238480972920316e-01
-5.549999999999996048e-01 -5.990753111823324817e-01
-5.499999999999996003e-01 -5.761017739700947660e-01
-5.449999999999995959e-01 -5.533037123664145129e-01
-5.399999999999995914e-01 -5.306796967911396878e-01
-5.349999999999995870e-01 -5.082387862189535754e-01
-5.299999999999995826e-01 -4.859652457221274036e-01
-5.249999999999995781e-01 -4.638709957639549630e-01
-5.199999999999995737e-01 -4.419526994156514066e-01
-5.149999999999995692e-01 -4.202046332343344348e-01
-5.099999999999995648e-01 -3.986430103818748849e-01
-5.049999999999995604e-01 -3.772492344419334787e-01
-4.999999999999995559e-01 -3.560371339249287503e-01
-4.949999999999995515e-01 -3.349933564591084378e-01
-4.899999999999995470e-01 -3.141326842292074817e-01
-4.849999999999995426e-01 -2.934417662604574817e-01
-4.799999999999995381e-01 -2.729277548774008411e-01
-4.749999999999995337e-01 -2.525925576615010160e-01
-4.699999999999995293e-01 -2.324318826126728910e-01
-4.649999999999995248e-01 -2.124490675910238879e-01
-4.599999999999995204e-01 -1.926388680863057035e-01
-4.549999999999995159e-01 -1.730060517716084378e-01
-4.499999999999995115e-01 -1.535520496240679877e-01
-4.449999999999995071e-01 -1.342678008063559192e-01
-4.399999999999995026e-01 -1.151642739700947798e-01
-4.349999999999994982e-01 -9.623479292940841090e-02
-4.299999999999994937e-01 -7.748030996162937056e-02
-4.249999999999994893e-01 -5.890225767370805415e-02
-4.199999999999994849e-01 -4.049920462284729156e-02
-4.149999999999994804e-01 -2.227496480782076987e-02
-4.099999999999994760e-01 -4.225247858357880117e-03
-4.049999999999994715e-01 1.365042306269958344e-02
-3.999999999999994671e-01 3.134728028226151791e-02
-3.949999999999994627e-01 4.887056947472944585e-02
-3.899999999999994582e-01 6.621456719722106088e-02
-3.849999999999994538e-01 8.338595010127379525e-02
-3.799999999999994493e-01 1.003809030239607297e-01
-3.749999999999994449e-01 1.172013337795759641e-01
-3.699999999999994404e-01 1.338415200893904311e-01
-3.649999999999994360e-01 1.503119523708845717e-01
-3.599999999999994316e-01 1.666021404394085748e-01
-3.549999999999994271e-01 1.827173288052107436e-01
-3.499999999999994227e-01 1.986541805395062310e-01
-3.449999999999994182e-01 2.144193704311873061e-01
-3.399999999999994138e-01 2.300081305743332249e-01
-3.349999999999994094e-01 2.454180772488142592e-01
-3.299999999999994049e-01 2.606535010577316624e-01
-3.249999999999994005e-01 2.757134490252609593e-01
-3.199999999999993960e-01 2.905979209185715062e-01
-3.149999999999993916e-01 3.053045320862110001e-01
-3.099999999999993872e-01 3.198366215524400813e-01
-3.049999999999993827e-01 3.341946649902637345e-01
-2.999999999999993783e-01 3.483729412851060969e-01
-2.949999999999993738e-01 3.623747878314133031e-01
-2.899999999999993694e-01 3.762035422564621312e-01
-2.849999999999993650e-01 3.898553896301563126e-01
-2.799999999999993605e-01 4.033350992554004533e-01
-2.749999999999993561e-01 4.166359949463184220e-01
-2.699999999999993516e-01 4.297590301443959815e-01
-2.649999999999993472e-01 4.427065897339160783e-01
-2.599999999999993427e-01 4.554786730163867814e-01
-2.549999999999993383e-01 4.680762338989551408e-01
-2.499999999999993339e-01 4.804968884286607844e-01
-2.449999999999993294e-01 4.927396819998647315e-01
-2.399999999999993250e-01 5.048112917297656876e-01
-2.349999999999993205e-01 5.167026565482045752e-01
-2.299999999999993161e-01 5.284209294782157285e-01
-2.249999999999993117e-01 5.399608655438895566e-01
-2.199999999999993072e-01 5.513267562796498877e-01
-2.149999999999993028e-01 5.625124025696094376e-01
-2.099999999999992983e-01 5.735263870169545752e-01
-2.049999999999992939e-01 5.843615572971428973e-01
-1.999999999999992895e-01 5.950222058759208066e-01
-1.949999999999992850e-01 6.055092854962821347e-01
-1.899999999999992806e-01 6.158161206708426816e-01
-1.849999999999992761e-01 6.259484332126702411e-01
-1.799999999999992717e-01 6.359047933087821347e-01
-1.749999999999992673e-01 6.456894920279409034e-01
-1.699999999999992628e-01 6.552929919284905536e-01
-1.649999999999992584e-01 6.647234006391044003e-01
-1.599999999999992539e-01 6.739759488568778378e-01
-1.549999999999992495e-01 6.830544512790764911e-01
-1.499999999999992450e-01 6.919565244184012753e-01
-1.449999999999992406e-01 7.006773987391169412e-01
-1.399999999999992362e-01 7.092289965671624286e-01
-1.349999999999992317e-01 7.176017802280511004e-01
-1.299999999999992273e-01 7.258014717676813943e-01
-1.249999999999992228e-01 7.338209193271721942e-01
-1.199999999999992184e-01 7.416677513697321755e-01
-1.149999999999992140e-01 7.493391078037346942e-01
-1.099999999999992095e-01 7.568306963962639911e-01
-1.049999999999992051e-01 7.641501467746819598e-01
-9.999999999999920064e-02 7.712912600559319598e-01
-9.499999999999919620e-02 7.782559435886468036e-01
-8.999999999999919176e-02 7.850484889072503192e-01
-8.499999999999918732e-02 7.916598358729060037e-01
-7.999999999999918288e-02 7.980966609043206317e-01
-7.499999999999917843e-02 8.043608704188044412e-01
-6.999999999999917399e-02 8.104414976273800475e-01
-6.499999999999916955e-02 8.163514178318108661e-01
-5.999999999999916511e-02 8.220891991236384255e-01
-5.499999999999916067e-02 8.276462591325070006e-01
-4.999999999999915623e-02 8.330264130213435037e-01
-4.499999999999915179e-02 8.382315674402888162e-01
-3.999999999999914735e-02 8.432607691806878192e-01
-3.499999999999914291e-02 8.481164017298395974e-01
-2.999999999999913847e-02 8.527936971818234069e-01
-2.499999999999913403e-02 8.572974243738825662e-01
-1.999999999999912959e-02 8.616209068873103005e-01
-1.499999999999912514e-02 8.657741590009208066e-01
-9.999999999999120703e-03 8.697466886674191100e-01
-4.999999999999116262e-03 8.735408821680720193e-01
8.881784197001252323e-16 8.771672287562067849e-01
5.000000000000781597e-03 8.806133308985407693e-01
1.000000000000089706e-02 8.838849108738030536e-01
1.500000000000101252e-02 8.869762464032645566e-01
2.000000000000090594e-02 8.898921053928460223e-01
2.500000000000079936e-02 8.926367800754632098e-01
3.000000000000091482e-02 8.952026408237542254e-01
3.500000000000103029e-02 8.975954101492787940e-01
4.000000000000092371e-02 8.998107951206292254e-01
4.500000000000081712e-02 9.018507042505915505e-01
5.000000000000093259e-02 9.037094157260979754e-01
5.500000000000104805e-02 9.053974194989676816e-01
6.000000000000094147e-02 9.069085164533133847e-01
6.500000000000083489e-02 9.082460444492425067e-01
7.000000000000095035e-02 9.093985600934501035e-01
7.500000000000106581e-02 9.103832288251395566e-01
8.000000000000095923e-02 9.111905141339774472e-01
8.500000000000085265e-02 9.118189852756585223e-01
9.000000000000096811e-02 9.122767489475335223e-01
9.500000000000108358e-02 9.125523605921442849e-01
1.000000000000009770e-01 9.126582189069266660e-01
1.050000000000008704e-01 9.125838318445856912e-01
1.100000000000009859e-01 9.123368308951284034e-01
1.150000000000011013e-01 9.119143529401297910e-01
1.200000000000009948e-01 9.113111539350028378e-01
1.250000000000008882e-01 9.105372474600698096e-01
1.300000000000010036e-01 9.095830963065053565e-01
1.350000000000011191e-01 9.084539459158803565e-01
1.400000000000010125e-01 9.071469350324149472e-01
1.450000000000009059e-01 9.056725547720815284e-01
1.500000000000010214e-01 9.040126848572070939e-01
1.550000000000011369e-01 9.021806769610519749e-01
1.600000000000010303e-01 9.001693775949205500e-01
1.650000000000009237e-01 8.979864166190053565e-01
1.700000000000010392e-01 8.956298876159961564e-01
1.750000000000011546e-01 8.930912065857227189e-01
1.800000000000010481e-01 8.903789570626939875e-01
1.850000000000009415e-01 8.874940922555650813e-01
1.900000000000010569e-01 8.844256456081892592e-01
1.950000000000011724e-01 8.811883981411482436e-01
2.000000000000010658e-01 8.777675681353683812e-01
2.050000000000009592e-01 8.741827063799972874e-01
2.100000000000010747e-01 8.704104478542830092e-01
2.150000000000011902e-01 8.664693887417341811e-01
2.200000000000010836e-01 8.623499927648480279e-01
2.250000000000009770e-01 8.580536899694378716e-01
2.300000000000010925e-01 8.535871560757185561e-01
2.350000000000012079e-01 8.489389474575544936e-01
2.400000000000011013e-01 8.441176474166239840e-01
2.450000000000009948e-01 8.391146724184180838e-01
2.500000000000011102e-01 8.339419424605692965e-01
2.550000000000012257e-01 8.285918295455302340e-01
2.600000000000011191e-01 8.230643334404702527e-01
2.650000000000010125e-01 8.173637449813212497e-01
2.700000000000011280e-01 8.114852971934850556e-01
2.750000000000012434e-01 8.054299416558022839e-01
2.800000000000011369e-01 7.991995875795508963e-01
2.850000000000010303e-01 7.927970952891881806e-01
2.900000000000011458e-01 7.862167422731544120e-01
2.950000000000012612e-01 7.794566221141393525e-01
3.000000000000011546e-01 7.725205485780860526e-01
3.050000000000010481e-01 7.654118606892551524e-01
3.100000000000011635e-01 7.581296038420076711e-01
3.150000000000012790e-01 7.506690089662696463e-01
3.200000000000011724e-01 7.430315084361608369e-01
3.250000000000010658e-01 7.352218696919406993e-01
3.300000000000011813e-01 7.272300786876256806e-01
3.350000000000012967e-01 7.190685338878209931e-01
3.400000000000011902e-01 7.107276990150238616e-01
3.450000000000010836e-01 7.022147247639621837e-01
3.500000000000011990e-01 6.935229372770662648e-01
3.550000000000013145e-01 6.846542427388156993e-01
3.600000000000012079e-01 6.756100728248383147e-01
3.650000000000011013e-01 6.663904266038115365e-01
3.700000000000012168e-01 6.569953040757353646e-01
3.750000000000013323e-01 6.474261355192537648e-01
3.800000000000012257e-01 6.376786307969267709e-01
3.850000000000011191e-01 6.277575568833525521e-01
3.900000000000012346e-01 6.176605298255707366e-01
3.950000000000013500e-01 6.073842122291351897e-01
4.000000000000012434e-01 5.969348029771025521e-01
4.050000000000011369e-01 5.863084869065459115e-01
4.100000000000012523e-01 5.755071718317593676e-01
4.150000000000013678e-01 5.645308568214203460e-01
4.200000000000012612e-01 5.533804969468291146e-01
4.250000000000011546e-01 5.420494157892788989e-01
4.300000000000012701e-01 5.305452425104703051e-01
4.350000000000013856e-01 5.188627321344937426e-01
4.400000000000012790e-01 5.070114211716826302e-01
4.450000000000011724e-01 4.949808196702177865e-01
4.500000000000012879e-01 4.827718810715849740e-01
4.550000000000014033e-01 4.703917577003265960e-01
4.600000000000012967e-01 4.578309135117705209e-01
4.650000000000011902e-01 4.450979311091031176e-01
4.700000000000013056e-01 4.321837498878265960e-01
4.750000000000014211e-01 4.190993382667328460e-01
4.800000000000013145e-01 4.058384975955958707e-01
4.850000000000012079e-01 3.924021796860869271e-01
4.900000000000013234e-01 3.787884788193877084e-01
4.950000000000014388e-01 3.650002562512780768e-01
5.000000000000013323e-01 3.510327415147002084e-01
5.050000000000012257e-01 3.368983347040738208e-01
5.100000000000013411e-01 3.225789148432339770e-01
5.150000000000014566e-01 3.080878338382716519e-01
5.200000000000013500e-01 2.934260448978419644e-01
5.250000000000012434e-01 2.785792426743681771e-01
5.300000000000013589e-01 2.635622105167384488e-01
5.350000000000014744e-01 2.483625492618556363e-01
5.400000000000013678e-01 2.329959950016017300e-01
5.450000000000012612e-01 2.174506268070216519e-01
5.500000000000013767e-01 2.017269217481042487e-01
5.550000000000014921e-01 1.858329853580470425e-01
5.600000000000013856e-01 1.697621433136190516e-01
5.650000000000012790e-01 1.535115329620565516e-01
5.700000000000013944e-01 1.370902146750266892e-01
5.750000000000015099e-01 1.204891290121848785e-01
5.800000000000014033e-01 1.037159060665543281e-01
5.850000000000012967e-01 8.676052992950632203e-02
5.900000000000014122e-01 6.963730781126274694e-02
5.950000000000015277e-01 5.233765594448402253e-02
6.000000000000014211e-01 3.485966698053732243e-02
6.050000000000013145e-01 1.720572487238302556e-02
6.100000000000014300e-01 -6.236930771593780960e-04
6.150000000000015454e-01 -1.862381826367721233e-02
6.200000000000014388e-01 -3.680514203597352180e-02
6.250000000000013323e-01 -5.516051113818332824e-02
6.300000000000014477e-01 -7.368992557030663859e-02
6.350000000000015632e-01 -9.239577044945702922e-02
6.400000000000014566e-01 -1.112799521929447449e-01
6.450000000000013500e-01 -1.303353168464128631e-01
6.500000000000014655e-01 -1.495694970640216725e-01
6.550000000000015810e-01 -1.689791531230185884e-01
6.600000000000014744e-01 -1.885647616277311700e-01
6.650000000000013678e-01 -2.083215556035612481e-01
6.700000000000014833e-01 -2.282600238381747859e-01
6.750000000000015987e-01 -2.483734901456956523e-01
6.800000000000014921e-01 -2.686533744840745586e-01
6.850000000000013856e-01 -2.891173170341972964e-01
6.900000000000015010e-01 -3.097510131469790595e-01
6.950000000000016165e-01 -3.305659076127086538e-01
7.000000000000015099e-01 -3.515500799680922883e-01
7.050000000000014033e-01 -3.727168790924225705e-01
7.100000000000015188e-01 -3.940543870835427898e-01
7.150000000000016342e-01 -4.155678472875480312e-01
7.200000000000015277e-01 -4.372596452872131723e-01
7.250000000000014211e-01 -4.591250117796336072e-01
7.300000000000015365e-01 -4.811639462991480487e-01
7.350000000000016520e-01 -5.033797860073719876e-01
7.400000000000015454e-01 -5.257706275137935537e-01
7.450000000000014388e-01 -5.483378969061051267e-01
7.500000000000015543e-01 -5.710796903281335490e-01
7.550000000000016698e-01 -5.939983882403795379e-01
7.600000000000015632e-01 -6.170930402281556981e-01
7.650000000000014566e-01 -6.403622134516809838e-01
7.700000000000015721e-01 -6.638006645648603099e-01
7.750000000000016875e-01 -6.874226970526252645e-01
7.800000000000015810e-01 -7.112187765001182216e-01
7.850000000000014744e-01 -7.351879452749018329e-01
7.900000000000015898e-01 -7.593330695221994775e-01
7.950000000000017053e-01 -7.836522360726122516e-01
8.000000000000015987e-01 -8.081511709301595348e-01
8.050000000000014921e-01 -8.328198621443335670e-01
8.100000000000016076e-01 -8.576711791961316722e-01
8.150000000000017231e-01 -8.826898649263058561e-01
8.200000000000016165e-01 -9.078864125463043111e-01
8.250000000000015099e-01 -9.332574821005438226e-01
8.300000000000016254e-01 -9.588092727049116748e-01
8.350000000000017408e-01 -9.845317703134243148e-01
8.400000000000016342e-01 -1.010430696971980291e+00
8.450000000000015277e-01 -1.036503669426110941e+00
8.500000000000016431e-01 -1.062754026234415727e+00
8.550000000000017586e-01 -1.089179381348458486e+00
8.600000000000016520e-01 -1.115777825556961256e+00
8.650000000000015454e-01 -1.142550794959334093e+00
8.700000000000016609e-01 -1.169502576200557309e+00
8.750000000000017764e-01 -1.196626972493050056e+00
8.800000000000016698e-01 -1.223926845092592197e+00
8.850000000000015632e-01 -1.251402192602199870e+00
8.900000000000016787e-01 -1.279054446231839615e+00
8.950000000000017941e-01 -1.306882651375872451e+00
9.000000000000016875e-01 -1.334880611945209461e+00
9.050000000000015810e-01 -1.363058816727516609e+00
9.100000000000016964e-01 -1.391406296838340717e+00
9.150000000000018119e-01 -1.419934973672298151e+00
9.200000000000017053e-01 -1.448638175467295008e+00
9.250000000000015987e-01 -1.477513511518282252e+00
9.300000000000017142e-01 -1.506566232621935564e+00
9.350000000000018296e-01 -1.535794427704331833e+00
9.400000000000017231e-01 -1.565196191745144683e+00
9.450000000000016165e-01 -1.594776770651606279e+00
9.500000000000017319e-01 -1.624526623955262261e+00
9.550000000000018474e-01 -1.654456721006227093e+00
9.600000000000017408e-01 -1.684558004226801353e+00
9.650000000000016342e-01 -1.714834758166489559e+00
9.700000000000017497e-01 -1.745289375625816541e+00
9.750000000000018652e-01 -1.775914222320807534e+00
9.800000000000017586e-01 -1.806720741644767481e+00
9.850000000000016520e-01 -1.837697018256676751e+00
9.900000000000017675e-01 -1.868849719029185730e+00
9.950000000000018829e-01 -1.900179327085879999e+00
1.000000000000001776e+00 -1.931682506662127929e+00
