-1.000000000000000000e+00 3.347243785858154297e+00
-9.949999999999999956e-01 3.308646678924560547e+00
-9.899999999999999911e-01 3.270218849182128906e+00
-9.849999999999999867e-01 3.231967926025390625e+00
-9.799999999999999822e-01 3.193899631500244141e+00
-9.749999999999999778e-01 3.155996322631835938e+00
-9.699999999999999734e-01 3.118273258209228516e+00
-9.649999999999999689e-01 3.080726623535156250e+00
-9.599999999999999645e-01 3.043354511260986328e+00
-9.549999999999999600e-01 3.006155967712402344e+00
-9.499999999999999556e-01 2.969134330749511719e+00
-9.449999999999999512e-01 2.932285785675048828e+00
-9.399999999999999467e-01 2.895616531372070312e+00
-9.349999999999999423e-01 2.859119415283203125e+00
-9.299999999999999378e-01 2.822799682617187500e+00
-9.249999999999999334e-01 2.786657810211181641e+00
-9.199999999999999289e-01 2.750687122344970703e+00
-9.149999999999999245e-01 2.714890003204345703e+00
-9.099999999999999201e-01 2.679273605346679688e+00
-9.049999999999999156e-01 2.643830776214599609e+00
-8.999999999999999112e-01 2.608564853668212891e+00
-8.949999999999999067e-01 2.573468685150146484e+00
-8.899999999999999023e-01 2.538553714752197266e+00
-8.849999999999998979e-01 2.503809928894042969e+00
-8.799999999999998934e-01 2.469246864318847656e+00
-8.749999999999998890e-01 2.434853076934814453e+00
-8.699999999999998845e-01 2.400636672973632812e+00
-8.649999999999998801e-01 2.366598129272460938e+00
-8.599999999999998757e-01 2.332734107971191406e+00
-8.549999999999998712e-01 2.299046039581298828e+00
-8.499999999999998668e-01 2.265531063079833984e+00
-8.449999999999998623e-01 2.232193946838378906e+00
-8.399999999999998579e-01 2.199033737182617188e+00
-8.349999999999998535e-01 2.166044712066650391e+00
-8.299999999999998490e-01 2.133233070373535156e+00
-8.249999999999998446e-01 2.100597381591796875e+00
-8.199999999999998401e-01 2.068137645721435547e+00
-8.149999999999998357e-01 2.035854339599609375e+00
-8.099999999999998312e-01 2.003747940063476562e+00
-8.049999999999998268e-01 1.971809387207031250e+00
-7.999999999999998224e-01 1.940054893493652344e+00
-7.949999999999998179e-01 1.908473491668701172e+00
-7.899999999999998135e-01 1.877059936523437500e+00
-7.849999999999998090e-01 1.845833301544189453e+00
-7.799999999999998046e-01 1.814775466918945312e+00
-7.749999999999998002e-01 1.783897399902343750e+00
-7.699999999999997957e-01 1.753192424774169922e+00
-7.649999999999997913e-01 1.722664356231689453e+00
-7.599999999999997868e-01 1.692313671112060547e+00
-7.549999999999997824e-01 1.662130355834960938e+00
-7.499999999999997780e-01 1.632128715515136719e+00
-7.449999999999997735e-01 1.602304935455322266e+00
-7.399999999999997691e-01 1.572651386260986328e+00
-7.349999999999997646e-01 1.543178081512451172e+00
-7.299999999999997602e-01 1.513877868652343750e+00
-7.249999999999997558e-01 1.484752178192138672e+00
-7.199999999999997513e-01 1.455803394317626953e+00
-7.149999999999997469e-01 1.427033901214599609e+00
-7.099999999999997424e-01 1.398430824279785156e+00
-7.049999999999997380e-01 1.370014667510986328e+00
-6.999999999999997335e-01 1.341768741607666016e+00
-6.949999999999997291e-01 1.313698768615722656e+00
-6.899999999999997247e-01 1.285803794860839844e+00
-6.849999999999997202e-01 1.258087158203125000e+00
-6.799999999999997158e-01 1.230542659759521484e+00
-6.749999999999997113e-01 1.203174114227294922e+00
-6.699999999999997069e-01 1.175980091094970703e+00
-6.649999999999997025e-01 1.148966789245605469e+00
-6.599999999999996980e-01 1.122127056121826172e+00
-6.549999999999996936e-01 1.095465183258056641e+00
-6.499999999999996891e-01 1.068973064422607422e+00
-6.449999999999996847e-01 1.042660236358642578e+00
-6.399999999999996803e-01 1.016522407531738281e+00
-6.349999999999996758e-01 9.905619621276855469e-01
-6.299999999999996714e-01 9.647774696350097656e-01
-6.249999999999996669e-01 9.391679763793945312e-01
-6.199999999999996625e-01 9.137301445007324219e-01
-6.149999999999996581e-01 8.884744644165039062e-01
-6.099999999999996536e-01 8.633913993835449219e-01
-6.049999999999996492e-01 8.384809494018554688e-01
-5.999999999999996447e-01 8.137521743774414062e-01
-5.949999999999996403e-01 7.891945838928222656e-01
-5.899999999999996358e-01 7.648143768310546875e-01
-5.849999999999996314e-01 7.406096458435058594e-01
-5.799999999999996270e-01 7.165808677673339844e-01
-5.749999999999996225e-01 6.927289962768554688e-01
-5.699999999999996181e-01 6.690502166748046875e-01
-5.649999999999996136e-01 6.455507278442382812e-01
-5.599999999999996092e-01 6.222238540649414062e-01
-5.549999999999996048e-01 5.990753173828125000e-01
-5.499999999999996003e-01 5.761017799377441406e-01
-5.449999999999995959e-01 5.533037185668945312e-01
-5.399999999999995914e-01 5.306797027587890625e-01
-5.349999999999995870e-01 5.082387924194335938e-01
-5.299999999999995826e-01 4.859652519226074219e-01
-5.249999999999995781e-01 4.638710021972656250e-01
-5.199999999999995737e-01 4.419527053833007812e-01
-5.149999999999995692e-01 4.202046394348144531e-01
-5.099999999999995648e-01 3.986430168151855469e-01
-5.049999999999995604e-01 3.772492408752441406e-01
-4.999999999999995559e-01 3.560371398925781250e-01
-4.949999999999995515e-01 3.349933624267578125e-01
-4.899999999999995470e-01 3.141326904296875000e-01
-4.849999999999995426e-01 2.934417724609375000e-01
-4.799999999999995381e-01 2.729277610778808594e-01
-4.749999999999995337e-01 2.525925636291503906e-01
-4.699999999999995293e-01 2.324318885803222656e-01
-4.649999999999995248e-01 2.124490737915039062e-01
-4.599999999999995204e-01 1.926388740539550781e-01
-4.549999999999995159e-01 1.730060577392578125e-01
-4.499999999999995115e-01 1.535520553588867188e-01
-4.449999999999995071e-01 1.342678070068359375e-01
-4.399999999999995026e-01 1.151642799377441406e-01
-4.349999999999994982e-01 9.623479843139648438e-02
-4.299999999999994937e-01 7.748031616210937500e-02
-4.249999999999994893e-01 5.890226364135742188e-02
-4.199999999999994849e-01 4.049921035766601562e-02
-4.149999999999994804e-01 2.227497100830078125e-02
-4.099999999999994760e-01 4.225254058837890625e-03
-4.049999999999994715e-01 -1.365041732788085938e-02
-3.999999999999994671e-01 -3.134727478027343750e-02
-3.949999999999994627e-01 -4.887056350708007812e-02
-3.899999999999994582e-01 -6.621456146240234375e-02
-3.849999999999994538e-01 -8.338594436645507812e-02
-3.799999999999994493e-01 -1.003808975219726562e-01
-3.749999999999994449e-01 -1.172013282775878906e-01
-3.699999999999994404e-01 -1.338415145874023438e-01
-3.649999999999994360e-01 -1.503119468688964844e-01
-3.599999999999994316e-01 -1.666021347045898438e-01
-3.549999999999994271e-01 -1.827173233032226562e-01
-3.499999999999994227e-01 -1.986541748046875000e-01
-3.449999999999994182e-01 -2.144193649291992188e-01
-3.399999999999994138e-01 -2.300081253051757812e-01
-3.349999999999994094e-01 -2.454180717468261719e-01
-3.299999999999994049e-01 -2.606534957885742188e-01
-3.249999999999994005e-01 -2.757134437561035156e-01
-3.199999999999993960e-01 -2.905979156494140625e-01
-3.149999999999993916e-01 -3.053045272827148438e-01
-3.099999999999993872e-01 -3.198366165161132812e-01
-3.049999999999993827e-01 -3.341946601867675781e-01
-2.999999999999993783e-01 -3.483729362487792969e-01
-2.949999999999993738e-01 -3.623747825622558594e-01
-2.899999999999993694e-01 -3.762035369873046875e-01
-2.849999999999993650e-01 -3.898553848266601562e-01
-2.799999999999993605e-01 -4.033350944519042969e-01
-2.749999999999993561e-01 -4.166359901428222656e-01
-2.699999999999993516e-01 -4.297590255737304688e-01
-2.649999999999993472e-01 -4.427065849304199219e-01
-2.599999999999993427e-01 -4.554786682128906250e-01
-2.549999999999993383e-01 -4.680762290954589844e-01
-2.499999999999993339e-01 -4.804968833923339844e-01
-2.449999999999993294e-01 -4.927396774291992188e-01
-2.399999999999993250e-01 -5.048112869262695312e-01
-2.349999999999993205e-01 -5.167026519775390625e-01
-2.299999999999993161e-01 -5.284209251403808594e-01
-2.249999999999993117e-01 -5.399608612060546875e-01
-2.199999999999993072e-01 -5.513267517089843750e-01
-2.149999999999993028e-01 -5.625123977661132812e-01
-2.099999999999992983e-01 -5.735263824462890625e-01
-2.049999999999992939e-01 -5.843615531921386719e-01
-1.999999999999992895e-01 -5.950222015380859375e-01
-1.949999999999992850e-01 -6.055092811584472656e-01
-1.899999999999992806e-01 -6.158161163330078125e-01
-1.849999999999992761e-01 -6.259484291076660156e-01
-1.799999999999992717e-01 -6.359047889709472656e-01
-1.749999999999992673e-01 -6.456894874572753906e-01
-1.699999999999992628e-01 -6.552929878234863281e-01
-1.649999999999992584e-01 -6.647233963012695312e-01
-1.599999999999992539e-01 -6.739759445190429688e-01
-1.549999999999992495e-01 -6.830544471740722656e-01
-1.499999999999992450e-01 -6.919565200805664062e-01
-1.449999999999992406e-01 -7.006773948669433594e-01
-1.399999999999992362e-01 -7.092289924621582031e-01
-1.349999999999992317e-01 -7.176017761230468750e-01
-1.299999999999992273e-01 -7.258014678955078125e-01
-1.249999999999992228e-01 -7.338209152221679688e-01
-1.199999999999992184e-01 -7.416677474975585938e-01
-1.149999999999992140e-01 -7.493391036987304688e-01
-1.099999999999992095e-01 -7.568306922912597656e-01
-1.049999999999992051e-01 -7.641501426696777344e-01
-9.999999999999920064e-02 -7.712912559509277344e-01
-9.499999999999919620e-02 -7.782559394836425781e-01
-8.999999999999919176e-02 -7.850484848022460938e-01
-8.499999999999918732e-02 -7.916598320007324219e-01
-7.999999999999918288e-02 -7.980966567993164062e-01
-7.499999999999917843e-02 -8.043608665466308594e-01
-6.999999999999917399e-02 -8.104414939880371094e-01
-6.499999999999916955e-02 -8.163514137268066406e-01
-5.999999999999916511e-02 -8.220891952514648438e-01
-5.499999999999916067e-02 -8.276462554931640625e-01
-4.999999999999915623e-02 -8.330264091491699219e-01
-4.499999999999915179e-02 -8.382315635681152344e-01
-3.999999999999914735e-02 -8.432607650756835938e-01
-3.499999999999914291e-02 -8.481163978576660156e-01
-2.999999999999913847e-02 -8.527936935424804688e-01
-2.499999999999913403e-02 -8.572974205017089844e-01
-1.999999999999912959e-02 -8.616209030151367188e-01
-1.499999999999912514e-02 -8.657741546630859375e-01
-9.999999999999120703e-03 -8.697466850280761719e-01
-4.999999999999116262e-03 -8.735408782958984375e-01
8.881784197001252323e-16 -8.771672248840332031e-01
5.000000000000781597e-03 -8.806133270263671875e-01
1.000000000000089706e-02 -8.838849067687988281e-01
1.500000000000101252e-02 -8.869762420654296875e-01
2.000000000000090594e-02 -8.898921012878417969e-01
2.500000000000079936e-02 -8.926367759704589844e-01
3.000000000000091482e-02 -8.952026367187500000e-01
3.500000000000103029e-02 -8.975954055786132812e-01
4.000000000000092371e-02 -8.998107910156250000e-01
4.500000000000081712e-02 -9.018507003784179688e-01
5.000000000000093259e-02 -9.037094116210937500e-01
5.500000000000104805e-02 -9.053974151611328125e-01
6.000000000000094147e-02 -9.069085121154785156e-01
6.500000000000083489e-02 -9.082460403442382812e-01
7.000000000000095035e-02 -9.093985557556152344e-01
7.500000000000106581e-02 -9.103832244873046875e-01
8.000000000000095923e-02 -9.111905097961425781e-01
8.500000000000085265e-02 -9.118189811706542969e-01
9.000000000000096811e-02 -9.122767448425292969e-01
9.500000000000108358e-02 -9.125523567199707031e-01
1.000000000000009770e-01 -9.126582145690917969e-01
1.050000000000008704e-01 -9.125838279724121094e-01
1.100000000000009859e-01 -9.123368263244628906e-01
1.150000000000011013e-01 -9.119143486022949219e-01
1.200000000000009948e-01 -9.113111495971679688e-01
1.250000000000008882e-01 -9.105372428894042969e-01
1.300000000000010036e-01 -9.095830917358398438e-01
1.350000000000011191e-01 -9.084539413452148438e-01
1.400000000000010125e-01 -9.071469306945800781e-01
1.450000000000009059e-01 -9.056725502014160156e-01
1.500000000000010214e-01 -9.040126800537109375e-01
1.550000000000011369e-01 -9.021806716918945312e-01
1.600000000000010303e-01 -9.001693725585937500e-01
1.650000000000009237e-01 -8.979864120483398438e-01
1.700000000000010392e-01 -8.956298828125000000e-01
1.750000000000011546e-01 -8.930912017822265625e-01
1.800000000000010481e-01 -8.903789520263671875e-01
1.850000000000009415e-01 -8.874940872192382812e-01
1.900000000000010569e-01 -8.844256401062011719e-01
1.950000000000011724e-01 -8.811883926391601562e-01
2.000000000000010658e-01 -8.777675628662109375e-01
2.050000000000009592e-01 -8.741827011108398438e-01
2.100000000000010747e-01 -8.704104423522949219e-01
2.150000000000011902e-01 -8.664693832397460938e-01
2.200000000000010836e-01 -8.623499870300292969e-01
2.250000000000009770e-01 -8.580536842346191406e-01
2.300000000000010925e-01 -8.535871505737304688e-01
2.350000000000012079e-01 -8.489389419555664062e-01
2.400000000000011013e-01 -8.441176414489746094e-01
2.450000000000009948e-01 -8.391146659851074219e-01
2.500000000000011102e-01 -8.339419364929199219e-01
2.550000000000012257e-01 -8.285918235778808594e-01
2.600000000000011191e-01 -8.230643272399902344e-01
2.650000000000010125e-01 -8.173637390136718750e-01
2.700000000000011280e-01 -8.114852905273437500e-01
2.750000000000012434e-01 -8.054299354553222656e-01
2.800000000000011369e-01 -7.991995811462402344e-01
2.850000000000010303e-01 -7.927970886230468750e-01
2.900000000000011458e-01 -7.862167358398437500e-01
2.950000000000012612e-01 -7.794566154479980469e-01
3.000000000000011546e-01 -7.725205421447753906e-01
3.050000000000010481e-01 -7.654118537902832031e-01
3.100000000000011635e-01 -7.581295967102050781e-01
3.150000000000012790e-01 -7.506690025329589844e-01
3.200000000000011724e-01 -7.430315017700195312e-01
3.250000000000010658e-01 -7.352218627929687500e-01
3.300000000000011813e-01 -7.272300720214843750e-01
3.350000000000012967e-01 -7.190685272216796875e-01
3.400000000000011902e-01 -7.107276916503906250e-01
3.450000000000010836e-01 -7.022147178649902344e-01
3.500000000000011990e-01 -6.935229301452636719e-01
3.550000000000013145e-01 -6.846542358398437500e-01
3.600000000000012079e-01 -6.756100654602050781e-01
3.650000000000011013e-01 -6.663904190063476562e-01
3.700000000000012168e-01 -6.569952964782714844e-01
3.750000000000013323e-01 -6.474261283874511719e-01
3.800000000000012257e-01 -6.376786231994628906e-01
3.850000000000011191e-01 -6.277575492858886719e-01
3.900000000000012346e-01 -6.176605224609375000e-01
3.950000000000013500e-01 -6.073842048645019531e-01
4.000000000000012434e-01 -5.969347953796386719e-01
4.050000000000011369e-01 -5.863084793090820312e-01
4.100000000000012523e-01 -5.755071640014648438e-01
4.150000000000013678e-01 -5.645308494567871094e-01
4.200000000000012612e-01 -5.533804893493652344e-01
4.250000000000011546e-01 -5.420494079589843750e-01
4.300000000000012701e-01 -5.305452346801757812e-01
4.350000000000013856e-01 -5.188627243041992188e-01
4.400000000000012790e-01 -5.070114135742187500e-01
4.450000000000011724e-01 -4.949808120727539062e-01
4.500000000000012879e-01 -4.827718734741210938e-01
4.550000000000014033e-01 -4.703917503356933594e-01
4.600000000000012967e-01 -4.578309059143066406e-01
4.650000000000011902e-01 -4.450979232788085938e-01
4.700000000000013056e-01 -4.321837425231933594e-01
4.750000000000014211e-01 -4.190993309020996094e-01
4.800000000000013145e-01 -4.058384895324707031e-01
4.850000000000012079e-01 -3.924021720886230469e-01
4.900000000000013234e-01 -3.787884712219238281e-01
4.950000000000014388e-01 -3.650002479553222656e-01
5.000000000000013323e-01 -3.510327339172363281e-01
5.050000000000012257e-01 -3.368983268737792969e-01
5.100000000000013411e-01 -3.225789070129394531e-01
5.150000000000014566e-01 -3.080878257751464844e-01
5.200000000000013500e-01 -2.934260368347167969e-01
5.250000000000012434e-01 -2.785792350769042969e-01
5.300000000000013589e-01 -2.635622024536132812e-01
5.350000000000014744e-01 -2.483625411987304688e-01
5.400000000000013678e-01 -2.329959869384765625e-01
5.450000000000012612e-01 -2.174506187438964844e-01
5.500000000000013767e-01 -2.017269134521484375e-01
5.550000000000014921e-01 -1.858329772949218750e-01
5.600000000000013856e-01 -1.697621345520019531e-01
5.650000000000012790e-01 -1.535115242004394531e-01
5.700000000000013944e-01 -1.370902061462402344e-01
5.750000000000015099e-01 -1.204891204833984375e-01
5.800000000000014033e-01 -1.037158966064453125e-01
5.850000000000012967e-01 -8.676052093505859375e-02
5.900000000000014122e-01 -6.963729858398437500e-02
5.950000000000015277e-01 -5.233764648437500000e-02
6.000000000000014211e-01 -3.485965728759765625e-02
6.050000000000013145e-01 -1.720571517944335938e-02
6.100000000000014300e-01 6.237030029296875000e-04
6.150000000000015454e-01 1.862382888793945312e-02
6.200000000000014388e-01 3.680515289306640625e-02
6.250000000000013323e-01 5.516052246093750000e-02
6.300000000000014477e-01 7.368993759155273438e-02
6.350000000000015632e-01 9.239578247070312500e-02
6.400000000000014566e-01 1.112799644470214844e-01
6.450000000000013500e-01 1.303353309631347656e-01
6.500000000000014655e-01 1.495695114135742188e-01
6.550000000000015810e-01 1.689791679382324219e-01
6.600000000000014744e-01 1.885647773742675781e-01
6.650000000000013678e-01 2.083215713500976562e-01
6.700000000000014833e-01 2.282600402832031250e-01
6.750000000000015987e-01 2.483735084533691406e-01
6.800000000000014921e-01 2.686533927917480469e-01
6.850000000000013856e-01 2.891173362731933594e-01
6.900000000000015010e-01 3.097510337829589844e-01
6.950000000000016165e-01 3.305659294128417969e-01
7.000000000000015099e-01 3.515501022338867188e-01
7.050000000000014033e-01 3.727169036865234375e-01
7.100000000000015188e-01 3.940544128417968750e-01
7.150000000000016342e-01 4.155678749084472656e-01
7.200000000000015277e-01 4.372596740722656250e-01
7.250000000000014211e-01 4.591250419616699219e-01
7.300000000000015365e-01 4.811639785766601562e-01
7.350000000000016520e-01 5.033798217773437500e-01
7.400000000000015454e-01 5.257706642150878906e-01
7.450000000000014388e-01 5.483379364013671875e-01
7.500000000000015543e-01 5.710797309875488281e-01
7.550000000000016698e-01 5.939984321594238281e-01
7.600000000000015632e-01 6.170930862426757812e-01
7.650000000000014566e-01 6.403622627258300781e-01
7.700000000000015721e-01 6.638007164001464844e-01
7.750000000000016875e-01 6.874227523803710938e-01
7.800000000000015810e-01 7.112188339233398438e-01
7.850000000000014744e-01 7.351880073547363281e-01
7.900000000000015898e-01 7.593331336975097656e-01
7.950000000000017053e-01 7.836523056030273438e-01
8.000000000000015987e-01 8.081512451171875000e-01
8.050000000000014921e-01 8.328199386596679688e-01
8.100000000000016076e-01 8.576712608337402344e-01
8.150000000000017231e-01 8.826899528503417969e-01
8.200000000000016165e-01 9.078865051269531250e-01
8.250000000000015099e-01 9.332575798034667969e-01
8.300000000000016254e-01 9.588093757629394531e-01
8.350000000000017408e-01 9.845318794250488281e-01
8.400000000000016342e-01 1.010430812835693359e+00
8.450000000000015277e-01 1.036503791809082031e+00
8.500000000000016431e-01 1.062754154205322266e+00
8.550000000000017586e-01 1.089179515838623047e+00
8.600000000000016520e-01 1.115777969360351562e+00
8.650000000000015454e-01 1.142550945281982422e+00
8.700000000000016609e-01 1.169502735137939453e+00
8.750000000000017764e-01 1.196627140045166016e+00
8.800000000000016698e-01 1.223927021026611328e+00
8.850000000000015632e-01 1.251402378082275391e+00
8.900000000000016787e-01 1.279054641723632812e+00
8.950000000000017941e-01 1.306882858276367188e+00
9.000000000000016875e-01 1.334880828857421875e+00
9.050000000000015810e-01 1.363059043884277344e+00
9.100000000000016964e-01 1.391406536102294922e+00
9.150000000000018119e-01 1.419935226440429688e+00
9.200000000000017053e-01 1.448638439178466797e+00
9.250000000000015987e-01 1.477513790130615234e+00
9.300000000000017142e-01 1.506566524505615234e+00
9.350000000000018296e-01 1.535794734954833984e+00
9.400000000000017231e-01 1.565196514129638672e+00
9.450000000000016165e-01 1.594777107238769531e+00
9.500000000000017319e-01 1.624526977539062500e+00
9.550000000000018474e-01 1.654457092285156250e+00
9.600000000000017408e-01 1.684558391571044922e+00
9.650000000000016342e-01 1.714835166931152344e+00
9.700000000000017497e-01 1.745289802551269531e+00
9.750000000000018652e-01 1.775914669036865234e+00
9.800000000000017586e-01 1.806721210479736328e+00
9.850000000000016520e-01 1.837697505950927734e+00
9.900000000000017675e-01 1.868850231170654297e+00
9.950000000000018829e-01 1.900179862976074219e+00
1.000000000000001776e+00 1.931683063507080078e+00
