-1.854306611232070523e-01 -5.405723470141731157e-01
-4.757631349508941732e-01 3.513006937153407283e-01
-2.422917253081995348e-01 -4.131998045411899856e-01
-7.181089332653274315e-01 1.555707042690439135e+00
-8.049678619715269212e-01 2.089256196654875719e+00
2.758655796656703796e-01 -7.222866522263077238e-01
6.321928908717215911e-01 1.753708457124011355e-01
1.003855088183061017e-01 -8.318589848324384750e-01
1.009062333772252629e-01 -8.318584374344641930e-01
1.008644245925360838e-01 -8.318585527244818367e-01
