-1.000000000000000000e+00 3.483162653690234034e+00
-9.949999999999999956e-01 3.444042020148289751e+00
-9.899999999999999911e-01 3.405099531835910742e+00
-9.849999999999999867e-01 3.366335188753093455e+00
-9.799999999999999822e-01 3.327748990899841885e+00
-9.749999999999999778e-01 3.289340938276152482e+00
-9.699999999999999734e-01 3.251111030882026576e+00
-9.649999999999999689e-01 3.213059268717465500e+00
-9.599999999999999645e-01 3.175185651782467922e+00
-9.549999999999999600e-01 3.137490180077032509e+00
-9.499999999999999556e-01 3.099972853601162814e+00
-9.449999999999999512e-01 3.062633672354855285e+00
-9.399999999999999467e-01 3.025472636338111698e+00
-9.349999999999999423e-01 2.988489745550932497e+00
-9.299999999999999378e-01 2.951684999993315905e+00
-9.249999999999999334e-01 2.915058399665264588e+00
-9.199999999999999289e-01 2.878609944566774548e+00
-9.149999999999999245e-01 2.842339634697849338e+00
-9.099999999999999201e-01 2.806247470058488958e+00
-9.049999999999999156e-01 2.770333450648690743e+00
-8.999999999999999112e-01 2.734597576468457802e+00
-8.949999999999999067e-01 2.699039847517786583e+00
-8.899999999999999023e-01 2.663660263796680194e+00
-8.849999999999998979e-01 2.628458825305137747e+00
-8.799999999999998934e-01 2.593435532043157021e+00
-8.749999999999998890e-01 2.558590384010741126e+00
-8.699999999999998845e-01 2.523923381207890504e+00
-8.649999999999998801e-01 2.489434523634601160e+00
-8.599999999999998757e-01 2.455123811290876645e+00
-8.549999999999998712e-01 2.420991244176715185e+00
-8.499999999999998668e-01 2.387036822292117666e+00
-8.449999999999998623e-01 2.353260545637084533e+00
-8.399999999999998579e-01 2.319662414211614898e+00
-8.349999999999998535e-01 2.286242428015707873e+00
-8.299999999999998490e-01 2.253000587049365677e+00
-8.249999999999998446e-01 2.219936891312586091e+00
-8.199999999999998401e-01 2.187051340805371780e+00
-8.149999999999998357e-01 2.154343935527719633e+00
-8.099999999999998312e-01 2.121814675479630985e+00
-8.049999999999998268e-01 2.089463560661107167e+00
-7.999999999999998224e-01 2.057290591072146402e+00
-7.949999999999998179e-01 2.025295766712749579e+00
-7.899999999999998135e-01 1.993479087582917142e+00
-7.849999999999998090e-01 1.961840553682647093e+00
-7.799999999999998046e-01 1.930380165011940319e+00
-7.749999999999998002e-01 1.899097921570797931e+00
-7.699999999999997957e-01 1.867993823359218819e+00
-7.649999999999997913e-01 1.837067870377204315e+00
-7.599999999999997868e-01 1.806320062624753753e+00
-7.549999999999997824e-01 1.775750400101865134e+00
-7.499999999999997780e-01 1.745358882808541123e+00
-7.449999999999997735e-01 1.715145510744780166e+00
-7.399999999999997691e-01 1.685110283910584039e+00
-7.349999999999997646e-01 1.655253202305951632e+00
-7.299999999999997602e-01 1.625574265930882056e+00
-7.249999999999997558e-01 1.596073474785375979e+00
-7.199999999999997513e-01 1.566750828869433620e+00
-7.149999999999997469e-01 1.537606328183055426e+00
-7.099999999999997424e-01 1.508639972726241618e+00
-7.049999999999997380e-01 1.479851762498989975e+00
-6.999999999999997335e-01 1.451241697501302053e+00
-6.949999999999997291e-01 1.422809777733178516e+00
-6.899999999999997247e-01 1.394556003194618032e+00
-6.849999999999997202e-01 1.366480373885621935e+00
-6.799999999999997158e-01 1.338582889806189113e+00
-6.749999999999997113e-01 1.310863550956320456e+00
-6.699999999999997069e-01 1.283322357336015074e+00
-6.649999999999997025e-01 1.255959308945273190e+00
-6.599999999999996980e-01 1.228774405784094803e+00
-6.549999999999996936e-01 1.201767647852480803e+00
-6.499999999999996891e-01 1.174939035150429634e+00
-6.449999999999996847e-01 1.148288567677942629e+00
-6.399999999999996803e-01 1.121816245435019566e+00
-6.349999999999996758e-01 1.095522068421659778e+00
-6.299999999999996714e-01 1.069406036637863933e+00
-6.249999999999996669e-01 1.043468150083630919e+00
-6.199999999999996625e-01 1.017708408758962291e+00
-6.149999999999996581e-01 9.921268126638574936e-01
-6.099999999999996536e-01 9.667233617983156391e-01
-6.049999999999996492e-01 9.414980561623379485e-01
-5.999999999999996447e-01 9.164508957559240887e-01
-5.949999999999996403e-01 8.915818805790737267e-01
-5.899999999999996358e-01 8.668910106317870845e-01
-5.849999999999996314e-01 8.423782859140638291e-01
-5.799999999999996270e-01 8.180437064259044044e-01
-5.749999999999996225e-01 7.938872721673088106e-01
-5.699999999999996181e-01 7.699089831382764926e-01
-5.649999999999996136e-01 7.461088393388081164e-01
-5.599999999999996092e-01 7.224868407689033489e-01
-5.549999999999996048e-01 6.990429874285625234e-01
-5.499999999999996003e-01 6.757772793177851955e-01
-5.449999999999995959e-01 6.526897164365711435e-01
-5.399999999999995914e-01 6.297802987849211442e-01
-5.349999999999995870e-01 6.070490263628347538e-01
-5.299999999999995826e-01 5.844958991703117501e-01
-5.249999999999995781e-01 5.621209172073526883e-01
-5.199999999999995737e-01 5.399240804739574573e-01
-5.149999999999995692e-01 5.179053889701256130e-01
-5.099999999999995648e-01 4.960648426958576551e-01
-5.049999999999995604e-01 4.744024416511528619e-01
-4.999999999999995559e-01 4.529181858360123436e-01
-4.949999999999995515e-01 4.316120752504353786e-01
-4.899999999999995470e-01 4.104841098944216338e-01
-4.849999999999995426e-01 3.895342897679718863e-01
-4.799999999999995381e-01 3.687626148710859142e-01
-4.749999999999995337e-01 3.481690852037636619e-01
-4.699999999999995293e-01 3.277537007660049628e-01
-4.649999999999995248e-01 3.075164615578094840e-01
-4.599999999999995204e-01 2.874573675791781135e-01
-4.549999999999995159e-01 2.675764188301105184e-01
-4.499999999999995115e-01 2.478736153106060880e-01
-4.449999999999995071e-01 2.283489570206657659e-01
-4.399999999999995026e-01 2.090024439602890804e-01
-4.349999999999994982e-01 1.898340761294760037e-01
-4.299999999999994937e-01 1.708438535282267023e-01
-4.249999999999994893e-01 1.520317761565406489e-01
-4.199999999999994849e-01 1.333978440144186206e-01
-4.149999999999994804e-01 1.149420571018603260e-01
-4.099999999999994760e-01 9.666441541886527933e-02
-4.049999999999994715e-01 7.856491896543425779e-02
-3.999999999999994671e-01 6.064356774156685892e-02
-3.949999999999994627e-01 4.290036174726322149e-02
-3.899999999999994582e-01 2.533530098252308529e-02
-3.849999999999994538e-01 7.948385447346452068e-03
-3.799999999999994493e-01 -9.260384858266298286e-03
-3.749999999999994449e-01 -2.629100993431529240e-02
-3.699999999999994404e-01 -4.314348978080103508e-02
-3.649999999999994360e-01 -5.981782439772263815e-02
-3.599999999999994316e-01 -7.631401378508073652e-02
-3.549999999999994271e-01 -9.263205794287508732e-02
-3.499999999999994227e-01 -1.087719568711058016e-01
-3.449999999999994182e-01 -1.247337105697731430e-01
-3.399999999999994138e-01 -1.405173190388765980e-01
-3.349999999999994094e-01 -1.561227822784163055e-01
-3.299999999999994049e-01 -1.715501002883926263e-01
-3.249999999999994005e-01 -1.867992730688050607e-01
-3.199999999999993960e-01 -2.018703006196537475e-01
-3.149999999999993916e-01 -2.167631829409387978e-01
-3.099999999999993872e-01 -2.314779200326602115e-01
-3.049999999999993827e-01 -2.460145118948181275e-01
-2.999999999999993783e-01 -2.603729585274123237e-01
-2.949999999999993738e-01 -2.745532599304426613e-01
-2.899999999999993694e-01 -2.885554161039096122e-01
-2.849999999999993650e-01 -3.023794270478126767e-01
-2.799999999999993605e-01 -3.160252927621520769e-01
-2.749999999999993561e-01 -3.294930132469278128e-01
-2.699999999999993516e-01 -3.427825885021398844e-01
-2.649999999999993472e-01 -3.558940185277885138e-01
-2.599999999999993427e-01 -3.688273033238733123e-01
-2.549999999999993383e-01 -3.815824428903943910e-01
-2.499999999999993339e-01 -3.941594372273520275e-01
-2.449999999999993294e-01 -4.065582863347457776e-01
-2.399999999999993250e-01 -4.187789902125758634e-01
-2.349999999999993205e-01 -4.308215488608422850e-01
-2.299999999999993161e-01 -4.426859622795450422e-01
-2.249999999999993117e-01 -4.543722304686843017e-01
-2.199999999999993072e-01 -4.658803534282597303e-01
-2.149999999999993028e-01 -4.772103311582714946e-01
-2.099999999999992983e-01 -4.883621636587198167e-01
-2.049999999999992939e-01 -4.993358509296042524e-01
-1.999999999999992895e-01 -5.101313929709250239e-01
-1.949999999999992850e-01 -5.207487897826822421e-01
-1.899999999999992806e-01 -5.311880413648755184e-01
-1.849999999999992761e-01 -5.414491477175055190e-01
-1.799999999999992717e-01 -5.515321088405713557e-01
-1.749999999999992673e-01 -5.614369247340740277e-01
-1.699999999999992628e-01 -5.711635953980128688e-01
-1.649999999999992584e-01 -5.807121208323878792e-01
-1.599999999999992539e-01 -5.900825010371993917e-01
-1.549999999999992495e-01 -5.992747360124474065e-01
-1.499999999999992450e-01 -6.082888257581313685e-01
-1.449999999999992406e-01 -6.171247702742520547e-01
-1.399999999999992362e-01 -6.257825695608089100e-01
-1.349999999999992317e-01 -6.342622236178018236e-01
-1.299999999999992273e-01 -6.425637324452314614e-01
-1.249999999999992228e-01 -6.506870960430971573e-01
-1.199999999999992184e-01 -6.586323144113993555e-01
-1.149999999999992140e-01 -6.663993875501379449e-01
-1.099999999999992095e-01 -6.739883154593127035e-01
-1.049999999999992051e-01 -6.813990981389238533e-01
-9.999999999999920064e-02 -6.886317355889712832e-01
-9.499999999999919620e-02 -6.956862278094551044e-01
-8.999999999999919176e-02 -7.025625748003754278e-01
-8.499999999999918732e-02 -7.092607765617316984e-01
-7.999999999999918288e-02 -7.157808330935248042e-01
-7.499999999999917843e-02 -7.221227443957539682e-01
-6.999999999999917399e-02 -7.282865104684193014e-01
-6.499999999999916955e-02 -7.342721313115212478e-01
-5.999999999999916511e-02 -7.400796069250594744e-01
-5.499999999999916067e-02 -7.457089373090338702e-01
-4.999999999999915623e-02 -7.511601224634447682e-01
-4.499999999999915179e-02 -7.564331623882917244e-01
-3.999999999999914735e-02 -7.615280570835754048e-01
-3.499999999999914291e-02 -7.664448065492952544e-01
-2.999999999999913847e-02 -7.711834107854513842e-01
-2.499999999999913403e-02 -7.757438697920439052e-01
-1.999999999999912959e-02 -7.801261835690727064e-01
-1.499999999999912514e-02 -7.843303521165378989e-01
-9.999999999999120703e-03 -7.883563754344393715e-01
-4.999999999999116262e-03 -7.922042535227772353e-01
8.881784197001252323e-16 -7.958739863815513793e-01
5.000000000000781597e-03 -7.993655740107619145e-01
1.000000000000089706e-02 -8.026790164104088410e-01
1.500000000000101252e-02 -8.058143135804920476e-01
2.000000000000090594e-02 -8.087714655210115344e-01
2.500000000000079936e-02 -8.115504722319671904e-01
3.000000000000091482e-02 -8.141513337133595707e-01
3.500000000000103029e-02 -8.165740499651880091e-01
4.000000000000092371e-02 -8.188186209874528387e-01
4.500000000000081712e-02 -8.208850467801539486e-01
5.000000000000093259e-02 -8.227733273432915606e-01
5.500000000000104805e-02 -8.244834626768655639e-01
6.000000000000094147e-02 -8.260154527808755143e-01
6.500000000000083489e-02 -8.273692976553221889e-01
7.000000000000095035e-02 -8.285449973002050328e-01
7.500000000000106581e-02 -8.295425517155241568e-01
8.000000000000095923e-02 -8.303619609012796721e-01
8.500000000000085265e-02 -8.310032248574714675e-01
9.000000000000096811e-02 -8.314663435840997652e-01
9.500000000000108358e-02 -8.317513170811642320e-01
1.000000000000009770e-01 -8.318581453486652011e-01
1.050000000000008704e-01 -8.317868283866022283e-01
1.100000000000009859e-01 -8.315373661949758688e-01
1.150000000000011013e-01 -8.311097587737856784e-01
1.200000000000009948e-01 -8.305040061230318793e-01
1.250000000000008882e-01 -8.297201082427144714e-01
1.300000000000010036e-01 -8.287580651328333436e-01
1.350000000000011191e-01 -8.276178767933883851e-01
1.400000000000010125e-01 -8.262995432243800398e-01
1.450000000000009059e-01 -8.248030644258078636e-01
1.500000000000010214e-01 -8.231284403976720787e-01
1.550000000000011369e-01 -8.212756711399725740e-01
1.600000000000010303e-01 -8.192447566527094605e-01
1.650000000000009237e-01 -8.170356969358827381e-01
1.700000000000010392e-01 -8.146484919894922960e-01
1.750000000000011546e-01 -8.120831418135381341e-01
1.800000000000010481e-01 -8.093396464080202524e-01
1.850000000000009415e-01 -8.064180057729389839e-01
1.900000000000010569e-01 -8.033182199082937736e-01
1.950000000000011724e-01 -8.000402888140848434e-01
2.000000000000010658e-01 -7.965842124903124155e-01
2.050000000000009592e-01 -7.929499909369764898e-01
2.100000000000010747e-01 -7.891376241540765113e-01
2.150000000000011902e-01 -7.851471121416129240e-01
2.200000000000010836e-01 -7.809784548995860609e-01
2.250000000000009770e-01 -7.766316524279951450e-01
2.300000000000010925e-01 -7.721067047268407313e-01
2.350000000000012079e-01 -7.674036117961225978e-01
2.400000000000011013e-01 -7.625223736358408555e-01
2.450000000000009948e-01 -7.574629902459955044e-01
2.500000000000011102e-01 -7.522254616265863225e-01
2.550000000000012257e-01 -7.468097877776135318e-01
2.600000000000011191e-01 -7.412159686990769103e-01
2.650000000000010125e-01 -7.354440043909772351e-01
2.700000000000011280e-01 -7.294938948533130629e-01
2.750000000000012434e-01 -7.233656400860855040e-01
2.800000000000011369e-01 -7.170592400892946694e-01
2.850000000000010303e-01 -7.105746948629398929e-01
2.900000000000011458e-01 -7.039120044070213966e-01
2.950000000000012612e-01 -6.970711687215390695e-01
3.000000000000011546e-01 -6.900521878064936887e-01
3.050000000000010481e-01 -6.828550616618840330e-01
3.100000000000011635e-01 -6.754797902877108795e-01
3.150000000000012790e-01 -6.679263736839740062e-01
3.200000000000011724e-01 -6.601948118506737462e-01
3.250000000000010658e-01 -6.522851047878097663e-01
3.300000000000011813e-01 -6.441972524953818446e-01
3.350000000000012967e-01 -6.359312549733903142e-01
3.400000000000011902e-01 -6.274871122218351749e-01
3.450000000000010836e-01 -6.188648242407168709e-01
3.500000000000011990e-01 -6.100643910300340700e-01
3.550000000000013145e-01 -6.010858125897878823e-01
3.600000000000012079e-01 -5.919290889199781969e-01
3.650000000000011013e-01 -5.825942200206049026e-01
3.700000000000012168e-01 -5.730812058916677776e-01
3.750000000000013323e-01 -5.633900465331664886e-01
3.800000000000012257e-01 -5.535207419451027011e-01
3.850000000000011191e-01 -5.434732921274744166e-01
3.900000000000012346e-01 -5.332476970802825234e-01
3.950000000000013500e-01 -5.228439568035270213e-01
4.000000000000012434e-01 -5.122620712972081325e-01
4.050000000000011369e-01 -5.015020405613256349e-01
4.100000000000012523e-01 -4.905638645958790289e-01
4.150000000000013678e-01 -4.794475434008688142e-01
4.200000000000012612e-01 -4.681530769762948796e-01
4.250000000000011546e-01 -4.566804653221581134e-01
4.300000000000012701e-01 -4.450297084384564616e-01
4.350000000000013856e-01 -4.332008063251915897e-01
4.400000000000012790e-01 -4.211937589823634420e-01
4.450000000000011724e-01 -4.090085664099715745e-01
4.500000000000012879e-01 -3.966452286080157097e-01
4.550000000000014033e-01 -3.841037455764956254e-01
4.600000000000012967e-01 -3.713841173154132647e-01
4.650000000000011902e-01 -3.584863438247664069e-01
4.700000000000013056e-01 -3.454104251045557739e-01
4.750000000000014211e-01 -3.321563611547814765e-01
4.800000000000013145e-01 -3.187241519754440700e-01
4.850000000000012079e-01 -3.051137975665429436e-01
4.900000000000013234e-01 -2.913252979280777089e-01
4.950000000000014388e-01 -2.773586530600487543e-01
5.000000000000013323e-01 -2.632138629624561910e-01
5.050000000000012257e-01 -2.488909276353008793e-01
5.100000000000013411e-01 -2.343898470785805155e-01
5.150000000000014566e-01 -2.197106212922968760e-01
5.200000000000013500e-01 -2.048532502764501273e-01
5.250000000000012434e-01 -1.898177340310397698e-01
5.300000000000013589e-01 -1.746040725560651097e-01
5.350000000000014744e-01 -1.592122658515263411e-01
5.400000000000013678e-01 -1.436423139174254626e-01
5.450000000000012612e-01 -1.278942167537598096e-01
5.500000000000013767e-01 -1.119679743605305061e-01
5.550000000000014921e-01 -9.586358673773759387e-02
5.600000000000013856e-01 -7.958105388538155855e-02
5.650000000000012790e-01 -6.312037580346188670e-02
5.700000000000013944e-01 -4.648155249197794686e-02
5.750000000000015099e-01 -2.966458395093025946e-02
5.800000000000014033e-01 -1.266947018031893725e-02
5.850000000000012967e-01 4.503788819854747348e-03
5.900000000000014122e-01 2.185519304959395934e-02
5.950000000000015277e-01 3.938474250889630046e-02
6.000000000000014211e-01 5.709243719776163628e-02
6.050000000000013145e-01 7.497827711618997026e-02
6.100000000000014300e-01 9.304226226418459145e-02
6.150000000000015454e-01 1.112843926417415724e-01
6.200000000000014388e-01 1.297046682488609270e-01
6.250000000000013323e-01 1.483030890855451533e-01
6.300000000000014477e-01 1.670796551517931550e-01
6.350000000000015632e-01 1.860343664476047931e-01
6.400000000000014566e-01 2.051672229729787911e-01
6.450000000000013500e-01 2.244782247279176746e-01
6.500000000000014655e-01 2.439673717124203334e-01
6.550000000000015810e-01 2.636346639264867120e-01
6.600000000000014744e-01 2.834801013701166439e-01
6.650000000000013678e-01 3.035036840433089078e-01
6.700000000000014833e-01 3.237054119460662238e-01
6.750000000000015987e-01 3.440852850783872596e-01
6.800000000000014921e-01 3.646433034402718487e-01
6.850000000000013856e-01 3.853794670317201576e-01
6.900000000000015010e-01 4.062937758527321863e-01
6.950000000000016165e-01 4.273862299033077683e-01
7.000000000000015099e-01 4.486568291834455713e-01
7.050000000000014033e-01 4.701055736931486484e-01
7.100000000000015188e-01 4.917324634324152788e-01
7.150000000000016342e-01 5.135374984012456290e-01
7.200000000000015277e-01 5.355206785996396990e-01
7.250000000000014211e-01 5.576820040275958235e-01
7.300000000000015365e-01 5.800214746851171110e-01
7.350000000000016520e-01 6.025390905722020074e-01
7.400000000000015454e-01 6.252348516888506236e-01
7.450000000000014388e-01 6.481087580350615163e-01
7.500000000000015543e-01 6.711608096108373500e-01
7.550000000000016698e-01 6.943910064161787909e-01
7.600000000000015632e-01 7.177993484510803990e-01
7.650000000000014566e-01 7.413858357155458378e-01
7.700000000000015721e-01 7.651504682095782162e-01
7.750000000000016875e-01 7.890932459331726490e-01
7.800000000000015810e-01 8.132141688863288032e-01
7.850000000000014744e-01 8.375132370690504535e-01
7.900000000000015898e-01 8.619904504813359347e-01
7.950000000000017053e-01 8.866458091231848027e-01
8.000000000000015987e-01 9.114793129945957251e-01
8.050000000000014921e-01 9.364909620955726988e-01
8.100000000000016076e-01 9.616807564261127261e-01
8.150000000000017231e-01 9.870486959862163623e-01
8.200000000000016165e-01 1.012594780775883940e+00
8.250000000000015099e-01 1.038319010795113018e+00
8.300000000000016254e-01 1.064221386043907813e+00
8.350000000000017408e-01 1.090301906522266107e+00
8.400000000000016342e-01 1.116560572230188342e+00
8.450000000000015277e-01 1.142997383167673631e+00
8.500000000000016431e-01 1.169612339334723305e+00
8.550000000000017586e-01 1.196405440731336256e+00
8.600000000000016520e-01 1.223376687357510928e+00
8.650000000000015454e-01 1.250526079213251540e+00
8.700000000000016609e-01 1.277853616298555428e+00
8.750000000000017764e-01 1.305359298613423258e+00
8.800000000000016698e-01 1.333043126157854585e+00
8.850000000000015632e-01 1.360905098931847856e+00
8.900000000000016787e-01 1.388945216935406402e+00
8.950000000000017941e-01 1.417163480168528888e+00
9.000000000000016875e-01 1.445559888631214873e+00
9.050000000000015810e-01 1.474134442323462579e+00
9.100000000000016964e-01 1.502887141245275782e+00
9.150000000000018119e-01 1.531817985396655146e+00
9.200000000000017053e-01 1.560926974777594012e+00
9.250000000000015987e-01 1.590214109388096153e+00
9.300000000000017142e-01 1.619679389228166011e+00
9.350000000000018296e-01 1.649322814297798034e+00
9.400000000000017231e-01 1.679144384596991335e+00
9.450000000000016165e-01 1.709144100125750132e+00
9.500000000000017319e-01 1.739321960884073093e+00
9.550000000000018474e-01 1.769677966871959329e+00
9.600000000000017408e-01 1.800212118089407287e+00
9.650000000000016342e-01 1.830924414536420963e+00
9.700000000000017497e-01 1.861814856212998359e+00
9.750000000000018652e-01 1.892883443119139919e+00
9.800000000000017586e-01 1.924130175254844310e+00
9.850000000000016520e-01 1.955555052620110645e+00
9.900000000000017675e-01 1.987158075214942476e+00
9.950000000000018829e-01 2.018939243039338471e+00
1.000000000000001776e+00 2.050898556093297742e+00
