-1.000000000000000000e+00 2.937745162677873001e+00
-9.949999999999999956e-01 2.904070559960944653e+00
-9.899999999999999911e-01 2.870548426361909211e+00
-9.849999999999999867e-01 2.837179953769935370e+00
-9.799999999999999822e-01 2.803963473400488571e+00
-9.749999999999999778e-01 2.770900773101873771e+00
-9.699999999999999734e-01 2.737990184235075564e+00
-9.649999999999999689e-01 2.705233137166049406e+00
-9.599999999999999645e-01 2.672629035848347545e+00
-9.549999999999999600e-01 2.640177164909817353e+00
-9.499999999999999556e-01 2.607878359048316330e+00
-9.449999999999999512e-01 2.575732618001910001e+00
-9.399999999999999467e-01 2.543740061125407070e+00
-9.349999999999999423e-01 2.511900211494337842e+00
-9.299999999999999378e-01 2.480212830631915555e+00
-9.249999999999999334e-01 2.448678991654576809e+00
-9.199999999999999289e-01 2.417298455736288876e+00
-9.149999999999999245e-01 2.386070031191609875e+00
-9.099999999999999201e-01 2.354995148328287602e+00
-9.049999999999999156e-01 2.324073211012562812e+00
-8.999999999999999112e-01 2.293304457721222267e+00
-8.949999999999999067e-01 2.262688173314943985e+00
-8.899999999999999023e-01 2.232225668921290040e+00
-8.849999999999998979e-01 2.201915990953255520e+00
-8.799999999999998934e-01 2.171759497009605244e+00
-8.749999999999998890e-01 2.141755352625312359e+00
-8.699999999999998845e-01 2.111904392178092227e+00
-8.649999999999998801e-01 2.082207450307594687e+00
-8.599999999999998757e-01 2.052663453897383139e+00
-8.549999999999998712e-01 2.023271449476867989e+00
-8.499999999999998668e-01 1.994033582696846052e+00
-8.449999999999998623e-01 1.964948899883000477e+00
-8.399999999999998579e-01 1.936016924227277114e+00
-8.349999999999998535e-01 1.907238013357544615e+00
-8.299999999999998490e-01 1.878612405605070590e+00
-8.249999999999998446e-01 1.850140697132718115e+00
-8.199999999999998401e-01 1.821821218952225818e+00
-8.149999999999998357e-01 1.793655163156489207e+00
-8.099999999999998312e-01 1.765642887344273104e+00
-8.049999999999998268e-01 1.737783437870364933e+00
-7.999999999999998224e-01 1.710077768467288761e+00
-7.949999999999998179e-01 1.682524210030367895e+00
-7.899999999999998135e-01 1.655123954798016994e+00
-7.849999999999998090e-01 1.627877956473656296e+00
-7.799999999999998046e-01 1.600784426772423386e+00
-7.749999999999998002e-01 1.573844915502393915e+00
-7.699999999999997957e-01 1.547057396047437861e+00
-7.649999999999997913e-01 1.520424610279422550e+00
-7.599999999999997868e-01 1.493944412402032240e+00
-7.549999999999997824e-01 1.467617994537266268e+00
-7.499999999999997780e-01 1.441444164563125296e+00
-7.449999999999997735e-01 1.415424352961980103e+00
-7.399999999999997691e-01 1.389557129309667571e+00
-7.349999999999997646e-01 1.363843566402482166e+00
-7.299999999999997602e-01 1.338283664182216226e+00
-7.249999999999997558e-01 1.312877422852596565e+00
-7.199999999999997513e-01 1.287623769413601904e+00
-7.149999999999997469e-01 1.262523419062761887e+00
-7.099999999999997424e-01 1.237576848724546208e+00
-7.049999999999997380e-01 1.212783462352507113e+00
-6.999999999999997335e-01 1.188143259801125451e+00
-6.949999999999997291e-01 1.163657671785602643e+00
-6.899999999999997247e-01 1.139324194794442802e+00
-6.849999999999997202e-01 1.115144736176278739e+00
-6.799999999999997158e-01 1.091118342431417032e+00
-6.749999999999997113e-01 1.067245728466349020e+00
-6.699999999999997069e-01 1.043526656182637735e+00
-6.649999999999997025e-01 1.019960410120819061e+00
-6.599999999999996980e-01 9.965483017285972078e-01
-6.549999999999996936e-01 9.732885428375250836e-01
-6.499999999999996891e-01 9.501830406798201789e-01
-6.449999999999996847e-01 9.272311992963462313e-01
-6.399999999999996803e-01 9.044323035768850882e-01
-6.349999999999996758e-01 8.817875453232939531e-01
-6.299999999999996714e-01 8.592953749603278180e-01
-6.249999999999996669e-01 8.369574614180403938e-01
-6.199999999999996625e-01 8.147728510512191047e-01
-6.149999999999996581e-01 7.927416630400496711e-01
-6.099999999999996536e-01 7.708637780879310508e-01
-6.049999999999996492e-01 7.491400308345130821e-01
-5.999999999999996447e-01 7.275691098902992149e-01
-5.949999999999996403e-01 7.061523264992668469e-01
-5.899999999999996358e-01 6.848886078360176821e-01
-5.849999999999996314e-01 6.637790268132615079e-01
-5.799999999999996270e-01 6.428215568730759610e-01
-5.749999999999996225e-01 6.220185821139405657e-01
-5.699999999999996181e-01 6.013698641463800509e-01
-5.649999999999996136e-01 5.808739724880236377e-01
-5.599999999999996092e-01 5.605312649122591306e-01
-5.549999999999996048e-01 5.403426947732608010e-01
-5.499999999999996003e-01 5.203068317923846831e-01
-5.449999999999995959e-01 5.004253448414768268e-01
-5.399999999999995914e-01 4.806976378740894784e-01
-5.349999999999995870e-01 4.611228763960919519e-01
-5.299999999999995826e-01 4.417023717969807972e-01
-5.249999999999995781e-01 4.224350511058385660e-01
-5.199999999999995737e-01 4.033215103982168426e-01
-5.149999999999995692e-01 3.843610344183783223e-01
-5.099999999999995648e-01 3.655543384511641403e-01
-5.049999999999995604e-01 3.469016608569457372e-01
-4.999999999999995559e-01 3.284022864090896388e-01
-4.949999999999995515e-01 3.100566919447540482e-01
-4.899999999999995470e-01 2.918644005685731013e-01
-4.849999999999995426e-01 2.738261277109070857e-01
-4.799999999999995381e-01 2.559411579413957138e-01
-4.749999999999995337e-01 2.382097297368257482e-01
-4.699999999999995293e-01 2.206323199343553920e-01
-4.649999999999995248e-01 2.032079748596682389e-01
-4.599999999999995204e-01 1.859376481870806952e-01
-4.549999999999995159e-01 1.688211014980136593e-01
-4.499999999999995115e-01 1.518578579844127585e-01
-4.449999999999995071e-01 1.350479175880703320e-01
-4.399999999999995026e-01 1.183922340706142773e-01
-4.349999999999994982e-01 1.018897344320233156e-01
-4.299999999999994937e-01 8.554173003269016640e-02
-4.249999999999994893e-01 6.934619434379629688e-02
-4.199999999999994849e-01 5.330491547558113830e-02
-4.149999999999994804e-01 3.741693978283211486e-02
-4.099999999999994760e-01 2.168310167236841765e-02
-4.049999999999994715e-01 6.102566737370859924e-03
-3.999999999999994671e-01 -9.324545929286335438e-03
-3.949999999999994627e-01 -2.459740171705715808e-02
-3.899999999999994582e-01 -3.971695435846567257e-02
-3.849999999999994538e-01 -5.468272695814602180e-02
-3.799999999999994493e-01 -6.949471966161735459e-02
-3.749999999999994449e-01 -8.415340918962255223e-02
-3.699999999999994404e-01 -9.865808028642431005e-02
-3.649999999999994360e-01 -1.130093290857818733e-01
-3.599999999999994316e-01 -1.272077515177276741e-01
-3.549999999999994271e-01 -1.412509634837821881e-01
-3.499999999999994227e-01 -1.551413490533211093e-01
-3.449999999999994182e-01 -1.688787892207816999e-01
-3.399999999999994138e-01 -1.824614957013015459e-01
-3.349999999999994094e-01 -1.958904220818855624e-01
-3.299999999999994049e-01 -2.091659261941292147e-01
-3.249999999999994005e-01 -2.222881271309067319e-01
-3.199999999999993960e-01 -2.352561904562950890e-01
-3.149999999999993916e-01 -2.480711891121079038e-01
-3.099999999999993872e-01 -2.607324077261925499e-01
-3.049999999999993827e-01 -2.732396079381775866e-01
-2.999999999999993783e-01 -2.855932666143250476e-01
-2.949999999999993738e-01 -2.977932645162415515e-01
-2.899999999999993694e-01 -3.098399592717957507e-01
-2.849999999999993650e-01 -3.217329932531189929e-01
-2.799999999999993605e-01 -3.334722471345064054e-01
-2.749999999999993561e-01 -3.450574828175210218e-01
-2.699999999999993516e-01 -3.564898919585008930e-01
-2.649999999999993472e-01 -3.677675676162668328e-01
-2.599999999999993427e-01 -3.788921785171457390e-01
-2.549999999999993383e-01 -3.898633670332689594e-01
-2.499999999999993339e-01 -4.006807755076640110e-01
-2.449999999999993294e-01 -4.113447616555110375e-01
-2.399999999999993250e-01 -4.218547295176737766e-01
-2.349999999999993205e-01 -4.322109172507968555e-01
-2.299999999999993161e-01 -4.424138018957652907e-01
-2.249999999999993117e-01 -4.524633833652675907e-01
-2.199999999999993072e-01 -4.623589464326702814e-01
-2.149999999999993028e-01 -4.721006103363667439e-01
-2.099999999999992983e-01 -4.816892095122800033e-01
-2.049999999999992939e-01 -4.911236711059079330e-01
-1.999999999999992895e-01 -5.004048294658620666e-01
-1.949999999999992850e-01 -5.095317310633451502e-01
-1.899999999999992806e-01 -5.185062832469899963e-01
-1.849999999999992761e-01 -5.273261016854864369e-01
-1.799999999999992717e-01 -5.359926169194129120e-01
-1.749999999999992673e-01 -5.445058291816000651e-01
-1.699999999999992628e-01 -5.528662150181677948e-01
-1.649999999999992584e-01 -5.610716288074233393e-01
-1.599999999999992539e-01 -5.691237393921089183e-01
-1.549999999999992495e-01 -5.770227853654266159e-01
-1.499999999999992450e-01 -5.847676936400436620e-01
-1.449999999999992406e-01 -5.923591795881126831e-01
-1.399999999999992362e-01 -5.997970048492622386e-01
-1.349999999999992317e-01 -6.070818844463989894e-01
-1.299999999999992273e-01 -6.142119112346169363e-01
-1.249999999999992228e-01 -6.211899462077614675e-01
-1.199999999999992184e-01 -6.280138435695168386e-01
-1.149999999999992140e-01 -6.346838416802544902e-01
-1.099999999999992095e-01 -6.412002982842583965e-01
-1.049999999999992051e-01 -6.475635709802933793e-01
-9.999999999999920064e-02 -6.537733021113869558e-01
-9.499999999999919620e-02 -6.598291340205666433e-01
-8.999999999999919176e-02 -6.657319012601707886e-01
-8.499999999999918732e-02 -6.714804115917847316e-01
-7.999999999999918288e-02 -6.770760956141945730e-01
-7.499999999999917843e-02 -6.825182381880783300e-01
-6.999999999999917399e-02 -6.878063623016548167e-01
-6.499999999999916955e-02 -6.929409447920822362e-01
-5.999999999999916511e-02 -6.979229394500923167e-01
-5.499999999999916067e-02 -7.027511540954780589e-01
-4.999999999999915623e-02 -7.074249928273108612e-01
-4.499999999999915179e-02 -7.119464820288901041e-01
-3.999999999999914735e-02 -7.163138335317686956e-01
-3.499999999999914291e-02 -7.205278819755964737e-01
-2.999999999999913847e-02 -7.245886273603734384e-01
-2.499999999999913403e-02 -7.284954734068211923e-01
-1.999999999999912959e-02 -7.322492547836934040e-01
-1.499999999999912514e-02 -7.358493753863346587e-01
-9.999999999999120703e-03 -7.392961929299251000e-01
-4.999999999999116262e-03 -7.425897072398417453e-01
8.881784197001252323e-16 -7.457299184324999164e-01
5.000000000000781597e-03 -7.487163495834299187e-01
1.000000000000089706e-02 -7.515492392858338366e-01
1.500000000000101252e-02 -7.542288257545639585e-01
2.000000000000090594e-02 -7.567555859722976397e-01
2.500000000000079936e-02 -7.591288045668822537e-01
3.000000000000091482e-02 -7.613482432943616818e-01
3.500000000000103029e-02 -7.634144979392492036e-01
4.000000000000092371e-02 -7.653267342984524380e-01
4.500000000000081712e-02 -7.670867403075878332e-01
5.000000000000093259e-02 -7.686929663623065512e-01
5.500000000000104805e-02 -7.701454123752971004e-01
6.000000000000094147e-02 -7.714447937769197683e-01
6.500000000000083489e-02 -7.725915872297097753e-01
7.000000000000095035e-02 -7.735843621930886815e-01
7.500000000000106581e-02 -7.744238340974167745e-01
8.000000000000095923e-02 -7.751100028553825627e-01
8.500000000000085265e-02 -7.756423915716201822e-01
9.000000000000096811e-02 -7.760224307867080729e-01
9.500000000000108358e-02 -7.762485708089859049e-01
1.000000000000009770e-01 -7.763216461616881947e-01
1.050000000000008704e-01 -7.762414181934051971e-01
1.100000000000009859e-01 -7.760081255846504877e-01
1.150000000000011013e-01 -7.756218874865059565e-01
1.200000000000009948e-01 -7.750815116023492823e-01
1.250000000000008882e-01 -7.743887863334582011e-01
1.300000000000010036e-01 -7.735419234240741293e-01
1.350000000000011191e-01 -7.725429493448079388e-01
1.400000000000010125e-01 -7.713901952820212404e-01
1.450000000000009059e-01 -7.700843764332436781e-01
1.500000000000010214e-01 -7.686246583916560571e-01
1.550000000000011369e-01 -7.670133060755521814e-01
1.600000000000010303e-01 -7.652478161189553152e-01
1.650000000000009237e-01 -7.633291420797665428e-01
1.700000000000010392e-01 -7.612574033710022281e-01
1.750000000000011546e-01 -7.590329574459080408e-01
1.800000000000010481e-01 -7.566549699267686169e-01
1.850000000000009415e-01 -7.541235598773543547e-01
1.900000000000010569e-01 -7.514398003558941941e-01
1.950000000000011724e-01 -7.486029759029240171e-01
2.000000000000010658e-01 -7.456123714955371629e-01
2.050000000000009592e-01 -7.424692982903995375e-01
2.100000000000010747e-01 -7.391729217933804552e-01
2.150000000000011902e-01 -7.357237188707419495e-01
2.200000000000010836e-01 -7.321207357899599533e-01
2.250000000000009770e-01 -7.283656416266073297e-01
2.300000000000010925e-01 -7.244573634388704608e-01
2.350000000000012079e-01 -7.203953049765747796e-01
2.400000000000011013e-01 -7.161812546409980218e-01
2.450000000000009948e-01 -7.118136625076492141e-01
2.500000000000011102e-01 -7.072932438904733221e-01
2.550000000000012257e-01 -7.026199988185741763e-01
2.600000000000011191e-01 -6.977941656814270477e-01
2.650000000000010125e-01 -6.928152675545622419e-01
2.700000000000011280e-01 -6.876827084497396658e-01
2.750000000000012434e-01 -6.823979188202262680e-01
2.800000000000011369e-01 -6.769601834393885742e-01
2.850000000000010303e-01 -6.713692638595436524e-01
2.900000000000011458e-01 -6.656259945748221885e-01
2.950000000000012612e-01 -6.597298987189621489e-01
3.000000000000011546e-01 -6.536804993092861782e-01
3.050000000000010481e-01 -6.474782732993678014e-01
3.100000000000011635e-01 -6.411232208056223403e-01
3.150000000000012790e-01 -6.346160567927487950e-01
3.200000000000011724e-01 -6.279552316563983272e-01
3.250000000000010658e-01 -6.211422951173350970e-01
3.300000000000011813e-01 -6.141764125068054359e-01
3.350000000000012967e-01 -6.070575839703284959e-01
3.400000000000011902e-01 -5.997861672812920819e-01
3.450000000000010836e-01 -5.923619236136634658e-01
3.500000000000011990e-01 -5.847850918225792061e-01
3.550000000000013145e-01 -5.770553137563017021e-01
3.600000000000012079e-01 -5.691729473628417413e-01
3.650000000000011013e-01 -5.611377542818278830e-01
3.700000000000012168e-01 -5.529504491578169922e-01
3.750000000000013323e-01 -5.446105555902083228e-01
3.800000000000012257e-01 -5.361173584687837224e-01
3.850000000000011191e-01 -5.274725264907662581e-01
3.900000000000012346e-01 -5.186745097025611262e-01
3.950000000000013500e-01 -5.097237849995341907e-01
4.000000000000012434e-01 -5.006203522652701299e-01
4.050000000000011369e-01 -4.913646890354190777e-01
4.100000000000012523e-01 -4.819561982448992143e-01
4.150000000000013678e-01 -4.723960726268903176e-01
4.200000000000012612e-01 -4.626821660358306776e-01
4.250000000000011546e-01 -4.528171008432597677e-01
4.300000000000012701e-01 -4.427987318931461136e-01
4.350000000000013856e-01 -4.326282507254124443e-01
4.400000000000012790e-01 -4.223048231951740394e-01
4.450000000000011724e-01 -4.118292833017964671e-01
4.500000000000012879e-01 -4.012017501672577868e-01
4.550000000000014033e-01 -3.904216281816677014e-01
4.600000000000012967e-01 -3.794885591350809495e-01
4.650000000000011902e-01 -3.684033781910163174e-01
4.700000000000013056e-01 -3.571654888373647641e-01
4.750000000000014211e-01 -3.457763213236664246e-01
4.800000000000013145e-01 -3.342337295916710804e-01
4.850000000000012079e-01 -3.225398602526017289e-01
4.900000000000013234e-01 -3.106934011893660585e-01
4.950000000000014388e-01 -2.986943530422483395e-01
5.000000000000013323e-01 -2.865430723913793276e-01
5.050000000000012257e-01 -2.742396787952945392e-01
5.100000000000013411e-01 -2.617844109345075498e-01
5.150000000000014566e-01 -2.491766732864395539e-01
5.200000000000013500e-01 -2.364163449246750037e-01
5.250000000000012434e-01 -2.235044999260769050e-01
5.300000000000013589e-01 -2.104400647667550306e-01
5.350000000000014744e-01 -1.972235156726871441e-01
5.400000000000013678e-01 -1.838548544774145643e-01
5.450000000000012612e-01 -1.703345560972426842e-01
5.500000000000013767e-01 -1.566617864163906138e-01
5.550000000000014921e-01 -1.428373805401694785e-01
5.600000000000013856e-01 -1.288601458518148224e-01
5.650000000000012790e-01 -1.147315117568556975e-01
5.700000000000013944e-01 -1.004504065940470259e-01
5.750000000000015099e-01 -8.601766436275437577e-02
5.800000000000014033e-01 -7.143304693543695016e-02
5.850000000000012967e-01 -5.669655349718749626e-02
5.900000000000014122e-01 -4.180758843811571701e-02
5.950000000000015277e-01 -2.676710479225375208e-02
6.000000000000014211e-01 -1.157450662956916246e-02
6.050000000000013145e-01 3.770085996637415234e-03
6.100000000000014300e-01 1.926572174035600868e-02
6.150000000000015454e-01 3.491406752347603337e-02
6.200000000000014388e-01 5.071405133550643818e-02
6.250000000000013323e-01 6.666531639258965747e-02
6.300000000000014477e-01 8.276917265813454883e-02
6.350000000000015632e-01 9.902466753466643290e-02
6.400000000000014566e-01 1.154315626327100386e-01
6.450000000000013500e-01 1.319898588835879405e-01
6.500000000000014655e-01 1.487003894135507931e-01
6.550000000000015810e-01 1.655625589619542648e-01
6.600000000000014744e-01 1.825761290811154236e-01
6.650000000000013678e-01 1.997414577772527178e-01
6.700000000000014833e-01 2.170586646671093245e-01
6.750000000000015987e-01 2.345273914534284909e-01
6.800000000000014921e-01 2.521472816142871221e-01
6.850000000000013856e-01 2.699190506964608272e-01
6.900000000000015010e-01 2.878431736744626601e-01
6.950000000000016165e-01 3.059175067892450084e-01
7.000000000000015099e-01 3.241438387913315733e-01
7.050000000000014033e-01 3.425220506460557868e-01
7.100000000000015188e-01 3.610514259626309563e-01
7.150000000000016342e-01 3.797314875837567438e-01
7.200000000000015277e-01 3.985636686402524997e-01
7.250000000000014211e-01 4.175474908979761590e-01
7.300000000000015365e-01 4.366827154435835023e-01
7.350000000000016520e-01 4.559688673898729672e-01
7.400000000000015454e-01 4.754064236322104176e-01
7.450000000000014388e-01 4.949952634188032885e-01
7.500000000000015543e-01 5.147359851826134314e-01
7.550000000000016698e-01 5.346276342888980349e-01
7.600000000000015632e-01 5.546702114361490299e-01
7.650000000000014566e-01 5.748643110701034953e-01
7.700000000000015721e-01 5.952096980318113406e-01
7.750000000000016875e-01 6.157062515403761704e-01
7.800000000000015810e-01 6.363531396337005486e-01
7.850000000000014744e-01 6.571527432379464795e-01
7.900000000000015898e-01 6.781020833141322424e-01
7.950000000000017053e-01 6.992036657602678229e-01
8.000000000000015987e-01 7.204555827911629518e-01
8.050000000000014921e-01 7.418589054859860976e-01
8.100000000000016076e-01 7.634128006893827756e-01
8.150000000000017231e-01 7.851182242584566762e-01
8.200000000000016165e-01 8.069738618060167124e-01
8.250000000000015099e-01 8.289815051966964443e-01
8.300000000000016254e-01 8.511392455393600454e-01
8.350000000000017408e-01 8.734486343883129944e-01
8.400000000000016342e-01 8.959088359979598959e-01
8.450000000000015277e-01 9.185193748117110868e-01
8.500000000000016431e-01 9.412808461484185596e-01
8.550000000000017586e-01 9.641931309734157463e-01
8.600000000000016520e-01 9.872570658763091256e-01
8.650000000000015454e-01 1.010470504653329327e+00
8.700000000000016609e-01 1.033835355351601093e+00
8.750000000000017764e-01 1.057351021575430705e+00
8.800000000000016698e-01 1.081016907802239357e+00
8.850000000000015632e-01 1.104834206910725980e+00
8.900000000000016787e-01 1.128801727069929539e+00
8.950000000000017941e-01 1.152920303909030109e+00
9.000000000000016875e-01 1.177189338674923702e+00
9.050000000000015810e-01 1.201608361369852274e+00
9.100000000000016964e-01 1.226178558353256731e+00
9.150000000000018119e-01 1.250898740966493561e+00
9.200000000000017053e-01 1.275769863320436626e+00
9.250000000000015987e-01 1.300791924803905486e+00
9.300000000000017142e-01 1.325963850204987748e+00
9.350000000000018296e-01 1.351286720730984880e+00
9.400000000000017231e-01 1.376759099089229776e+00
9.450000000000016165e-01 1.402382659652192443e+00
9.500000000000017319e-01 1.428156089924430772e+00
9.550000000000018474e-01 1.454080341193747072e+00
9.600000000000017408e-01 1.480154700299879833e+00
9.650000000000016342e-01 1.506379412035147025e+00
9.700000000000017497e-01 1.532754231519919186e+00
9.750000000000018652e-01 1.559279041407551913e+00
9.800000000000017586e-01 1.585954557856001257e+00
9.850000000000016520e-01 1.612780305832546501e+00
9.900000000000017675e-01 1.639756285133460834e+00
9.950000000000018829e-01 1.666881901778668462e+00
1.000000000000001776e+00 1.694158584504310339e+00
