-1.000000000000000000e+00 2.937745025920759812e+00
-9.949999999999999956e-01 2.904070433157341480e+00
-9.899999999999999911e-01 2.870548308638701140e+00
-9.849999999999999867e-01 2.837179844661461114e+00
-9.799999999999999822e-01 2.803963372150048539e+00
-9.749999999999999778e-01 2.770900679534844979e+00
-9.699999999999999734e-01 2.737990097594758421e+00
-9.649999999999999689e-01 2.705233056986782625e+00
-9.599999999999999645e-01 2.672628961664469838e+00
-9.549999999999999600e-01 2.640177096488498076e+00
-9.499999999999999556e-01 2.607878295691063553e+00
-9.449999999999999512e-01 2.575732559534100741e+00
-9.399999999999999467e-01 2.543740007081380039e+00
-9.349999999999999423e-01 2.511900161583054736e+00
-9.299999999999999378e-01 2.480212784678753390e+00
-9.249999999999999334e-01 2.448678949019251316e+00
-9.199999999999999289e-01 2.417298416593423038e+00
-9.149999999999999245e-01 2.386069994900919422e+00
-9.099999999999999201e-01 2.354995114656941890e+00
-9.049999999999999156e-01 2.324073179902354180e+00
-8.999999999999999112e-01 2.293304428997527733e+00
-8.949999999999999067e-01 2.262688146570309922e+00
-8.899999999999999023e-01 2.232225644097508788e+00
-8.849999999999998979e-01 2.201915967817496433e+00
-8.799999999999998934e-01 2.171759475387245342e+00
-8.749999999999998890e-01 2.141755332341728657e+00
-8.699999999999998845e-01 2.111904373233284726e+00
-8.649999999999998801e-01 2.082207432352317422e+00
-8.599999999999998757e-01 2.052663437048051431e+00
-8.549999999999998712e-01 2.023271433442443534e+00
-8.499999999999998668e-01 1.994033567419120745e+00
-8.449999999999998623e-01 1.964948885303767101e+00
-8.399999999999998579e-01 1.936016910230120347e+00
-8.349999999999998535e-01 1.907237999826049135e+00
-8.299999999999998490e-01 1.878612392597444058e+00
-8.249999999999998446e-01 1.850140684474337549e+00
-8.199999999999998401e-01 1.821821206584883557e+00
-8.149999999999998357e-01 1.793655151021977590e+00
-8.099999999999998312e-01 1.765642875442592130e+00
-8.049999999999998268e-01 1.737783426143306942e+00
-7.999999999999998224e-01 1.710077756740230770e+00
-7.949999999999998179e-01 1.682524198477932886e+00
-7.899999999999998135e-01 1.655123943303789646e+00
-7.849999999999998090e-01 1.627877944863013626e+00
-7.799999999999998046e-01 1.600784415161780716e+00
-7.749999999999998002e-01 1.573844903833543585e+00
-7.699999999999997957e-01 1.547057384378587530e+00
-7.649999999999997913e-01 1.520424598552364559e+00
-7.599999999999997868e-01 1.493944400616766588e+00
-7.549999999999997824e-01 1.467617982635585294e+00
-7.499999999999997780e-01 1.441444152545029000e+00
-7.449999999999997735e-01 1.415424340885676147e+00
-7.399999999999997691e-01 1.389557117058740632e+00
-7.349999999999997646e-01 1.363843554035139904e+00
-7.299999999999997602e-01 1.338283651873081626e+00
-7.249999999999997558e-01 1.312877410368838982e+00
-7.199999999999997513e-01 1.287623756755221338e+00
-7.149999999999997469e-01 1.262523406346173660e+00
-7.099999999999997424e-01 1.237576835891542659e+00
-7.049999999999997380e-01 1.212783449344880582e+00
-6.999999999999997335e-01 1.188143246851706580e+00
-6.949999999999997291e-01 1.163657658719768451e+00
-6.899999999999997247e-01 1.139324181670400948e+00
-6.849999999999997202e-01 1.115144723052236886e+00
-6.799999999999997158e-01 1.091118329016336874e+00
-6.749999999999997113e-01 1.067245715167684184e+00
-6.699999999999997069e-01 1.043526642767557577e+00
-6.649999999999997025e-01 1.019960396763946564e+00
-6.599999999999996980e-01 9.965482883135170500e-01
-6.549999999999996936e-01 9.732885293060296039e-01
-6.499999999999996891e-01 9.501830272065323602e-01
-6.449999999999996847e-01 9.272311858812660734e-01
-6.399999999999996803e-01 9.044322899289742868e-01
-6.349999999999996758e-01 8.817875317335908125e-01
-6.299999999999996714e-01 8.592953614288323383e-01
-6.249999999999996669e-01 8.369574479447525750e-01
-6.199999999999996625e-01 8.147728375779312859e-01
-6.149999999999996581e-01 7.927416495667618523e-01
-6.099999999999996536e-01 7.708637647892662148e-01
-6.049999999999996492e-01 7.491400175358482461e-01
-5.999999999999996447e-01 7.275690965916343789e-01
-5.949999999999996403e-01 7.061523133170173327e-01
-5.899999999999996358e-01 6.848885947701834898e-01
-5.849999999999996314e-01 6.637790138056349765e-01
-5.799999999999996270e-01 6.428215438654494296e-01
-5.749999999999996225e-01 6.220185692227293561e-01
-5.699999999999996181e-01 6.013698514297918241e-01
-5.649999999999996136e-01 5.808739599460583936e-01
-5.599999999999996092e-01 5.605312522538785647e-01
-5.549999999999996048e-01 5.403426823477108787e-01
-5.499999999999996003e-01 5.203068194832500826e-01
-5.449999999999995959e-01 5.004253326487575482e-01
-5.399999999999995914e-01 4.806976257977855216e-01
-5.349999999999995870e-01 4.611228644944109778e-01
-5.299999999999995826e-01 4.417023599535074840e-01
-5.249999999999995781e-01 4.224350393787805746e-01
-5.199999999999995737e-01 4.033214987875741731e-01
-5.149999999999995692e-01 3.843610229241509746e-01
-5.099999999999995648e-01 3.655543270151444535e-01
-5.049999999999995604e-01 3.469016495373413722e-01
-4.999999999999995559e-01 3.284022752059005956e-01
-4.949999999999995515e-01 3.100566808579803268e-01
-4.899999999999995470e-01 2.918643897146300237e-01
-4.849999999999995426e-01 2.738261168569640081e-01
-4.799999999999995381e-01 2.559411472038679580e-01
-4.749999999999995337e-01 2.382097191157133143e-01
-4.699999999999995293e-01 2.206323094296582799e-01
-4.649999999999995248e-01 2.032079644713864486e-01
-4.599999999999995204e-01 1.859376379152142267e-01
-4.549999999999995159e-01 1.688210913425625126e-01
-4.499999999999995115e-01 1.518578478871692727e-01
-4.449999999999995071e-01 1.350479076072421680e-01
-4.399999999999995026e-01 1.183922240897861133e-01
-4.349999999999994982e-01 1.018897245676104735e-01
-4.299999999999994937e-01 8.554172028469264610e-02
-4.249999999999994893e-01 6.934618465400643750e-02
-4.199999999999994849e-01 5.330490584399893983e-02
-4.149999999999994804e-01 3.741693015124991639e-02
-4.099999999999994760e-01 2.168309209899388704e-02
-4.049999999999994715e-01 6.102557163996327576e-03
-3.999999999999994671e-01 -9.324555328037883312e-03
-3.949999999999994627e-01 -2.459741105760104504e-02
-3.899999999999994582e-01 -3.971696364080190556e-02
-3.849999999999994538e-01 -5.468273629868991570e-02
-3.799999999999994493e-01 -6.949472888574592666e-02
-3.749999999999994449e-01 -8.415341835554346339e-02
-3.699999999999994404e-01 -9.865808945234522120e-02
-3.649999999999994360e-01 -1.130093381352874626e-01
-3.599999999999994316e-01 -1.272077605672332634e-01
-3.549999999999994271e-01 -1.412509724750801166e-01
-3.499999999999994227e-01 -1.551413581610343595e-01
-3.449999999999994182e-01 -1.688787982120796283e-01
-3.399999999999994138e-01 -1.824615046343918134e-01
-3.349999999999994094e-01 -1.958904311895988126e-01
-3.299999999999994049e-01 -2.091659353018424650e-01
-3.249999999999994005e-01 -2.222881362968276431e-01
-3.199999999999993960e-01 -2.352561996804236610e-01
-3.149999999999993916e-01 -2.480711982780288150e-01
-3.099999999999993872e-01 -2.607324169503211220e-01
-3.049999999999993827e-01 -2.732396172205138196e-01
-2.999999999999993783e-01 -2.855932758966612806e-01
-2.949999999999993738e-01 -2.977932737985777845e-01
-2.899999999999993694e-01 -3.098399685541319837e-01
-2.849999999999993650e-01 -3.217330025354552259e-01
-2.799999999999993605e-01 -3.334722566496732821e-01
-2.749999999999993561e-01 -3.450574921580649157e-01
-2.699999999999993516e-01 -3.564899015900830914e-01
-2.649999999999993472e-01 -3.677675771896413703e-01
-2.599999999999993427e-01 -3.788921880905202766e-01
-2.549999999999993383e-01 -3.898633766648511578e-01
-2.499999999999993339e-01 -4.006807853138691922e-01
-2.449999999999993294e-01 -4.113447715781315406e-01
-2.399999999999993250e-01 -4.218547393238789578e-01
-2.349999999999993205e-01 -4.322109272316250195e-01
-2.299999999999993161e-01 -4.424138119348011156e-01
-2.249999999999993117e-01 -4.524633935207187374e-01
-2.199999999999993072e-01 -4.623589567045367499e-01
-2.149999999999993028e-01 -4.721006206664408733e-01
-2.099999999999992983e-01 -4.816892199005617936e-01
-2.049999999999992939e-01 -4.911236814941897233e-01
-1.999999999999992895e-01 -5.004048400287668397e-01
-1.949999999999992850e-01 -5.095317416844575842e-01
-1.899999999999992806e-01 -5.185062938098947694e-01
-1.849999999999992761e-01 -5.273261123648065318e-01
-1.799999999999992717e-01 -5.359926278315636505e-01
-1.749999999999992673e-01 -5.445058399773354818e-01
-1.699999999999992628e-01 -5.528662259303185333e-01
-1.649999999999992584e-01 -5.610716397777817388e-01
-1.599999999999992539e-01 -5.691237505370903005e-01
-1.549999999999992495e-01 -5.770227964522003372e-01
-1.499999999999992450e-01 -5.847677048432327052e-01
-1.449999999999992406e-01 -5.923591908495093872e-01
-1.399999999999992362e-01 -5.997970159942436208e-01
-1.349999999999992317e-01 -6.070818957660033544e-01
-1.299999999999992273e-01 -6.142119226124289622e-01
-1.249999999999992228e-01 -6.211899575855734934e-01
-1.199999999999992184e-01 -6.280138549473288645e-01
-1.149999999999992140e-01 -6.346838531744818379e-01
-1.099999999999992095e-01 -6.412003097784857442e-01
-1.049999999999992051e-01 -6.475635824163130660e-01
-9.999999999999920064e-02 -6.537733134891989817e-01
-9.499999999999919620e-02 -6.598291453983786692e-01
-8.999999999999919176e-02 -6.657319125215674926e-01
-8.499999999999918732e-02 -6.714804229113890965e-01
-7.999999999999918288e-02 -6.770761069920065989e-01
-7.499999999999917843e-02 -6.825182493912673731e-01
-6.999999999999917399e-02 -6.878063734466361989e-01
-6.499999999999916955e-02 -6.929409559952712794e-01
-5.999999999999916511e-02 -6.979229505950736989e-01
-5.499999999999916067e-02 -7.027511652404594411e-01
-4.999999999999915623e-02 -7.074250037394615997e-01
-4.499999999999915179e-02 -7.119464928246255209e-01
-3.999999999999914735e-02 -7.163138443857117732e-01
-3.499999999999914291e-02 -7.205278927131242295e-01
-2.999999999999913847e-02 -7.245886378068628897e-01
-2.499999999999913403e-02 -7.284954838533106436e-01
-1.999999999999912959e-02 -7.322492651137675335e-01
-1.499999999999912514e-02 -7.358493855999934663e-01
-9.999999999999120703e-03 -7.392962028525456031e-01
-4.999999999999116262e-03 -7.425897170460469265e-01
8.881784197001252323e-16 -7.457299280640821149e-01
5.000000000000781597e-03 -7.487163591568044563e-01
1.000000000000089706e-02 -7.515492485681700696e-01
1.500000000000101252e-02 -7.542288349204848696e-01
2.000000000000090594e-02 -7.567555949053879072e-01
2.500000000000079936e-02 -7.591288133835571994e-01
3.000000000000091482e-02 -7.613482517617906620e-01
3.500000000000103029e-02 -7.634145063484705229e-01
4.000000000000092371e-02 -7.653267424166354527e-01
4.500000000000081712e-02 -7.670867483093555261e-01
5.000000000000093259e-02 -7.686929741894512613e-01
5.500000000000104805e-02 -7.701454201442341496e-01
6.000000000000094147e-02 -7.714448012548185130e-01
6.500000000000083489e-02 -7.725915945329855372e-01
7.000000000000095035e-02 -7.735843694963644435e-01
7.500000000000106581e-02 -7.744238412260695537e-01
8.000000000000095923e-02 -7.751100098094123592e-01
8.500000000000085265e-02 -7.756423984674423178e-01
9.000000000000096811e-02 -7.760224376825302084e-01
9.500000000000108358e-02 -7.762485777048080404e-01
1.000000000000009770e-01 -7.763216529410950084e-01
1.050000000000008704e-01 -7.762414252056426545e-01
1.100000000000009859e-01 -7.760081326550956060e-01
1.150000000000011013e-01 -7.756218945569510748e-01
1.200000000000009948e-01 -7.750815190220403661e-01
1.250000000000008882e-01 -7.743887939277722676e-01
1.300000000000010036e-01 -7.735419312512188394e-01
1.350000000000011191e-01 -7.725429576376139362e-01
1.400000000000010125e-01 -7.713902040404885252e-01
1.450000000000009059e-01 -7.700843857737875719e-01
1.500000000000010214e-01 -7.686246683142765601e-01
1.550000000000011369e-01 -7.670133166966646154e-01
1.600000000000010303e-01 -7.652478274967673411e-01
1.650000000000009237e-01 -7.633291545053164651e-01
1.700000000000010392e-01 -7.612574167278747250e-01
1.750000000000011546e-01 -7.590329719669337560e-01
1.800000000000010481e-01 -7.566549856701552113e-01
1.850000000000009415e-01 -7.541235771923477937e-01
1.900000000000010569e-01 -7.514398192424944778e-01
1.950000000000011724e-01 -7.486029967685847719e-01
2.000000000000010658e-01 -7.456123942820507278e-01
2.050000000000009592e-01 -7.424693232305965562e-01
2.100000000000010747e-01 -7.391729491782992323e-01
2.150000000000011902e-01 -7.357237489332131286e-01
2.200000000000010836e-01 -7.321207688792294999e-01
2.250000000000009770e-01 -7.283656778008829047e-01
2.300000000000010925e-01 -7.244574028727750470e-01
2.350000000000012079e-01 -7.203953482521849860e-01
2.400000000000011013e-01 -7.161813018165215095e-01
2.450000000000009948e-01 -7.118137140487472703e-01
2.500000000000011102e-01 -7.072933001463919123e-01
2.550000000000012257e-01 -7.026200600803516050e-01
2.600000000000011191e-01 -6.977942322983092804e-01
2.650000000000010125e-01 -6.928153400504182269e-01
2.700000000000011280e-01 -6.876827872320230295e-01
2.750000000000012434e-01 -6.823980044128059586e-01
2.800000000000011369e-01 -6.769602763079258789e-01
2.850000000000010303e-01 -6.713693645279075195e-01
2.900000000000011458e-01 -6.656261035086739053e-01
2.950000000000012612e-01 -6.597300164421706636e-01
3.000000000000011546e-01 -6.536806266367587437e-01
3.050000000000010481e-01 -6.474784108131810267e-01
3.100000000000011635e-01 -6.411233688550221910e-01
3.150000000000012790e-01 -6.346162163090578456e-01
3.200000000000011724e-01 -6.279554033381085087e-01
3.250000000000010658e-01 -6.211424796629383405e-01
3.300000000000011813e-01 -6.141766110222472985e-01
3.350000000000012967e-01 -6.070577972705162306e-01
3.400000000000011902e-01 -5.997863958900946368e-01
3.450000000000010836e-01 -5.923621688698570420e-01
3.500000000000011990e-01 -5.847853541918250908e-01
3.550000000000013145e-01 -5.770555947519990792e-01
3.600000000000012079e-01 -5.691732478581055243e-01
3.650000000000011013e-01 -5.611380750333576639e-01
3.700000000000012168e-01 -5.529507921446732421e-01
3.750000000000013323e-01 -5.446109219183365990e-01
3.800000000000012257e-01 -5.361177489530912776e-01
3.850000000000011191e-01 -5.274729424118216325e-01
3.900000000000012346e-01 -5.186749528065941472e-01
3.950000000000013500e-01 -5.097242569163593640e-01
4.000000000000012434e-01 -5.006208548575326045e-01
4.050000000000011369e-01 -4.913652227687801410e-01
4.100000000000012523e-01 -4.819567656222882857e-01
4.150000000000013678e-01 -4.723966748706682761e-01
4.200000000000012612e-01 -4.626828051250579943e-01
4.250000000000011546e-01 -4.528177792226582010e-01
4.300000000000012701e-01 -4.427994507850765427e-01
4.350000000000013856e-01 -4.326290124581813057e-01
4.400000000000012790e-01 -4.223056294568034996e-01
4.450000000000011724e-01 -4.118301367116312672e-01
4.500000000000012879e-01 -4.012026535192656507e-01
4.550000000000014033e-01 -3.904225833967014392e-01
4.600000000000012967e-01 -3.794895692981465896e-01
4.650000000000011902e-01 -3.684044449901360263e-01
4.700000000000013056e-01 -3.571666148918832828e-01
4.750000000000014211e-01 -3.457775097767974426e-01
4.800000000000013145e-01 -3.342349841687048961e-01
4.850000000000012079e-01 -3.225411829908064743e-01
4.900000000000013234e-01 -3.106947957558243711e-01
4.950000000000014388e-01 -2.986958218234743168e-01
5.000000000000013323e-01 -2.865446198693628599e-01
5.050000000000012257e-01 -2.742413087535335858e-01
5.100000000000013411e-01 -2.617861266326311220e-01
5.150000000000014566e-01 -2.491784769363387664e-01
5.200000000000013500e-01 -2.364182421724929650e-01
5.250000000000012434e-01 -2.235064940314426263e-01
5.300000000000013589e-01 -2.104421602698660632e-01
5.350000000000014744e-01 -1.972257183361019184e-01
5.400000000000013678e-01 -1.838571663966088732e-01
5.450000000000012612e-01 -1.703369832093979408e-01
5.500000000000013767e-01 -1.566643339601963003e-01
5.550000000000014921e-01 -1.428400524737465371e-01
5.600000000000013856e-01 -1.288629471810220917e-01
5.650000000000012790e-01 -1.147344496994431307e-01
5.700000000000013944e-01 -1.004534859230428179e-01
5.750000000000015099e-01 -8.602089078250929610e-02
5.800000000000014033e-01 -7.143642556822515921e-02
5.850000000000012967e-01 -5.670009109509765999e-02
5.900000000000014122e-01 -4.181129088012158768e-02
5.950000000000015277e-01 -2.677097923789761511e-02
6.000000000000014211e-01 -1.157856000556267348e-02
6.050000000000013145e-01 3.765848451604772266e-03
6.100000000000014300e-01 1.926129013098188195e-02
6.150000000000015454e-01 3.490943597078666194e-02
6.200000000000014388e-01 5.070921221429824932e-02
6.250000000000013323e-01 6.666026038963690503e-02
6.300000000000014477e-01 8.276389313776388867e-02
6.350000000000015632e-01 9.901915570752106710e-02
6.400000000000014566e-01 1.154258096512255083e-01
6.450000000000013500e-01 1.319838540375546376e-01
6.500000000000014655e-01 1.486941246703115116e-01
6.550000000000015810e-01 1.655560247172449539e-01
6.600000000000014744e-01 1.825693157888796936e-01
6.650000000000013678e-01 1.997343551347345869e-01
6.700000000000014833e-01 2.170512615566455583e-01
6.750000000000015987e-01 2.345196780961320560e-01
6.800000000000014921e-01 2.521392460193798701e-01
6.850000000000013856e-01 2.699106802910880010e-01
6.900000000000015010e-01 2.878344596110598008e-01
6.950000000000016165e-01 3.059084362039190541e-01
7.000000000000015099e-01 3.241343975978285830e-01
7.050000000000014033e-01 3.425122244088758539e-01
7.100000000000015188e-01 3.610412025163729499e-01
7.150000000000016342e-01 3.797208554033038030e-01
7.200000000000015277e-01 3.985526109617982815e-01
7.250000000000014211e-01 4.175359937516820441e-01
7.300000000000015365e-01 4.366707658491411070e-01
7.350000000000016520e-01 4.559564484670606266e-01
7.400000000000015454e-01 4.753935183843911449e-01
7.450000000000014388e-01 4.949818579343461256e-01
7.500000000000015543e-01 5.147220607768592249e-01
7.550000000000016698e-01 5.346131741980404417e-01
7.600000000000015632e-01 5.546551974993978451e-01
7.650000000000014566e-01 5.748487283280898641e-01
7.700000000000015721e-01 5.951935250059083859e-01
7.750000000000016875e-01 6.156894698951707046e-01
7.800000000000015810e-01 6.363357260279205452e-01
7.850000000000014744e-01 6.571346808495779346e-01
7.900000000000015898e-01 6.780833529346470545e-01
7.950000000000017053e-01 6.991842431752790521e-01
8.000000000000015987e-01 7.204354446593985717e-01
8.050000000000014921e-01 7.418380320750490586e-01
8.100000000000016076e-01 7.633911696475312869e-01
8.150000000000017231e-01 7.850958088683743785e-01
8.200000000000016165e-01 8.069506415203993033e-01
8.250000000000015099e-01 8.289574520176590244e-01
8.300000000000016254e-01 8.511143345540237437e-01
8.350000000000017408e-01 8.734228370167163025e-01
8.400000000000016342e-01 8.958821262212783854e-01
8.450000000000015277e-01 9.184917240499832491e-01
8.500000000000016431e-01 9.412522272768744092e-01
8.550000000000017586e-01 9.641635165180393319e-01
8.600000000000016520e-01 9.872264241139252494e-01
8.650000000000015454e-01 1.010438804733877705e+00
8.700000000000016609e-01 1.033802565028037579e+00
8.750000000000017764e-01 1.057317109299203084e+00
8.800000000000016698e-01 1.080981840977057518e+00
8.850000000000015632e-01 1.104797951368692965e+00
8.900000000000016787e-01 1.128764248119279445e+00
8.950000000000017941e-01 1.152881564529690595e+00
9.000000000000016875e-01 1.177149307260134892e+00
9.050000000000015810e-01 1.201566992634053976e+00
9.100000000000016964e-01 1.226135818477797956e+00
9.150000000000018119e-01 1.250854589264219330e+00
9.200000000000017053e-01 1.275724258231077046e+00
9.250000000000015987e-01 1.300744825989551545e+00
9.300000000000017142e-01 1.325915221984343306e+00
9.350000000000018296e-01 1.351236510775362776e+00
9.400000000000017231e-01 1.376707268632327841e+00
9.450000000000016165e-01 1.402329159042875917e+00
9.500000000000017319e-01 1.428100871898078994e+00
9.550000000000018474e-01 1.454023363258767576e+00
9.600000000000017408e-01 1.480095915773728565e+00
9.650000000000016342e-01 1.506318761487802194e+00
9.700000000000017497e-01 1.532691668443459720e+00
9.750000000000018652e-01 1.559214515568766446e+00
9.800000000000017586e-01 1.585888017217240931e+00
9.850000000000016520e-01 1.612711694747287483e+00
9.900000000000017675e-01 1.639685548362632916e+00
9.950000000000018829e-01 1.666808979950457514e+00
1.000000000000001776e+00 1.694083421797569544e+00
