-1.000000000000000000e+00 2.937745094299316406e+00
-9.949999999999999956e-01 2.904070496559143066e+00
-9.899999999999999911e-01 2.870548367500305176e+00
-9.849999999999999867e-01 2.837179899215698242e+00
-9.799999999999999822e-01 2.803963422775268555e+00
-9.749999999999999778e-01 2.770900726318359375e+00
-9.699999999999999734e-01 2.737990140914916992e+00
-9.649999999999999689e-01 2.705233097076416016e+00
-9.599999999999999645e-01 2.672628998756408691e+00
-9.549999999999999600e-01 2.640177130699157715e+00
-9.499999999999999556e-01 2.607878327369689941e+00
-9.449999999999999512e-01 2.575732588768005371e+00
-9.399999999999999467e-01 2.543740034103393555e+00
-9.349999999999999423e-01 2.511900186538696289e+00
-9.299999999999999378e-01 2.480212807655334473e+00
-9.249999999999999334e-01 2.448678970336914062e+00
-9.199999999999999289e-01 2.417298436164855957e+00
-9.149999999999999245e-01 2.386070013046264648e+00
-9.099999999999999201e-01 2.354995131492614746e+00
-9.049999999999999156e-01 2.324073195457458496e+00
-8.999999999999999112e-01 2.293304443359375000e+00
-8.949999999999999067e-01 2.262688159942626953e+00
-8.899999999999999023e-01 2.232225656509399414e+00
-8.849999999999998979e-01 2.201915979385375977e+00
-8.799999999999998934e-01 2.171759486198425293e+00
-8.749999999999998890e-01 2.141755342483520508e+00
-8.699999999999998845e-01 2.111904382705688477e+00
-8.649999999999998801e-01 2.082207441329956055e+00
-8.599999999999998757e-01 2.052663445472717285e+00
-8.549999999999998712e-01 2.023271441459655762e+00
-8.499999999999998668e-01 1.994033575057983398e+00
-8.449999999999998623e-01 1.964948892593383789e+00
-8.399999999999998579e-01 1.936016917228698730e+00
-8.349999999999998535e-01 1.907238006591796875e+00
-8.299999999999998490e-01 1.878612399101257324e+00
-8.249999999999998446e-01 1.850140690803527832e+00
-8.199999999999998401e-01 1.821821212768554688e+00
-8.149999999999998357e-01 1.793655157089233398e+00
-8.099999999999998312e-01 1.765642881393432617e+00
-8.049999999999998268e-01 1.737783432006835938e+00
-7.999999999999998224e-01 1.710077762603759766e+00
-7.949999999999998179e-01 1.682524204254150391e+00
-7.899999999999998135e-01 1.655123949050903320e+00
-7.849999999999998090e-01 1.627877950668334961e+00
-7.799999999999998046e-01 1.600784420967102051e+00
-7.749999999999998002e-01 1.573844909667968750e+00
-7.699999999999997957e-01 1.547057390213012695e+00
-7.649999999999997913e-01 1.520424604415893555e+00
-7.599999999999997868e-01 1.493944406509399414e+00
-7.549999999999997824e-01 1.467617988586425781e+00
-7.499999999999997780e-01 1.441444158554077148e+00
-7.449999999999997735e-01 1.415424346923828125e+00
-7.399999999999997691e-01 1.389557123184204102e+00
-7.349999999999997646e-01 1.363843560218811035e+00
-7.299999999999997602e-01 1.338283658027648926e+00
-7.249999999999997558e-01 1.312877416610717773e+00
-7.199999999999997513e-01 1.287623763084411621e+00
-7.149999999999997469e-01 1.262523412704467773e+00
-7.099999999999997424e-01 1.237576842308044434e+00
-7.049999999999997380e-01 1.212783455848693848e+00
-6.999999999999997335e-01 1.188143253326416016e+00
-6.949999999999997291e-01 1.163657665252685547e+00
-6.899999999999997247e-01 1.139324188232421875e+00
-6.849999999999997202e-01 1.115144729614257812e+00
-6.799999999999997158e-01 1.091118335723876953e+00
-6.749999999999997113e-01 1.067245721817016602e+00
-6.699999999999997069e-01 1.043526649475097656e+00
-6.649999999999997025e-01 1.019960403442382812e+00
-6.599999999999996980e-01 9.965482950210571289e-01
-6.549999999999996936e-01 9.732885360717773438e-01
-6.499999999999996891e-01 9.501830339431762695e-01
-6.449999999999996847e-01 9.272311925888061523e-01
-6.399999999999996803e-01 9.044322967529296875e-01
-6.349999999999996758e-01 8.817875385284423828e-01
-6.299999999999996714e-01 8.592953681945800781e-01
-6.249999999999996669e-01 8.369574546813964844e-01
-6.199999999999996625e-01 8.147728443145751953e-01
-6.149999999999996581e-01 7.927416563034057617e-01
-6.099999999999996536e-01 7.708637714385986328e-01
-6.049999999999996492e-01 7.491400241851806641e-01
-5.999999999999996447e-01 7.275691032409667969e-01
-5.949999999999996403e-01 7.061523199081420898e-01
-5.899999999999996358e-01 6.848886013031005859e-01
-5.849999999999996314e-01 6.637790203094482422e-01
-5.799999999999996270e-01 6.428215503692626953e-01
-5.749999999999996225e-01 6.220185756683349609e-01
-5.699999999999996181e-01 6.013698577880859375e-01
-5.649999999999996136e-01 5.808739662170410156e-01
-5.599999999999996092e-01 5.605312585830688477e-01
-5.549999999999996048e-01 5.403426885604858398e-01
-5.499999999999996003e-01 5.203068256378173828e-01
-5.449999999999995959e-01 5.004253387451171875e-01
-5.399999999999995914e-01 4.806976318359375000e-01
-5.349999999999995870e-01 4.611228704452514648e-01
-5.299999999999995826e-01 4.417023658752441406e-01
-5.249999999999995781e-01 4.224350452423095703e-01
-5.199999999999995737e-01 4.033215045928955078e-01
-5.149999999999995692e-01 3.843610286712646484e-01
-5.099999999999995648e-01 3.655543327331542969e-01
-5.049999999999995604e-01 3.469016551971435547e-01
-4.999999999999995559e-01 3.284022808074951172e-01
-4.949999999999995515e-01 3.100566864013671875e-01
-4.899999999999995470e-01 2.918643951416015625e-01
-4.849999999999995426e-01 2.738261222839355469e-01
-4.799999999999995381e-01 2.559411525726318359e-01
-4.749999999999995337e-01 2.382097244262695312e-01
-4.699999999999995293e-01 2.206323146820068359e-01
-4.649999999999995248e-01 2.032079696655273438e-01
-4.599999999999995204e-01 1.859376430511474609e-01
-4.549999999999995159e-01 1.688210964202880859e-01
-4.499999999999995115e-01 1.518578529357910156e-01
-4.449999999999995071e-01 1.350479125976562500e-01
-4.399999999999995026e-01 1.183922290802001953e-01
-4.349999999999994982e-01 1.018897294998168945e-01
-4.299999999999994937e-01 8.554172515869140625e-02
-4.249999999999994893e-01 6.934618949890136719e-02
-4.199999999999994849e-01 5.330491065979003906e-02
-4.149999999999994804e-01 3.741693496704101562e-02
-4.099999999999994760e-01 2.168309688568115234e-02
-4.049999999999994715e-01 6.102561950683593750e-03
-3.999999999999994671e-01 -9.324550628662109375e-03
-3.949999999999994627e-01 -2.459740638732910156e-02
-3.899999999999994582e-01 -3.971695899963378906e-02
-3.849999999999994538e-01 -5.468273162841796875e-02
-3.799999999999994493e-01 -6.949472427368164062e-02
-3.749999999999994449e-01 -8.415341377258300781e-02
-3.699999999999994404e-01 -9.865808486938476562e-02
-3.649999999999994360e-01 -1.130093336105346680e-01
-3.599999999999994316e-01 -1.272077560424804688e-01
-3.549999999999994271e-01 -1.412509679794311523e-01
-3.499999999999994227e-01 -1.551413536071777344e-01
-3.449999999999994182e-01 -1.688787937164306641e-01
-3.399999999999994138e-01 -1.824615001678466797e-01
-3.349999999999994094e-01 -1.958904266357421875e-01
-3.299999999999994049e-01 -2.091659307479858398e-01
-3.249999999999994005e-01 -2.222881317138671875e-01
-3.199999999999993960e-01 -2.352561950683593750e-01
-3.149999999999993916e-01 -2.480711936950683594e-01
-3.099999999999993872e-01 -2.607324123382568359e-01
-3.049999999999993827e-01 -2.732396125793457031e-01
-2.999999999999993783e-01 -2.855932712554931641e-01
-2.949999999999993738e-01 -2.977932691574096680e-01
-2.899999999999993694e-01 -3.098399639129638672e-01
-2.849999999999993650e-01 -3.217329978942871094e-01
-2.799999999999993605e-01 -3.334722518920898438e-01
-2.749999999999993561e-01 -3.450574874877929688e-01
-2.699999999999993516e-01 -3.564898967742919922e-01
-2.649999999999993472e-01 -3.677675724029541016e-01
-2.599999999999993427e-01 -3.788921833038330078e-01
-2.549999999999993383e-01 -3.898633718490600586e-01
-2.499999999999993339e-01 -4.006807804107666016e-01
-2.449999999999993294e-01 -4.113447666168212891e-01
-2.399999999999993250e-01 -4.218547344207763672e-01
-2.349999999999993205e-01 -4.322109222412109375e-01
-2.299999999999993161e-01 -4.424138069152832031e-01
-2.249999999999993117e-01 -4.524633884429931641e-01
-2.199999999999993072e-01 -4.623589515686035156e-01
-2.149999999999993028e-01 -4.721006155014038086e-01
-2.099999999999992983e-01 -4.816892147064208984e-01
-2.049999999999992939e-01 -4.911236763000488281e-01
-1.999999999999992895e-01 -5.004048347473144531e-01
-1.949999999999992850e-01 -5.095317363739013672e-01
-1.899999999999992806e-01 -5.185062885284423828e-01
-1.849999999999992761e-01 -5.273261070251464844e-01
-1.799999999999992717e-01 -5.359926223754882812e-01
-1.749999999999992673e-01 -5.445058345794677734e-01
-1.699999999999992628e-01 -5.528662204742431641e-01
-1.649999999999992584e-01 -5.610716342926025391e-01
-1.599999999999992539e-01 -5.691237449645996094e-01
-1.549999999999992495e-01 -5.770227909088134766e-01
-1.499999999999992450e-01 -5.847676992416381836e-01
-1.449999999999992406e-01 -5.923591852188110352e-01
-1.399999999999992362e-01 -5.997970104217529297e-01
-1.349999999999992317e-01 -6.070818901062011719e-01
-1.299999999999992273e-01 -6.142119169235229492e-01
-1.249999999999992228e-01 -6.211899518966674805e-01
-1.199999999999992184e-01 -6.280138492584228516e-01
-1.149999999999992140e-01 -6.346838474273681641e-01
-1.099999999999992095e-01 -6.412003040313720703e-01
-1.049999999999992051e-01 -6.475635766983032227e-01
-9.999999999999920064e-02 -6.537733078002929688e-01
-9.499999999999919620e-02 -6.598291397094726562e-01
-8.999999999999919176e-02 -6.657319068908691406e-01
-8.499999999999918732e-02 -6.714804172515869141e-01
-7.999999999999918288e-02 -6.770761013031005859e-01
-7.499999999999917843e-02 -6.825182437896728516e-01
-6.999999999999917399e-02 -6.878063678741455078e-01
-6.499999999999916955e-02 -6.929409503936767578e-01
-5.999999999999916511e-02 -6.979229450225830078e-01
-5.499999999999916067e-02 -7.027511596679687500e-01
-4.999999999999915623e-02 -7.074249982833862305e-01
-4.499999999999915179e-02 -7.119464874267578125e-01
-3.999999999999914735e-02 -7.163138389587402344e-01
-3.499999999999914291e-02 -7.205278873443603516e-01
-2.999999999999913847e-02 -7.245886325836181641e-01
-2.499999999999913403e-02 -7.284954786300659180e-01
-1.999999999999912959e-02 -7.322492599487304688e-01
-1.499999999999912514e-02 -7.358493804931640625e-01
-9.999999999999120703e-03 -7.392961978912353516e-01
-4.999999999999116262e-03 -7.425897121429443359e-01
8.881784197001252323e-16 -7.457299232482910156e-01
5.000000000000781597e-03 -7.487163543701171875e-01
1.000000000000089706e-02 -7.515492439270019531e-01
1.500000000000101252e-02 -7.542288303375244141e-01
2.000000000000090594e-02 -7.567555904388427734e-01
2.500000000000079936e-02 -7.591288089752197266e-01
3.000000000000091482e-02 -7.613482475280761719e-01
3.500000000000103029e-02 -7.634145021438598633e-01
4.000000000000092371e-02 -7.653267383575439453e-01
4.500000000000081712e-02 -7.670867443084716797e-01
5.000000000000093259e-02 -7.686929702758789062e-01
5.500000000000104805e-02 -7.701454162597656250e-01
6.000000000000094147e-02 -7.714447975158691406e-01
6.500000000000083489e-02 -7.725915908813476562e-01
7.000000000000095035e-02 -7.735843658447265625e-01
7.500000000000106581e-02 -7.744238376617431641e-01
8.000000000000095923e-02 -7.751100063323974609e-01
8.500000000000085265e-02 -7.756423950195312500e-01
9.000000000000096811e-02 -7.760224342346191406e-01
9.500000000000108358e-02 -7.762485742568969727e-01
1.000000000000009770e-01 -7.763216495513916016e-01
1.050000000000008704e-01 -7.762414216995239258e-01
1.100000000000009859e-01 -7.760081291198730469e-01
1.150000000000011013e-01 -7.756218910217285156e-01
1.200000000000009948e-01 -7.750815153121948242e-01
1.250000000000008882e-01 -7.743887901306152344e-01
1.300000000000010036e-01 -7.735419273376464844e-01
1.350000000000011191e-01 -7.725429534912109375e-01
1.400000000000010125e-01 -7.713901996612548828e-01
1.450000000000009059e-01 -7.700843811035156250e-01
1.500000000000010214e-01 -7.686246633529663086e-01
1.550000000000011369e-01 -7.670133113861083984e-01
1.600000000000010303e-01 -7.652478218078613281e-01
1.650000000000009237e-01 -7.633291482925415039e-01
1.700000000000010392e-01 -7.612574100494384766e-01
1.750000000000011546e-01 -7.590329647064208984e-01
1.800000000000010481e-01 -7.566549777984619141e-01
1.850000000000009415e-01 -7.541235685348510742e-01
1.900000000000010569e-01 -7.514398097991943359e-01
1.950000000000011724e-01 -7.486029863357543945e-01
2.000000000000010658e-01 -7.456123828887939453e-01
2.050000000000009592e-01 -7.424693107604980469e-01
2.100000000000010747e-01 -7.391729354858398438e-01
2.150000000000011902e-01 -7.357237339019775391e-01
2.200000000000010836e-01 -7.321207523345947266e-01
2.250000000000009770e-01 -7.283656597137451172e-01
2.300000000000010925e-01 -7.244573831558227539e-01
2.350000000000012079e-01 -7.203953266143798828e-01
2.400000000000011013e-01 -7.161812782287597656e-01
2.450000000000009948e-01 -7.118136882781982422e-01
2.500000000000011102e-01 -7.072932720184326172e-01
2.550000000000012257e-01 -7.026200294494628906e-01
2.600000000000011191e-01 -6.977941989898681641e-01
2.650000000000010125e-01 -6.928153038024902344e-01
2.700000000000011280e-01 -6.876827478408813477e-01
2.750000000000012434e-01 -6.823979616165161133e-01
2.800000000000011369e-01 -6.769602298736572266e-01
2.850000000000010303e-01 -6.713693141937255859e-01
2.900000000000011458e-01 -6.656260490417480469e-01
2.950000000000012612e-01 -6.597299575805664062e-01
3.000000000000011546e-01 -6.536805629730224609e-01
3.050000000000010481e-01 -6.474783420562744141e-01
3.100000000000011635e-01 -6.411232948303222656e-01
3.150000000000012790e-01 -6.346161365509033203e-01
3.200000000000011724e-01 -6.279553174972534180e-01
3.250000000000010658e-01 -6.211423873901367188e-01
3.300000000000011813e-01 -6.141765117645263672e-01
3.350000000000012967e-01 -6.070576906204223633e-01
3.400000000000011902e-01 -5.997862815856933594e-01
3.450000000000010836e-01 -5.923620462417602539e-01
3.500000000000011990e-01 -5.847852230072021484e-01
3.550000000000013145e-01 -5.770554542541503906e-01
3.600000000000012079e-01 -5.691730976104736328e-01
3.650000000000011013e-01 -5.611379146575927734e-01
3.700000000000012168e-01 -5.529506206512451172e-01
3.750000000000013323e-01 -5.446107387542724609e-01
3.800000000000012257e-01 -5.361175537109375000e-01
3.850000000000011191e-01 -5.274727344512939453e-01
3.900000000000012346e-01 -5.186747312545776367e-01
3.950000000000013500e-01 -5.097240209579467773e-01
4.000000000000012434e-01 -5.006206035614013672e-01
4.050000000000011369e-01 -4.913649559020996094e-01
4.100000000000012523e-01 -4.819564819335937500e-01
4.150000000000013678e-01 -4.723963737487792969e-01
4.200000000000012612e-01 -4.626824855804443359e-01
4.250000000000011546e-01 -4.528174400329589844e-01
4.300000000000012701e-01 -4.427990913391113281e-01
4.350000000000013856e-01 -4.326286315917968750e-01
4.400000000000012790e-01 -4.223052263259887695e-01
4.450000000000011724e-01 -4.118297100067138672e-01
4.500000000000012879e-01 -4.012022018432617188e-01
4.550000000000014033e-01 -3.904221057891845703e-01
4.600000000000012967e-01 -3.794890642166137695e-01
4.650000000000011902e-01 -3.684039115905761719e-01
4.700000000000013056e-01 -3.571660518646240234e-01
4.750000000000014211e-01 -3.457769155502319336e-01
4.800000000000013145e-01 -3.342343568801879883e-01
4.850000000000012079e-01 -3.225405216217041016e-01
4.900000000000013234e-01 -3.106940984725952148e-01
4.950000000000014388e-01 -2.986950874328613281e-01
5.000000000000013323e-01 -2.865438461303710938e-01
5.050000000000012257e-01 -2.742404937744140625e-01
5.100000000000013411e-01 -2.617852687835693359e-01
5.150000000000014566e-01 -2.491775751113891602e-01
5.200000000000013500e-01 -2.364172935485839844e-01
5.250000000000012434e-01 -2.235054969787597656e-01
5.300000000000013589e-01 -2.104411125183105469e-01
5.350000000000014744e-01 -1.972246170043945312e-01
5.400000000000013678e-01 -1.838560104370117188e-01
5.450000000000012612e-01 -1.703357696533203125e-01
5.500000000000013767e-01 -1.566630601882934570e-01
5.550000000000014921e-01 -1.428387165069580078e-01
5.600000000000013856e-01 -1.288615465164184570e-01
5.650000000000012790e-01 -1.147329807281494141e-01
5.700000000000013944e-01 -1.004519462585449219e-01
5.750000000000015099e-01 -8.601927757263183594e-02
5.800000000000014033e-01 -7.143473625183105469e-02
5.850000000000012967e-01 -5.669832229614257812e-02
5.900000000000014122e-01 -4.180943965911865234e-02
5.950000000000015277e-01 -2.676904201507568359e-02
6.000000000000014211e-01 -1.157653331756591797e-02
6.050000000000013145e-01 3.767967224121093750e-03
6.100000000000014300e-01 1.926350593566894531e-02
6.150000000000015454e-01 3.491175174713134766e-02
6.200000000000014388e-01 5.071163177490234375e-02
6.250000000000013323e-01 6.666278839111328125e-02
6.300000000000014477e-01 8.276653289794921875e-02
6.350000000000015632e-01 9.902191162109375000e-02
6.400000000000014566e-01 1.154286861419677734e-01
6.450000000000013500e-01 1.319868564605712891e-01
6.500000000000014655e-01 1.486972570419311523e-01
6.550000000000015810e-01 1.655592918395996094e-01
6.600000000000014744e-01 1.825727224349975586e-01
6.650000000000013678e-01 1.997379064559936523e-01
6.700000000000014833e-01 2.170549631118774414e-01
6.750000000000015987e-01 2.345235347747802734e-01
6.800000000000014921e-01 2.521432638168334961e-01
6.850000000000013856e-01 2.699148654937744141e-01
6.900000000000015010e-01 2.878388166427612305e-01
6.950000000000016165e-01 3.059129714965820312e-01
7.000000000000015099e-01 3.241391181945800781e-01
7.050000000000014033e-01 3.425171375274658203e-01
7.100000000000015188e-01 3.610463142395019531e-01
7.150000000000016342e-01 3.797261714935302734e-01
7.200000000000015277e-01 3.985581398010253906e-01
7.250000000000014211e-01 4.175417423248291016e-01
7.300000000000015365e-01 4.366767406463623047e-01
7.350000000000016520e-01 4.559626579284667969e-01
7.400000000000015454e-01 4.753999710083007812e-01
7.450000000000014388e-01 4.949885606765747070e-01
7.500000000000015543e-01 5.147290229797363281e-01
7.550000000000016698e-01 5.346204042434692383e-01
7.600000000000015632e-01 5.546627044677734375e-01
7.650000000000014566e-01 5.748565196990966797e-01
7.700000000000015721e-01 5.952016115188598633e-01
7.750000000000016875e-01 6.156978607177734375e-01
7.800000000000015810e-01 6.363444328308105469e-01
7.850000000000014744e-01 6.571437120437622070e-01
7.900000000000015898e-01 6.780927181243896484e-01
7.950000000000017053e-01 6.991939544677734375e-01
8.000000000000015987e-01 7.204455137252807617e-01
8.050000000000014921e-01 7.418484687805175781e-01
8.100000000000016076e-01 7.634019851684570312e-01
8.150000000000017231e-01 7.851070165634155273e-01
8.200000000000016165e-01 8.069622516632080078e-01
8.250000000000015099e-01 8.289694786071777344e-01
8.300000000000016254e-01 8.511267900466918945e-01
8.350000000000017408e-01 8.734357357025146484e-01
8.400000000000016342e-01 8.958954811096191406e-01
8.450000000000015277e-01 9.185055494308471680e-01
8.500000000000016431e-01 9.412665367126464844e-01
8.550000000000017586e-01 9.641783237457275391e-01
8.600000000000016520e-01 9.872417449951171875e-01
8.650000000000015454e-01 1.010454654693603516e+00
8.700000000000016609e-01 1.033818960189819336e+00
8.750000000000017764e-01 1.057334065437316895e+00
8.800000000000016698e-01 1.080999374389648438e+00
8.850000000000015632e-01 1.104816079139709473e+00
8.900000000000016787e-01 1.128782987594604492e+00
8.950000000000017941e-01 1.152900934219360352e+00
9.000000000000016875e-01 1.177169322967529297e+00
9.050000000000015810e-01 1.201587677001953125e+00
9.100000000000016964e-01 1.226157188415527344e+00
9.150000000000018119e-01 1.250876665115356445e+00
9.200000000000017053e-01 1.275747060775756836e+00
9.250000000000015987e-01 1.300768375396728516e+00
9.300000000000017142e-01 1.325939536094665527e+00
9.350000000000018296e-01 1.351261615753173828e+00
9.400000000000017231e-01 1.376733183860778809e+00
9.450000000000016165e-01 1.402355909347534180e+00
9.500000000000017319e-01 1.428128480911254883e+00
9.550000000000018474e-01 1.454051852226257324e+00
9.600000000000017408e-01 1.480125308036804199e+00
9.650000000000016342e-01 1.506349086761474609e+00
9.700000000000017497e-01 1.532722949981689453e+00
9.750000000000018652e-01 1.559246778488159180e+00
9.800000000000017586e-01 1.585921287536621094e+00
9.850000000000016520e-01 1.612746000289916992e+00
9.900000000000017675e-01 1.639720916748046875e+00
9.950000000000018829e-01 1.666845440864562988e+00
1.000000000000001776e+00 1.694121003150939941e+00
