-1.000000000000000000e+00 3.072590632501773111e+00
-9.949999999999999956e-01 3.038176796435296811e+00
-9.899999999999999911e-01 3.003919776995800373e+00
-9.849999999999999867e-01 2.969819574183281130e+00
-9.799999999999999822e-01 2.935876187997742193e+00
-9.749999999999999778e-01 2.902089618439180452e+00
-9.699999999999999734e-01 2.868459865507597240e+00
-9.649999999999999689e-01 2.834986929202993888e+00
-9.599999999999999645e-01 2.801670809525367734e+00
-9.549999999999999600e-01 2.768511506474720552e+00
-9.499999999999999556e-01 2.735509020051052786e+00
-9.449999999999999512e-01 2.702663350254361774e+00
-9.399999999999999467e-01 2.669974497084650178e+00
-9.349999999999999423e-01 2.637442460541917999e+00
-9.299999999999999378e-01 2.605067240626163905e+00
-9.249999999999999334e-01 2.572848837337388339e+00
-9.199999999999999289e-01 2.540787250675591302e+00
-9.149999999999999245e-01 2.508882480640772350e+00
-9.099999999999999201e-01 2.477134527232933259e+00
-9.049999999999999156e-01 2.445543390452071364e+00
-8.999999999999999112e-01 2.414109070298189330e+00
-8.949999999999999067e-01 2.382831566771284493e+00
-8.899999999999999023e-01 2.351710879871358628e+00
-8.849999999999998979e-01 2.320747009598412181e+00
-8.799999999999998934e-01 2.289939955952443373e+00
-8.749999999999998890e-01 2.259289718933453095e+00
-8.699999999999998845e-01 2.228796298541442233e+00
-8.649999999999998801e-01 2.198459694776409012e+00
-8.599999999999998757e-01 2.168279907638354320e+00
-8.549999999999998712e-01 2.138256937127279489e+00
-8.499999999999998668e-01 2.108390783243182298e+00
-8.449999999999998623e-01 2.078681445986064080e+00
-8.399999999999998579e-01 2.049128925355923947e+00
-8.349999999999998535e-01 2.019733221352762342e+00
-8.299999999999998490e-01 1.990494333976580155e+00
-8.249999999999998446e-01 1.961412263227375830e+00
-8.199999999999998401e-01 1.932487009105150699e+00
-8.149999999999998357e-01 1.903718571609903210e+00
-8.099999999999998312e-01 1.875106950741634249e+00
-8.049999999999998268e-01 1.846652146500344926e+00
-7.999999999999998224e-01 1.818354158886034355e+00
-7.949999999999998179e-01 1.790212987898701202e+00
-7.899999999999998135e-01 1.762228633538346800e+00
-7.849999999999998090e-01 1.734401095804970705e+00
-7.799999999999998046e-01 1.706730374698574026e+00
-7.749999999999998002e-01 1.679216470219156099e+00
-7.699999999999997957e-01 1.651859382366715812e+00
-7.649999999999997913e-01 1.624659111141254497e+00
-7.599999999999997868e-01 1.597615656542771045e+00
-7.549999999999997824e-01 1.570729018571267455e+00
-7.499999999999997780e-01 1.543999197226742615e+00
-7.449999999999997735e-01 1.517426192509194971e+00
-7.399999999999997691e-01 1.491010004418626078e+00
-7.349999999999997646e-01 1.464750632955036158e+00
-7.299999999999997602e-01 1.438648078118424101e+00
-7.249999999999997558e-01 1.412702339908791904e+00
-7.199999999999997513e-01 1.386913418326138681e+00
-7.149999999999997469e-01 1.361281313370462431e+00
-7.099999999999997424e-01 1.335806025041765155e+00
-7.049999999999997380e-01 1.310487553340046185e+00
-6.999999999999997335e-01 1.285325898265307076e+00
-6.949999999999997291e-01 1.260321059817545830e+00
-6.899999999999997247e-01 1.235473037996762669e+00
-6.849999999999997202e-01 1.210781832802958702e+00
-6.799999999999997158e-01 1.186247444236133264e+00
-6.749999999999997113e-01 1.161869872296286355e+00
-6.699999999999997069e-01 1.137649116983417752e+00
-6.649999999999997025e-01 1.113585178297527456e+00
-6.599999999999996980e-01 1.089678056238616355e+00
-6.549999999999996936e-01 1.065927750806683783e+00
-6.499999999999996891e-01 1.042334262001729517e+00
-6.449999999999996847e-01 1.018897589823754002e+00
-6.399999999999996803e-01 9.956177342727569046e-01
-6.349999999999996758e-01 9.724946953487384471e-01
-6.299999999999996714e-01 9.495284730516988514e-01
-6.249999999999996669e-01 9.267190673816370072e-01
-6.199999999999996625e-01 9.040664783385544689e-01
-6.149999999999996581e-01 8.815707059224504594e-01
-6.099999999999996536e-01 8.592317501333245344e-01
-6.049999999999996492e-01 8.370496109711775823e-01
-5.999999999999996447e-01 8.150242884360091589e-01
-5.949999999999996403e-01 7.931557825278192642e-01
-5.899999999999996358e-01 7.714440932466082312e-01
-5.849999999999996314e-01 7.498892205923751719e-01
-5.799999999999996270e-01 7.284911645651209744e-01
-5.749999999999996225e-01 7.072499251648454166e-01
-5.699999999999996181e-01 6.861655023915480545e-01
-5.649999999999996136e-01 6.652378962452298872e-01
-5.599999999999996092e-01 6.444671067258900266e-01
-5.549999999999996048e-01 6.238531338335286947e-01
-5.499999999999996003e-01 6.033959775681462245e-01
-5.449999999999995959e-01 5.830956379297416170e-01
-5.399999999999995914e-01 5.629521149183162043e-01
-5.349999999999995870e-01 5.429654085338692093e-01
-5.299999999999995826e-01 5.231355187764005210e-01
-5.249999999999995781e-01 5.034624456459108055e-01
-5.199999999999995737e-01 4.839461891423995077e-01
-5.149999999999995692e-01 4.645867492658669051e-01
-5.099999999999995648e-01 4.453841260163127758e-01
-5.049999999999995604e-01 4.263383193937367865e-01
-4.999999999999995559e-01 4.074493293981398812e-01
-4.949999999999995515e-01 3.887171560295214490e-01
-4.899999999999995470e-01 3.701417992878814345e-01
-4.849999999999995426e-01 3.517232591732202818e-01
-4.799999999999995381e-01 3.334615356855376023e-01
-4.749999999999995337e-01 3.153566288248335625e-01
-4.699999999999995293e-01 2.974085385911078849e-01
-4.649999999999995248e-01 2.796172649843606806e-01
-4.599999999999995204e-01 2.619828080045922825e-01
-4.549999999999995159e-01 2.445051676518024686e-01
-4.499999999999995115e-01 2.271843439259909059e-01
-4.449999999999995071e-01 2.100203368271583160e-01
-4.399999999999995026e-01 1.930131463553042548e-01
-4.349999999999994982e-01 1.761627725104287223e-01
-4.299999999999994937e-01 1.594692152925317741e-01
-4.249999999999994893e-01 1.429324747016131048e-01
-4.199999999999994849e-01 1.265525507376732139e-01
-4.149999999999994804e-01 1.103294434007119768e-01
-4.099999999999994760e-01 9.426315269072904623e-02
-4.049999999999994715e-01 7.835367860772500526e-02
-3.999999999999994671e-01 6.260102115169949299e-02
-3.949999999999994627e-01 4.700518032265253027e-02
-3.899999999999994582e-01 3.156615612058410320e-02
-3.849999999999994538e-01 1.628394854549410423e-02
-3.799999999999994493e-01 1.158557597382868813e-03
-3.749999999999994449e-01 -1.381001672374982531e-02
-3.699999999999994404e-01 -2.862177441790420343e-02
-3.649999999999994360e-01 -4.327671548507970589e-02
-3.599999999999994316e-01 -5.777483992527666229e-02
-3.549999999999994271e-01 -7.211614773849508997e-02
-3.499999999999994227e-01 -8.630063892473485709e-02
-3.449999999999994182e-01 -1.003283134839963037e-01
-3.399999999999994138e-01 -1.141991714162789995e-01
-3.349999999999994094e-01 -1.279132127215831527e-01
-3.299999999999994049e-01 -1.414704373999088605e-01
-3.249999999999994005e-01 -1.548708454512558175e-01
-3.199999999999993960e-01 -1.681144368756242458e-01
-3.149999999999993916e-01 -1.812012116730140066e-01
-3.099999999999993872e-01 -1.941311698434252109e-01
-3.049999999999993827e-01 -2.069043113868581363e-01
-2.999999999999993783e-01 -2.195206363033122554e-01
-2.949999999999993738e-01 -2.319801445927877626e-01
-2.899999999999993694e-01 -2.442828362552849353e-01
-2.849999999999993650e-01 -2.564287112908033572e-01
-2.799999999999993605e-01 -2.684177696993431672e-01
-2.749999999999993561e-01 -2.802500114809043930e-01
-2.699999999999993516e-01 -2.919254366354870345e-01
-2.649999999999993472e-01 -3.034440451630913693e-01
-2.599999999999993427e-01 -3.148058370637168979e-01
-2.549999999999993383e-01 -3.260108123373638422e-01
-2.499999999999993339e-01 -3.370589709840324244e-01
-2.449999999999993294e-01 -3.479503130037222003e-01
-2.399999999999993250e-01 -3.586848383964335030e-01
-2.349999999999993205e-01 -3.692625471621661659e-01
-2.299999999999993161e-01 -3.796834393009202446e-01
-2.249999999999993117e-01 -3.899475148126959057e-01
-2.199999999999993072e-01 -4.000547736974929269e-01
-2.149999999999993028e-01 -4.100052159553112530e-01
-2.099999999999992983e-01 -4.197988415861512723e-01
-2.049999999999992939e-01 -4.294356505900124854e-01
-1.999999999999992895e-01 -4.389156429668952253e-01
-1.949999999999992850e-01 -4.482388187167994364e-01
-1.899999999999992806e-01 -4.574051778397248413e-01
-1.849999999999992761e-01 -4.664147203356719396e-01
-1.799999999999992717e-01 -4.752674462046401760e-01
-1.749999999999992673e-01 -4.839633554466301613e-01
-1.699999999999992628e-01 -4.925024480616415623e-01
-1.649999999999992584e-01 -5.008847240496741016e-01
-1.599999999999992539e-01 -5.091101834107282231e-01
-1.549999999999992495e-01 -5.171788261448039270e-01
-1.499999999999992450e-01 -5.250906522519007691e-01
-1.449999999999992406e-01 -5.328456617320194155e-01
-1.399999999999992362e-01 -5.404438545851593112e-01
-1.349999999999992317e-01 -5.478852308113204561e-01
-1.299999999999992273e-01 -5.551697904105031833e-01
-1.249999999999992228e-01 -5.622975333827071598e-01
-1.199999999999992184e-01 -5.692684597279328296e-01
-1.149999999999992140e-01 -5.760825694461798596e-01
-1.099999999999992095e-01 -5.827398625374481389e-01
-1.049999999999992051e-01 -5.892403390017381115e-01
-9.999999999999920064e-02 -5.955839988390493334e-01
-9.499999999999919620e-02 -6.017708420493820265e-01
-8.999999999999919176e-02 -6.078008686327363019e-01
-8.499999999999918732e-02 -6.136740785891117156e-01
-7.999999999999918288e-02 -6.193904719185087115e-01
-7.499999999999917843e-02 -6.249500486209272898e-01
-6.999999999999917399e-02 -6.303528086963670063e-01
-6.499999999999916955e-02 -6.355987521448284161e-01
-5.999999999999916511e-02 -6.406878789663110751e-01
-5.499999999999916067e-02 -6.456201891608150945e-01
-4.999999999999915623e-02 -6.503956827283408071e-01
-4.499999999999915179e-02 -6.550143596688875469e-01
-3.999999999999914735e-02 -6.594762199824560911e-01
-3.499999999999914291e-02 -6.637812636690459955e-01
-2.999999999999913847e-02 -6.679294907286571492e-01
-2.499999999999913403e-02 -6.719209011612898852e-01
-1.999999999999912959e-02 -6.757554949669439814e-01
-1.499999999999912514e-02 -6.794332721456195490e-01
-9.999999999999120703e-03 -6.829542326973165878e-01
-4.999999999999116262e-03 -6.863183766220349868e-01
8.881784197001252323e-16 -6.895257039197747462e-01
5.000000000000781597e-03 -6.925762145905360878e-01
1.000000000000089706e-02 -6.954699086343187897e-01
1.500000000000101252e-02 -6.982067860511228519e-01
2.000000000000090594e-02 -7.007868468409484963e-01
2.500000000000079936e-02 -7.032100910037953900e-01
3.000000000000091482e-02 -7.054765185396638660e-01
3.500000000000103029e-02 -7.075861294485537023e-01
4.000000000000092371e-02 -7.095389237304648988e-01
4.500000000000081712e-02 -7.113349013853976777e-01
5.000000000000093259e-02 -7.129740624133517057e-01
5.500000000000104805e-02 -7.144564068143274271e-01
6.000000000000094147e-02 -7.157819345883242868e-01
6.500000000000083489e-02 -7.169506457353426176e-01
7.000000000000095035e-02 -7.179625402553825309e-01
7.500000000000106581e-02 -7.188176181484438043e-01
8.000000000000095923e-02 -7.195158794145264380e-01
8.500000000000085265e-02 -7.200573240536305430e-01
9.000000000000096811e-02 -7.204419520657561193e-01
9.500000000000108358e-02 -7.206697634509030559e-01
1.000000000000009770e-01 -7.207407582090715747e-01
1.050000000000008704e-01 -7.206549363402613428e-01
1.100000000000009859e-01 -7.204122978444725822e-01
1.150000000000011013e-01 -7.200128427217051819e-01
1.200000000000009948e-01 -7.194565709719593638e-01
1.250000000000008882e-01 -7.187434825952349060e-01
1.300000000000010036e-01 -7.178735775915319195e-01
1.350000000000011191e-01 -7.168468559608502932e-01
1.400000000000010125e-01 -7.156633177031901383e-01
1.450000000000009059e-01 -7.143229628185513436e-01
1.500000000000010214e-01 -7.128257913069340201e-01
1.550000000000011369e-01 -7.111718031683380570e-01
1.600000000000010303e-01 -7.093609984027637871e-01
1.650000000000009237e-01 -7.073933770102107665e-01
1.700000000000010392e-01 -7.052689389906791062e-01
1.750000000000011546e-01 -7.029876843441688061e-01
1.800000000000010481e-01 -7.005496130706800884e-01
1.850000000000009415e-01 -6.979547251702129529e-01
1.900000000000010569e-01 -6.952030206427668446e-01
1.950000000000011724e-01 -6.922944994883424297e-01
2.000000000000010658e-01 -6.892291617069393750e-01
2.050000000000009592e-01 -6.860070072985577916e-01
2.100000000000010747e-01 -6.826280362631975684e-01
2.150000000000011902e-01 -6.790922486008587056e-01
2.200000000000010836e-01 -6.753996443115415360e-01
2.250000000000009770e-01 -6.715502233952456157e-01
2.300000000000010925e-01 -6.675439858519711667e-01
2.350000000000012079e-01 -6.633809316817179669e-01
2.400000000000011013e-01 -6.590610608844865714e-01
2.450000000000009948e-01 -6.545843734602764252e-01
2.500000000000011102e-01 -6.499508694090876393e-01
2.550000000000012257e-01 -6.451605487309203246e-01
2.600000000000011191e-01 -6.402134114257742592e-01
2.650000000000010125e-01 -6.351094574936501091e-01
2.700000000000011280e-01 -6.298486869345467642e-01
2.750000000000012434e-01 -6.244310997484651127e-01
2.800000000000011369e-01 -6.188566959354050434e-01
2.850000000000010303e-01 -6.131254754953664454e-01
2.900000000000011458e-01 -6.072374384283490967e-01
2.950000000000012612e-01 -6.011925847343527751e-01
3.000000000000011546e-01 -5.949909144133787020e-01
3.050000000000010481e-01 -5.886324274654255451e-01
3.100000000000011635e-01 -5.821171238904938594e-01
3.150000000000012790e-01 -5.754450036885835340e-01
3.200000000000011724e-01 -5.686160668596950130e-01
3.250000000000010658e-01 -5.616303134038277411e-01
3.300000000000011813e-01 -5.544877433209818296e-01
3.350000000000012967e-01 -5.471883566111571673e-01
3.400000000000011902e-01 -5.397321532743540873e-01
3.450000000000010836e-01 -5.321191333105729226e-01
3.500000000000011990e-01 -5.243492967198123411e-01
3.550000000000013145e-01 -5.164226435020733419e-01
3.600000000000012079e-01 -5.083391736573562580e-01
3.650000000000011013e-01 -5.000988871856605344e-01
3.700000000000012168e-01 -4.917017840869859491e-01
3.750000000000013323e-01 -4.831478643613324464e-01
3.800000000000012257e-01 -4.744371280087013587e-01
3.850000000000011191e-01 -4.655695750290910206e-01
3.900000000000012346e-01 -4.565452054225021539e-01
3.950000000000013500e-01 -4.473640191889347029e-01
4.000000000000012434e-01 -4.380260163283890007e-01
4.050000000000011369e-01 -4.285311968408647143e-01
4.100000000000012523e-01 -4.188795607263615661e-01
4.150000000000013678e-01 -4.090711079848797782e-01
4.200000000000012612e-01 -3.991058386164194061e-01
4.250000000000011546e-01 -3.889837526209812824e-01
4.300000000000012701e-01 -3.787048499985633532e-01
4.350000000000013856e-01 -3.682691307491673394e-01
4.400000000000012790e-01 -3.576765948727930744e-01
4.450000000000011724e-01 -3.469272423694402807e-01
4.500000000000012879e-01 -3.360210732391085142e-01
4.550000000000014033e-01 -3.249580874817977194e-01
4.600000000000012967e-01 -3.137382850975096171e-01
4.650000000000011902e-01 -3.023616660862420980e-01
4.700000000000013056e-01 -2.908282304479959945e-01
4.750000000000014211e-01 -2.791379781827713624e-01
4.800000000000013145e-01 -2.672909092905685902e-01
4.850000000000012079e-01 -2.552870237713872337e-01
4.900000000000013234e-01 -2.431263216252268489e-01
4.950000000000014388e-01 -2.308088028520879353e-01
5.000000000000013323e-01 -2.183344674519704376e-01
5.050000000000012257e-01 -2.057033154248752160e-01
5.100000000000013411e-01 -1.929153467708001335e-01
5.150000000000014566e-01 -1.799705614897468275e-01
5.200000000000013500e-01 -1.668689595817154370e-01
5.250000000000012434e-01 -1.536105410467056287e-01
5.300000000000013589e-01 -1.401953058847165978e-01
5.350000000000014744e-01 -1.266232540957485941e-01
5.400000000000013678e-01 -1.128943856798034773e-01
5.450000000000012612e-01 -9.900870063687883249e-02
5.500000000000013767e-01 -8.496619896697553409e-02
5.550000000000014921e-01 -7.076688067009369310e-02
5.600000000000013856e-01 -5.641074574623376053e-02
5.650000000000012790e-01 -4.189779419539539640e-02
5.700000000000013944e-01 -2.722802601757782354e-02
5.750000000000015099e-01 -1.240144121278170981e-02
5.800000000000014033e-01 2.581960218993056225e-03
5.850000000000012967e-01 1.772217827774524856e-02
5.900000000000014122e-01 3.301921296347765100e-02
5.950000000000015277e-01 4.847306427618803398e-02
6.000000000000014211e-01 6.408373221587651547e-02
6.050000000000013145e-01 7.985121678254297750e-02
6.100000000000014300e-01 9.577551797619021645e-02
6.150000000000015454e-01 1.118566357968149849e-01
6.200000000000014388e-01 1.280945702444170609e-01
6.250000000000013323e-01 1.444893213189989145e-01
6.300000000000014477e-01 1.610408890205594357e-01
6.350000000000015632e-01 1.777492733490983745e-01
6.400000000000014566e-01 1.946144743046148429e-01
6.450000000000013500e-01 2.116364918871109502e-01
6.500000000000014655e-01 2.288153260965857250e-01
6.550000000000015810e-01 2.461509769330389452e-01
6.600000000000014744e-01 2.636434443964709162e-01
6.650000000000013678e-01 2.812927284868800837e-01
6.700000000000014833e-01 2.990988292042690011e-01
6.750000000000015987e-01 3.170617465486366138e-01
6.800000000000014921e-01 3.351814805199828662e-01
6.850000000000013856e-01 3.534580311183077583e-01
6.900000000000015010e-01 3.718913983436110682e-01
6.950000000000016165e-01 3.904815821958927957e-01
7.000000000000015099e-01 4.092285826751521083e-01
7.050000000000014033e-01 4.281323997813911708e-01
7.100000000000015188e-01 4.471930335146086510e-01
7.150000000000016342e-01 4.664104838748049930e-01
7.200000000000015277e-01 4.857847508619795862e-01
7.250000000000014211e-01 5.053158344761317089e-01
7.300000000000015365e-01 5.250037347172635815e-01
7.350000000000016520e-01 5.448484515853740939e-01
7.400000000000015454e-01 5.648499850804630240e-01
7.450000000000014388e-01 5.850083352025292616e-01
7.500000000000015543e-01 6.053235019515755821e-01
7.550000000000016698e-01 6.257954853276017637e-01
7.600000000000015632e-01 6.464242853306038095e-01
7.650000000000014566e-01 6.672099019605841619e-01
7.700000000000015721e-01 6.881523352175461516e-01
7.750000000000016875e-01 7.092515851014852268e-01
7.800000000000015810e-01 7.305076516124013875e-01
7.850000000000014744e-01 7.519205347502975201e-01
7.900000000000015898e-01 7.734902345151724035e-01
7.950000000000017053e-01 7.952167509070258156e-01
8.000000000000015987e-01 8.171000839258565351e-01
8.050000000000014921e-01 8.391402335716671157e-01
8.100000000000016076e-01 8.613371998444563360e-01
8.150000000000017231e-01 8.836909827442238630e-01
8.200000000000016165e-01 9.062015822709701407e-01
8.250000000000015099e-01 9.288689984246932818e-01
8.300000000000016254e-01 9.516932312053968390e-01
8.350000000000017408e-01 9.746742806130785919e-01
8.400000000000016342e-01 9.978121466477393176e-01
8.450000000000015277e-01 1.021106829309378350e+00
8.500000000000016431e-01 1.044558328597996244e+00
8.550000000000017586e-01 1.068166644513592667e+00
8.600000000000016520e-01 1.091931777056165620e+00
8.650000000000015454e-01 1.115853726225718878e+00
8.700000000000016609e-01 1.139932492022250887e+00
8.750000000000017764e-01 1.164168074445761425e+00
8.800000000000016698e-01 1.188560473496250491e+00
8.850000000000015632e-01 1.213109689173716532e+00
8.900000000000016787e-01 1.237815721478162878e+00
8.950000000000017941e-01 1.262678570409587975e+00
9.000000000000016875e-01 1.287698235967991156e+00
9.050000000000015810e-01 1.312874718153371312e+00
9.100000000000016964e-01 1.338208016965731773e+00
9.150000000000018119e-01 1.363698132405072982e+00
9.200000000000017053e-01 1.389345064471388946e+00
9.250000000000015987e-01 1.415148813164683217e+00
9.300000000000017142e-01 1.441109378484960013e+00
9.350000000000018296e-01 1.467226760432213561e+00
9.400000000000017231e-01 1.493500959006443640e+00
9.450000000000016165e-01 1.519931974207654468e+00
9.500000000000017319e-01 1.546519806035843603e+00
9.550000000000018474e-01 1.573264454491011266e+00
9.600000000000017408e-01 1.600165919573155460e+00
9.650000000000016342e-01 1.627224201282280402e+00
9.700000000000017497e-01 1.654439299618383874e+00
9.750000000000018652e-01 1.681811214581466096e+00
9.800000000000017586e-01 1.709339946171526847e+00
9.850000000000016520e-01 1.737025494388563684e+00
9.900000000000017675e-01 1.764867859232581715e+00
9.950000000000018829e-01 1.792867040703578052e+00
1.000000000000001776e+00 1.821023038801552918e+00
