1.765317706171223300e-01 -7.022574330228801287e-01
-4.942664776225809131e-01 3.859822527309620943e-01
-8.760819291777044437e-01 2.265908700931026143e+00
-4.692341186357997795e-01 2.946731670096819355e-01
-1.403632010196405044e-01 -5.398972021734560478e-01
-7.617977804120639185e-01 1.607321239619046604e+00
-2.053460142585470383e-01 -4.287738065043233959e-01
9.985045126694447326e-02 -7.207409098031086758e-01
9.944271611941357669e-02 -7.207406104639172417e-01
9.833573319003585667e-02 -7.207345388721513313e-01
9.991722540182568224e-02 -7.207408594508810662e-01
