-1.000000000000000000e+00 3.118215664358569228e+00
-9.949999999999999956e-01 3.079220868017284118e+00
-9.899999999999999911e-01 3.040400595938546502e+00
-9.849999999999999867e-01 3.001756755238158547e+00
-9.799999999999999822e-01 2.963295064003897750e+00
-9.749999999999999778e-01 2.925005036009235226e+00
-9.699999999999999734e-01 2.886893821716068231e+00
-9.649999999999999689e-01 2.848960944520069205e+00
-9.599999999999999645e-01 2.811206404886899435e+00
-9.549999999999999600e-01 2.773625911049304449e+00
-9.499999999999999556e-01 2.736219940310103738e+00
-9.449999999999999512e-01 2.698998505085466348e+00
-9.399999999999999467e-01 2.661951114492250525e+00
-9.349999999999999423e-01 2.625081108253208839e+00
-9.299999999999999378e-01 2.588388962972668850e+00
-9.249999999999999334e-01 2.551871817860511982e+00
-9.199999999999999289e-01 2.515531101798398339e+00
-9.149999999999999245e-01 2.479366815717650496e+00
-9.099999999999999201e-01 2.443387066548449837e+00
-9.049999999999999156e-01 2.407578023452071392e+00
-8.999999999999999112e-01 2.371945887407047593e+00
-8.949999999999999067e-01 2.336490182274712168e+00
-8.899999999999999023e-01 2.301219489726928913e+00
-8.849999999999998979e-01 2.266120458556098782e+00
-8.799999999999998934e-01 2.231200241086764180e+00
-8.749999999999998890e-01 2.196455023087320768e+00
-8.699999999999998845e-01 2.161887666279209697e+00
-8.649999999999998801e-01 2.127498645171282732e+00
-8.599999999999998757e-01 2.093288438929004514e+00
-8.549999999999998712e-01 2.059249894529340708e+00
-8.499999999999998668e-01 2.025393977829946124e+00
-8.449999999999998623e-01 1.991714968647567474e+00
-8.399999999999998579e-01 1.958206667633486830e+00
-8.349999999999998535e-01 1.924883378505466425e+00
-8.299999999999998490e-01 1.891737950103117072e+00
-8.249999999999998446e-01 1.858762275030596101e+00
-8.199999999999998401e-01 1.825969706358147704e+00
-8.149999999999998357e-01 1.793354521807042801e+00
-8.099999999999998312e-01 1.760917672723291361e+00
-8.049999999999998268e-01 1.728653439854962670e+00
-7.999999999999998224e-01 1.696569451432434761e+00
-7.949999999999998179e-01 1.664661416154114448e+00
-7.899999999999998135e-01 1.632930763134492480e+00
-7.849999999999998090e-01 1.601380831863490783e+00
-7.799999999999998046e-01 1.570006854435188615e+00
-7.749999999999998002e-01 1.538806445266811096e+00
-7.699999999999997957e-01 1.507785326637087309e+00
-7.649999999999997913e-01 1.476945883663130843e+00
-7.599999999999997868e-01 1.446280962623415434e+00
-7.549999999999997824e-01 1.415794855052364909e+00
-7.499999999999997780e-01 1.385479932719601237e+00
-7.449999999999997735e-01 1.355346685344112956e+00
-7.399999999999997691e-01 1.325393205577267253e+00
-7.349999999999997646e-01 1.295615678256137215e+00
-7.299999999999997602e-01 1.266015535056350672e+00
-7.249999999999997558e-01 1.236589437419308268e+00
-7.199999999999997513e-01 1.207341199110953056e+00
-7.149999999999997469e-01 1.178275113994015300e+00
-7.099999999999997424e-01 1.149384504019973718e+00
-7.049999999999997380e-01 1.120671754305941903e+00
-6.999999999999997335e-01 1.092133050387484872e+00
-6.949999999999997291e-01 1.063774590681997978e+00
-6.899999999999997247e-01 1.035595899283645593e+00
-6.849999999999997202e-01 1.007591252516714775e+00
-6.799999999999997158e-01 9.797639896382966951e-01
-6.749999999999997113e-01 9.521164946013519481e-01
-6.699999999999997069e-01 9.246454295457730010e-01
-6.649999999999997025e-01 8.973512706102261260e-01
-6.599999999999996980e-01 8.702321109117397979e-01
-6.549999999999996936e-01 8.432927183562347606e-01
-6.499999999999996891e-01 8.165321404335478261e-01
-6.449999999999996847e-01 7.899484686308929637e-01
-6.399999999999996803e-01 7.635459954140165761e-01
-6.349999999999996758e-01 7.373142298997769073e-01
-6.299999999999996714e-01 7.112646161799708322e-01
-6.249999999999996669e-01 6.853938156959989980e-01
-6.199999999999996625e-01 6.596961075661161855e-01
-6.149999999999996581e-01 6.341753062547573760e-01
-6.099999999999996536e-01 6.088347493891993478e-01
-6.049999999999996492e-01 5.836701452021876291e-01
-5.999999999999996447e-01 5.586824478336999134e-01
-5.949999999999996403e-01 5.338769017939845041e-01
-5.899999999999996358e-01 5.092473093641379789e-01
-5.849999999999996314e-01 4.847922388685325656e-01
-5.799999999999996270e-01 4.605169355159083877e-01
-5.749999999999996225e-01 4.364185394474695001e-01
-5.699999999999996181e-01 4.125003875920007501e-01
-5.649999999999996136e-01 3.887581884150783096e-01
-5.599999999999996092e-01 3.651886045222560440e-01
-5.549999999999996048e-01 3.418040336796472345e-01
-5.499999999999996003e-01 3.185896937025169406e-01
-5.449999999999995959e-01 2.955598894727806125e-01
-5.399999999999995914e-01 2.727074688987264905e-01
-5.349999999999995870e-01 2.500281397474388156e-01
-5.299999999999995826e-01 2.275309623905847067e-01
-5.249999999999995781e-01 2.052044932020286316e-01
-5.199999999999995737e-01 1.830611294822225565e-01
-5.149999999999995692e-01 1.610961023939231629e-01
-5.099999999999995648e-01 1.393060750083456034e-01
-5.049999999999995604e-01 1.176958147657493348e-01
-4.999999999999995559e-01 9.626293771317398495e-02
-4.949999999999995515e-01 7.500553743330931611e-02
-4.899999999999995470e-01 5.392552080912685342e-02
-4.849999999999995426e-01 3.302574746659195370e-02
-4.799999999999995381e-01 1.229763643233275361e-02
-4.749999999999995337e-01 -8.242123691605568458e-03
-4.699999999999995293e-01 -2.861117750989103370e-02
-4.649999999999995248e-01 -4.880236967118287139e-02
-4.599999999999995204e-01 -6.881474882947111182e-02
-4.549999999999995159e-01 -8.864974409924650245e-02
-4.499999999999995115e-01 -1.083064018061926370e-01
-4.449999999999995071e-01 -1.277885380445590024e-01
-4.399999999999995026e-01 -1.470875678828527933e-01
-4.349999999999994982e-01 -1.662125526240637308e-01
-4.299999999999994937e-01 -1.851625385938754087e-01
-4.249999999999994893e-01 -2.039284649549593931e-01
-4.199999999999994849e-01 -2.225193920789828306e-01
-4.149999999999994804e-01 -2.409334123844822650e-01
-4.099999999999994760e-01 -2.591686189884861435e-01
-4.049999999999994715e-01 -2.772259655653109278e-01
-3.999999999999994671e-01 -2.951083129050751652e-01
-3.949999999999994627e-01 -3.128132763563265528e-01
-3.899999999999994582e-01 -3.303337038273533310e-01
-3.849999999999994538e-01 -3.476867619215120997e-01
-3.799999999999994493e-01 -3.648543301282992091e-01
-3.749999999999994449e-01 -3.818454688193818058e-01
-3.699999999999994404e-01 -3.986592233891209092e-01
-3.649999999999994360e-01 -4.152975030487944808e-01
-3.599999999999994316e-01 -4.317574449128081526e-01
-3.549999999999994271e-01 -4.480380960053374495e-01
-3.499999999999994227e-01 -4.641394565592130150e-01
-3.449999999999994182e-01 -4.800672481546719994e-01
-3.399999999999994138e-01 -4.958128877228667464e-01
-3.349999999999994094e-01 -5.113863895426115080e-01
-3.299999999999994049e-01 -5.267763083579560801e-01
-3.249999999999994005e-01 -5.419902749604156300e-01
-3.199999999999993960e-01 -5.570297189301421925e-01
-3.149999999999993916e-01 -5.718874881754240080e-01
-3.099999999999993872e-01 -5.865678739978542611e-01
-3.049999999999993827e-01 -6.010718298389187142e-01
-2.999999999999993783e-01 -6.154017398844083830e-01
-2.949999999999993738e-01 -6.295432994852384612e-01
-2.899999999999993694e-01 -6.435189197550138518e-01
-2.849999999999993650e-01 -6.573109579517116829e-01
-2.799999999999993605e-01 -6.709294271899929329e-01
-2.749999999999993561e-01 -6.843628831452300831e-01
-2.699999999999993516e-01 -6.976246786548366829e-01
-2.649999999999993472e-01 -7.107038448343595549e-01
-2.599999999999993427e-01 -7.236094425211271330e-01
-2.549999999999993383e-01 -7.363338418549468800e-01
-2.499999999999993339e-01 -7.488841963245144173e-01
-2.449999999999993294e-01 -7.612538288126310393e-01
-2.399999999999993250e-01 -7.734494159708341643e-01
-2.349999999999993205e-01 -7.854647589160671517e-01
-2.299999999999993161e-01 -7.973012874613126799e-01
-2.249999999999993117e-01 -8.089604330493679329e-01
-2.199999999999993072e-01 -8.204402874002775237e-01
-2.149999999999993028e-01 -8.317441895383020922e-01
-2.099999999999992983e-01 -8.428697538806667611e-01
-2.049999999999992939e-01 -8.538212724274566456e-01
-1.999999999999992895e-01 -8.645935006684234425e-01
-1.949999999999992850e-01 -8.751821470691433236e-01
-1.899999999999992806e-01 -8.856024692545255705e-01
-1.849999999999992761e-01 -8.958339643909206673e-01
-1.799999999999992717e-01 -9.058976121491363331e-01
-1.749999999999992673e-01 -9.157767246256193205e-01
-1.699999999999992628e-01 -9.254832220508327767e-01
-1.649999999999992584e-01 -9.350118585175445363e-01
-1.599999999999992539e-01 -9.443583436554839894e-01
-1.549999999999992495e-01 -9.535298293235322520e-01
-1.499999999999992450e-01 -9.625248854758760020e-01
-1.449999999999992406e-01 -9.713373132294585988e-01
-1.399999999999992362e-01 -9.799756954202970549e-01
-1.349999999999992317e-01 -9.884376473969390675e-01
-1.299999999999992273e-01 -9.967160168348422333e-01
-1.249999999999992228e-01 -1.004824155872928060e+00
-1.199999999999992184e-01 -1.012747282093631185e+00
-1.149999999999992140e-01 -1.020498270333053625e+00
-1.099999999999992095e-01 -1.028068060452358878e+00
-1.049999999999992051e-01 -1.035462850403281010e+00
-9.999999999999920064e-02 -1.042676443165408529e+00
-9.499999999999919620e-02 -1.049714559387656010e+00
-8.999999999999919176e-02 -1.056571954792605794e+00
-8.499999999999918732e-02 -1.063252443611862219e+00
-7.999999999999918288e-02 -1.069759363007040776e+00
-7.499999999999917843e-02 -1.076087946003543294e+00
-6.999999999999917399e-02 -1.082236284088583744e+00
-6.499999999999916955e-02 -1.088205331402139819e+00
-5.999999999999916511e-02 -1.093999379245804704e+00
-5.499999999999916067e-02 -1.099616044830771244e+00
-4.999999999999915623e-02 -1.105049127411337651e+00
-4.499999999999915179e-02 -1.110310548382120288e+00
-3.999999999999914735e-02 -1.115391248302774585e+00
-3.499999999999914291e-02 -1.120295518474893726e+00
-2.999999999999913847e-02 -1.125023358665647066e+00
-2.499999999999913403e-02 -1.129571908084916032e+00
-1.999999999999912959e-02 -1.133941643569858826e+00
-1.499999999999912514e-02 -1.138133995864780701e+00
-9.999999999999120703e-03 -1.142148488132523454e+00
-4.999999999999116262e-03 -1.145985596511753357e+00
8.881784197001252323e-16 -1.149643890956657089e+00
5.000000000000781597e-03 -1.153131954768912948e+00
1.000000000000089706e-02 -1.156434529392289079e+00
1.500000000000101252e-02 -1.159560196498649276e+00
2.000000000000090594e-02 -1.162510387996452010e+00
2.500000000000079936e-02 -1.165280334582792676e+00
3.000000000000091482e-02 -1.167871945003287948e+00
3.500000000000103029e-02 -1.170288078883903182e+00
4.000000000000092371e-02 -1.172524444690214551e+00
4.500000000000081712e-02 -1.174586765166612423e+00
5.000000000000093259e-02 -1.176468364592881954e+00
5.500000000000104805e-02 -1.178167335620390332e+00
6.000000000000094147e-02 -1.179697982898222364e+00
6.500000000000083489e-02 -1.181046001311631954e+00
7.000000000000095035e-02 -1.182215682395042933e+00
7.500000000000106581e-02 -1.183210841777043498e+00
8.000000000000095923e-02 -1.184021941783147014e+00
8.500000000000085265e-02 -1.184661856550963677e+00
9.000000000000096811e-02 -1.185122481711449183e+00
9.500000000000108358e-02 -1.185402385588975704e+00
1.000000000000009770e-01 -1.185509196879582561e+00
1.050000000000008704e-01 -1.185430994887145317e+00
1.100000000000009859e-01 -1.185182562960552133e+00
1.150000000000011013e-01 -1.184751501936705864e+00
1.200000000000009948e-01 -1.184145441908629692e+00
1.250000000000008882e-01 -1.183365812456475652e+00
1.300000000000010036e-01 -1.182397833258153952e+00
1.350000000000011191e-01 -1.181260100264342583e+00
1.400000000000010125e-01 -1.179944029707701958e+00
1.450000000000009059e-01 -1.178447237635271705e+00
1.500000000000010214e-01 -1.176772584604339755e+00
1.550000000000011369e-01 -1.174918642431737936e+00
1.600000000000010303e-01 -1.172892084509374655e+00
1.650000000000009237e-01 -1.170684805769713677e+00
1.700000000000010392e-01 -1.168304911047460592e+00
1.750000000000011546e-01 -1.165737142950536764e+00
1.800000000000010481e-01 -1.162999143289642490e+00
1.850000000000009415e-01 -1.160083283601569093e+00
1.900000000000010569e-01 -1.156986703561859287e+00
1.950000000000011724e-01 -1.153714646516608155e+00
2.000000000000010658e-01 -1.150262345724048174e+00
2.050000000000009592e-01 -1.146632184904309071e+00
2.100000000000010747e-01 -1.142832269590588368e+00
2.150000000000011902e-01 -1.138846387086676515e+00
2.200000000000010836e-01 -1.134679784929620183e+00
2.250000000000009770e-01 -1.130342950510101474e+00
2.300000000000010925e-01 -1.125826348714770830e+00
2.350000000000012079e-01 -1.121134271310882724e+00
2.400000000000011013e-01 -1.116259087972583330e+00
2.450000000000009948e-01 -1.111208905397223390e+00
2.500000000000011102e-01 -1.105983246747644699e+00
2.550000000000012257e-01 -1.100579728536548174e+00
2.600000000000011191e-01 -1.094994534902514971e+00
2.650000000000010125e-01 -1.089230050031336106e+00
2.700000000000011280e-01 -1.083296765504645265e+00
2.750000000000012434e-01 -1.077178944532068527e+00
2.800000000000011369e-01 -1.070881833253668702e+00
2.850000000000010303e-01 -1.064410675481202162e+00
2.900000000000011458e-01 -1.057764996240155853e+00
2.950000000000012612e-01 -1.050934303948896087e+00
3.000000000000011546e-01 -1.043931950280683196e+00
3.050000000000010481e-01 -1.036750782678144134e+00
3.100000000000011635e-01 -1.029390800908448256e+00
3.150000000000012790e-01 -1.021853436647223390e+00
3.200000000000011724e-01 -1.014138211427496827e+00
3.250000000000010658e-01 -1.006243218366297043e+00
3.300000000000011813e-01 -9.981732263008674666e-01
3.350000000000012967e-01 -9.899268044869026228e-01
3.400000000000011902e-01 -9.815001389256289288e-01
3.450000000000010836e-01 -9.728956117073616072e-01
3.500000000000011990e-01 -9.641122712532600447e-01
3.550000000000013145e-01 -9.551544088649174258e-01
3.600000000000012079e-01 -9.460201157967170760e-01
3.650000000000011013e-01 -9.367060555855354353e-01
3.700000000000012168e-01 -9.272122279985418603e-01
3.750000000000013323e-01 -9.175438777788152978e-01
3.800000000000012257e-01 -9.076971904619207665e-01
3.850000000000011191e-01 -8.976721660478582665e-01
3.900000000000012346e-01 -8.874702350481024071e-01
3.950000000000013500e-01 -8.770913981611451193e-01
4.000000000000012434e-01 -8.665308851527592227e-01
4.050000000000011369e-01 -8.557977580244263693e-01
4.100000000000012523e-01 -8.448839091474732443e-01
4.150000000000013678e-01 -8.337941075919738099e-01
4.200000000000012612e-01 -8.225278760551085755e-01
4.250000000000011546e-01 -8.110828310495784566e-01
4.300000000000012701e-01 -7.994594480155577942e-01
4.350000000000013856e-01 -7.876577283500304505e-01
4.400000000000012790e-01 -7.756829170289060160e-01
4.450000000000011724e-01 -7.635249993077090069e-01
4.500000000000012879e-01 -7.511958977452090069e-01
4.550000000000014033e-01 -7.386841682496091410e-01
4.600000000000012967e-01 -7.259941018896719500e-01
4.650000000000011902e-01 -7.131285573600402161e-01
4.700000000000013056e-01 -7.000865849445184752e-01
4.750000000000014211e-01 -6.868643676175346657e-01
4.800000000000013145e-01 -6.734652432391962096e-01
4.850000000000012079e-01 -6.598892122751643941e-01
4.900000000000013234e-01 -6.461367517954280659e-01
4.950000000000014388e-01 -6.322059549170157000e-01
5.000000000000013323e-01 -6.180992039630731627e-01
5.050000000000012257e-01 -6.038112555875053689e-01
5.100000000000013411e-01 -5.893483082077076718e-01
5.150000000000014566e-01 -5.747094074508717343e-01
5.200000000000013500e-01 -5.598883553652634903e-01
5.250000000000012434e-01 -5.448932567855885312e-01
5.300000000000013589e-01 -5.297212516202202126e-01
5.350000000000014744e-01 -5.143685261032154843e-01
5.400000000000013678e-01 -4.988393701391836133e-01
5.450000000000012612e-01 -4.831328312179615225e-01
5.500000000000013767e-01 -4.672489081753959383e-01
5.550000000000014921e-01 -4.511914173385669913e-01
5.600000000000013856e-01 -4.349498659616877760e-01
5.650000000000012790e-01 -4.185328396747430291e-01
5.700000000000013944e-01 -4.019412909878959383e-01
5.750000000000015099e-01 -3.851704517623951163e-01
5.800000000000014033e-01 -3.682241350656916823e-01
5.850000000000012967e-01 -3.510975741560181107e-01
5.900000000000014122e-01 -3.337941078248043980e-01
5.950000000000015277e-01 -3.163123032322694983e-01
6.000000000000014211e-01 -2.986559771711548295e-01
6.050000000000013145e-01 -2.808198828029056515e-01
6.100000000000014300e-01 -2.628078362217714514e-01
6.150000000000015454e-01 -2.446169745421578889e-01
6.200000000000014388e-01 -2.262525450682809358e-01
6.250000000000013323e-01 -2.077050101256539827e-01
6.300000000000014477e-01 -1.889858128747513299e-01
6.350000000000015632e-01 -1.700835096894373899e-01
6.400000000000014566e-01 -1.510066857340356117e-01
6.450000000000013500e-01 -1.317534308659454589e-01
6.500000000000014655e-01 -1.123218400648405557e-01
6.550000000000015810e-01 -9.271524839686060004e-02
6.600000000000014744e-01 -7.292745884159410052e-02
6.650000000000013678e-01 -5.296371660778129153e-02
6.700000000000014833e-01 -3.282354462543332629e-02
6.750000000000015987e-01 -1.250503531308674865e-02
6.800000000000014921e-01 7.991333327947020004e-03
6.850000000000013856e-01 2.866317920735275693e-02
6.900000000000015010e-01 4.951574683537876553e-02
6.950000000000016165e-01 7.054188179200684972e-02
7.000000000000015099e-01 9.174683184711432404e-02
7.050000000000014033e-01 1.131282104866037364e-01
7.100000000000015188e-01 1.346903118060359950e-01
7.150000000000016342e-01 1.564283674338290686e-01
7.200000000000015277e-01 1.783380816446075434e-01
7.250000000000014211e-01 2.004323341639170641e-01
7.300000000000015365e-01 2.227030141034553046e-01
7.350000000000016520e-01 2.451444036082754130e-01
7.400000000000015454e-01 2.677679467701742921e-01
7.450000000000014388e-01 2.905698247009346757e-01
7.500000000000015543e-01 3.135467034985701118e-01
7.550000000000016698e-01 3.367019172978977237e-01
7.600000000000015632e-01 3.600330868025700126e-01
7.650000000000014566e-01 3.835421151702682052e-01
7.700000000000015721e-01 4.072280496579984699e-01
7.750000000000016875e-01 4.310927992442081247e-01
7.800000000000015810e-01 4.551325487659702573e-01
7.850000000000014744e-01 4.793525404052267347e-01
7.900000000000015898e-01 5.037422902637550548e-01
7.950000000000017053e-01 5.283170496800372318e-01
8.000000000000015987e-01 5.530682409403303579e-01
8.050000000000014921e-01 5.779939548333564714e-01
8.100000000000016076e-01 6.030941908934542850e-01
8.150000000000017231e-01 6.283780106564441637e-01
8.200000000000016165e-01 6.538368266296962217e-01
8.250000000000015099e-01 6.794706455652991250e-01
8.300000000000016254e-01 7.052847077825495914e-01
8.350000000000017408e-01 7.312737694696912483e-01
8.400000000000016342e-01 7.574387843010405019e-01
8.450000000000015277e-01 7.837811825552413181e-01
8.500000000000016431e-01 8.103023954422602371e-01
8.550000000000017586e-01 8.369990848691591934e-01
8.600000000000016520e-01 8.638745905586907581e-01
8.650000000000015454e-01 8.909260472969541267e-01
8.700000000000016609e-01 9.181510729936340764e-01
8.750000000000017764e-01 9.455634956934878543e-01
8.800000000000016698e-01 9.731432896328547910e-01
8.850000000000015632e-01 1.000908571364117705e+00
8.900000000000016787e-01 1.028837890200076544e+00
8.950000000000017941e-01 1.056956509662551724e+00
9.000000000000016875e-01 1.085245361853150570e+00
9.050000000000015810e-01 1.113715890630839311e+00
9.100000000000016964e-01 1.142358555061502301e+00
9.150000000000018119e-01 1.171180990127606236e+00
9.200000000000017053e-01 1.200184146476669156e+00
9.250000000000015987e-01 1.229356582112369978e+00
9.300000000000017142e-01 1.258710214936865412e+00
9.350000000000018296e-01 1.288240277509896003e+00
9.400000000000017231e-01 1.317948679974062287e+00
9.450000000000016165e-01 1.347832556416971528e+00
9.500000000000017319e-01 1.377894770422710025e+00
9.550000000000018474e-01 1.408128169201074087e+00
9.600000000000017408e-01 1.438542769592014992e+00
9.650000000000016342e-01 1.469134280061108910e+00
9.700000000000017497e-01 1.499903643805293285e+00
9.750000000000018652e-01 1.530849444050101482e+00
9.800000000000017586e-01 1.561971196973455989e+00
9.850000000000016520e-01 1.593270331922678196e+00
9.900000000000017675e-01 1.624745898483080708e+00
9.950000000000018829e-01 1.656398847767842852e+00
1.000000000000001776e+00 1.688227279180420481e+00
