-1.000000000000000000e+00 -3.118215457467602647e+00
-9.949999999999999956e-01 -3.079220675561817444e+00
-9.899999999999999911e-01 -3.040400414193289436e+00
-9.849999999999999867e-01 -3.001756580943482078e+00
-9.799999999999999822e-01 -2.963294901816414750e+00
-9.749999999999999778e-01 -2.925004882203655399e+00
-9.699999999999999734e-01 -2.886893676758052862e+00
-9.649999999999999689e-01 -2.848960808409618295e+00
-9.599999999999999645e-01 -2.811206276692690409e+00
-9.549999999999999600e-01 -2.773625790305676020e+00
-9.499999999999999556e-01 -2.736219825620072044e+00
-9.449999999999999512e-01 -2.698998397380353964e+00
-9.399999999999999467e-01 -2.661951015634702600e+00
-9.349999999999999423e-01 -2.625081016380580223e+00
-9.299999999999999378e-01 -2.588388876687975682e+00
-9.249999999999999334e-01 -2.551871735301109112e+00
-9.199999999999999289e-01 -2.515531024361269630e+00
-9.149999999999999245e-01 -2.479366742937134660e+00
-9.099999999999999201e-01 -2.443386996561901725e+00
-9.049999999999999156e-01 -2.407577959519120014e+00
-8.999999999999999112e-01 -2.371945828596370376e+00
-8.949999999999999067e-01 -2.336490126258002675e+00
-8.899999999999999023e-01 -2.301219436969848431e+00
-8.849999999999998979e-01 -2.266120409058647311e+00
-8.799999999999998934e-01 -2.231200195314603008e+00
-8.749999999999998890e-01 -2.196454980574788607e+00
-8.699999999999998845e-01 -2.161887625163661397e+00
-8.649999999999998801e-01 -2.127498608246686018e+00
-8.599999999999998757e-01 -2.093288404332714236e+00
-8.549999999999998712e-01 -2.059249861330034292e+00
-8.499999999999998668e-01 -2.025393947890268720e+00
-8.449999999999998623e-01 -1.991714940104873932e+00
-8.399999999999998579e-01 -1.958206639556454576e+00
-8.349999999999998535e-01 -1.924883352756740607e+00
-8.299999999999998490e-01 -1.891737925751375116e+00
-8.249999999999998446e-01 -1.858762253472821868e+00
-8.199999999999998401e-01 -1.825969685731696046e+00
-8.149999999999998357e-01 -1.793354500714929856e+00
-8.099999999999998312e-01 -1.760917654425146139e+00
-8.049999999999998268e-01 -1.728653422022478736e+00
-7.999999999999998224e-01 -1.696569434065612114e+00
-7.949999999999998179e-01 -1.664661398787291802e+00
-7.899999999999998135e-01 -1.632930748095976270e+00
-7.849999999999998090e-01 -1.601380818221958435e+00
-7.799999999999998046e-01 -1.570006840327994979e+00
-7.749999999999998002e-01 -1.538806431625278748e+00
-7.699999999999997957e-01 -1.507785313926877535e+00
-7.649999999999997913e-01 -1.476945870487259782e+00
-7.599999999999997868e-01 -1.446280949913205660e+00
-7.549999999999997824e-01 -1.415794843739138997e+00
-7.499999999999997780e-01 -1.385479921406375325e+00
-7.449999999999997735e-01 -1.355346674030887044e+00
-7.399999999999997691e-01 -1.325393194264041341e+00
-7.349999999999997646e-01 -1.295615667874233878e+00
-7.299999999999997602e-01 -1.266015524208786047e+00
-7.249999999999997558e-01 -1.236589426106082357e+00
-7.199999999999997513e-01 -1.207341189194711006e+00
-7.149999999999997469e-01 -1.178275102680789388e+00
-7.099999999999997424e-01 -1.149384493172409094e+00
-7.049999999999997380e-01 -1.120671743924038566e+00
-6.999999999999997335e-01 -1.092133040005581535e+00
-6.949999999999997291e-01 -1.063774580765755928e+00
-6.899999999999997247e-01 -1.035595888436080969e+00
-6.849999999999997202e-01 -1.007591242600472725e+00
-6.799999999999997158e-01 -9.797639797220548674e-01
-6.749999999999997113e-01 -9.521164842194488331e-01
-6.699999999999997069e-01 -9.246454182325473115e-01
-6.649999999999997025e-01 -8.973512592970004365e-01
-6.599999999999996980e-01 -8.702320995985141083e-01
-6.549999999999996936e-01 -8.432927079743316456e-01
-6.499999999999996891e-01 -8.165321295859834239e-01
-6.449999999999996847e-01 -7.899484582489898488e-01
-6.399999999999996803e-01 -7.635459845664521739e-01
-6.349999999999996758e-01 -7.373142185865512177e-01
-6.299999999999996714e-01 -7.112646044010838553e-01
-6.249999999999996669e-01 -6.853938048484345957e-01
-6.199999999999996625e-01 -6.596960967185517832e-01
-6.149999999999996581e-01 -6.341752949415316865e-01
-6.099999999999996536e-01 -6.088347376103123709e-01
-6.049999999999996492e-01 -5.836701334233006522e-01
-5.999999999999996447e-01 -5.586824355891516491e-01
-5.949999999999996403e-01 -5.338768900150975272e-01
-5.899999999999996358e-01 -5.092472966539284274e-01
-5.849999999999996314e-01 -4.847922261583229031e-01
-5.799999999999996270e-01 -4.605169237370212998e-01
-5.749999999999996225e-01 -4.364185272029211249e-01
-5.699999999999996181e-01 -4.125003753474523749e-01
-5.649999999999996136e-01 -3.887581766361912217e-01
-5.599999999999996092e-01 -3.651885927433689560e-01
-5.549999999999996048e-01 -3.418040214350988593e-01
-5.499999999999996003e-01 -3.185896809923072781e-01
-5.449999999999995959e-01 -2.955598767625709500e-01
-5.399999999999995914e-01 -2.727074557228555407e-01
-5.349999999999995870e-01 -2.500281270372291531e-01
-5.299999999999995826e-01 -2.275309501460363870e-01
-5.249999999999995781e-01 -2.052044804918190246e-01
-5.199999999999995737e-01 -1.830611163063516622e-01
-5.149999999999995692e-01 -1.610960896837135559e-01
-5.099999999999995648e-01 -1.393060618324747091e-01
-5.049999999999995604e-01 -1.176958020555397277e-01
-4.999999999999995559e-01 -9.626292593428695255e-02
-4.949999999999995515e-01 -7.500552518876099639e-02
-4.899999999999995470e-01 -5.392550763325595908e-02
-4.849999999999995426e-01 -3.302573568770492130e-02
-4.799999999999995381e-01 -1.229762418778443389e-02
-4.749999999999995337e-01 8.242136867476462792e-03
-4.699999999999995293e-01 2.861118882311677880e-02
-4.649999999999995248e-01 4.880238191573119111e-02
-4.599999999999995204e-01 6.881476014269685693e-02
-4.549999999999995159e-01 8.864975541247224755e-02
-4.499999999999995115e-01 1.083064140507409567e-01
-4.449999999999995071e-01 1.277885493577847476e-01
-4.399999999999995026e-01 1.470875801274011130e-01
-4.349999999999994982e-01 1.662125648686120505e-01
-4.299999999999994937e-01 1.851625499071011538e-01
-4.249999999999994893e-01 2.039284762681851382e-01
-4.199999999999994849e-01 2.225194033922085757e-01
-4.149999999999994804e-01 2.409334241633692975e-01
-4.099999999999994760e-01 2.591686307673732315e-01
-4.049999999999994715e-01 2.772259768785367284e-01
-3.999999999999994671e-01 2.951083237526396785e-01
-3.949999999999994627e-01 3.128132876695523534e-01
-3.899999999999994582e-01 3.303337156062404190e-01
-3.849999999999994538e-01 3.476867732347379003e-01
-3.799999999999994493e-01 3.648543414415250097e-01
-3.749999999999994449e-01 3.818454796669463192e-01
-3.699999999999994404e-01 3.986592351680079971e-01
-3.649999999999994360e-01 4.152975134306977067e-01
-3.599999999999994316e-01 4.317574552947113786e-01
-3.549999999999994271e-01 4.480381063872406755e-01
-3.499999999999994227e-01 4.641394664754549537e-01
-3.449999999999994182e-01 4.800672580709139381e-01
-3.399999999999994138e-01 4.958128981047699724e-01
-3.349999999999994094e-01 5.113863994588533357e-01
-3.299999999999994049e-01 5.267763192055204824e-01
-3.249999999999994005e-01 5.419902853423187450e-01
-3.199999999999993960e-01 5.570297293120453075e-01
-3.149999999999993916e-01 5.718874980916658357e-01
-3.099999999999993872e-01 5.865678834484348014e-01
-3.049999999999993827e-01 6.010718392894992546e-01
-2.999999999999993783e-01 6.154017498006502107e-01
-2.949999999999993738e-01 6.295433094014802888e-01
-2.899999999999993694e-01 6.435189296712556795e-01
-2.849999999999993650e-01 6.573109674022922233e-01
-2.799999999999993605e-01 6.709294366405734733e-01
-2.749999999999993561e-01 6.843628935271331981e-01
-2.699999999999993516e-01 6.976246881054172233e-01
-2.649999999999993472e-01 7.107038547506013826e-01
-2.599999999999993427e-01 7.236094524373689607e-01
-2.549999999999993383e-01 7.363338522368499950e-01
-2.499999999999993339e-01 7.488842057750949577e-01
-2.449999999999993294e-01 7.612538387288728670e-01
-2.399999999999993250e-01 7.734494258870759920e-01
-2.349999999999993205e-01 7.854647683666476921e-01
-2.299999999999993161e-01 7.973012973775545076e-01
-2.249999999999993117e-01 8.089604424999484733e-01
-2.199999999999993072e-01 8.204402973165193513e-01
-2.149999999999993028e-01 8.317441985232213453e-01
-2.099999999999992983e-01 8.428697633312473014e-01
-2.049999999999992939e-01 8.538212828093597606e-01
-1.999999999999992895e-01 8.645935110503265575e-01
-1.949999999999992850e-01 8.751821565197238639e-01
-1.899999999999992806e-01 8.856024791707673982e-01
-1.849999999999992761e-01 8.958339738415012077e-01
-1.799999999999992717e-01 9.058976225310394481e-01
-1.749999999999992673e-01 9.157767345418611482e-01
-1.699999999999992628e-01 9.254832315014133171e-01
-1.649999999999992584e-01 9.350118688994476512e-01
-1.599999999999992539e-01 9.443583540373871044e-01
-1.549999999999992495e-01 9.535298401710966543e-01
-1.499999999999992450e-01 9.625248963234404043e-01
-1.449999999999992406e-01 9.713373236113617137e-01
-1.399999999999992362e-01 9.799757053365388826e-01
-1.349999999999992317e-01 9.884376577788421825e-01
-1.299999999999992273e-01 9.967160281480679229e-01
-1.249999999999992228e-01 1.004824167186153971e+00
-1.199999999999992184e-01 1.012747293406857096e+00
-1.149999999999992140e-01 1.020498281180618250e+00
-1.099999999999992095e-01 1.028068070834262215e+00
-1.049999999999992051e-01 1.035462862182168209e+00
-9.999999999999920064e-02 1.042676454478634440e+00
-9.499999999999919620e-02 1.049714571166543209e+00
-8.999999999999919176e-02 1.056571966105831706e+00
-8.499999999999918732e-02 1.063252454459426843e+00
-7.999999999999918288e-02 1.069759374785927974e+00
-7.499999999999917843e-02 1.076087957316769206e+00
-6.999999999999917399e-02 1.082236295867470943e+00
-6.499999999999916955e-02 1.088205343646688306e+00
-5.999999999999916511e-02 1.093999392421675765e+00
-5.499999999999916067e-02 1.099616056609658443e+00
-4.999999999999915623e-02 1.105049139190224849e+00
-4.499999999999915179e-02 1.110310560626668774e+00
-3.999999999999914735e-02 1.115391260547323071e+00
-3.499999999999914291e-02 1.120295530719442212e+00
-2.999999999999913847e-02 1.125023371375856840e+00
-2.499999999999913403e-02 1.129571921260787093e+00
-1.999999999999912959e-02 1.133941657211391174e+00
-1.499999999999912514e-02 1.138134009506313049e+00
-9.999999999999120703e-03 1.142148501308394515e+00
-4.999999999999116262e-03 1.145985610153285705e+00
8.881784197001252323e-16 1.149643905063850724e+00
5.000000000000781597e-03 1.153131968876106583e+00
1.000000000000089706e-02 1.156434542568160140e+00
1.500000000000101252e-02 1.159560210605842911e+00
2.000000000000090594e-02 1.162510402103645646e+00
2.500000000000079936e-02 1.165280349621308886e+00
3.000000000000091482e-02 1.167871959110481583e+00
3.500000000000103029e-02 1.170288092991096818e+00
4.000000000000092371e-02 1.172524459728730761e+00
4.500000000000081712e-02 1.174586780670789921e+00
5.000000000000093259e-02 1.176468380097059452e+00
5.500000000000104805e-02 1.178167350658906543e+00
6.000000000000094147e-02 1.179697997936738574e+00
6.500000000000083489e-02 1.181046016815809452e+00
7.000000000000095035e-02 1.182215698830543005e+00
7.500000000000106581e-02 1.183210857746882283e+00
8.000000000000095923e-02 1.184021957752985799e+00
8.500000000000085265e-02 1.184661873917786323e+00
9.000000000000096811e-02 1.185122498146949255e+00
9.500000000000108358e-02 1.185402401093153202e+00
1.000000000000009770e-01 1.185509212849421345e+00
1.050000000000008704e-01 1.185431012253967964e+00
1.100000000000009859e-01 1.185182579861713492e+00
1.150000000000011013e-01 1.184751519303528511e+00
1.200000000000009948e-01 1.184145459275452339e+00
1.250000000000008882e-01 1.183365831220282161e+00
1.300000000000010036e-01 1.182397851556299173e+00
1.350000000000011191e-01 1.181260117631165230e+00
1.400000000000010125e-01 1.179944047074524605e+00
1.450000000000009059e-01 1.178447255467755639e+00
1.500000000000010214e-01 1.176772604299468838e+00
1.550000000000011369e-01 1.174918660729883158e+00
1.600000000000010303e-01 1.172892102807519876e+00
1.650000000000009237e-01 1.170684823136536323e+00
1.700000000000010392e-01 1.168304929345605814e+00
1.750000000000011546e-01 1.165737161248681986e+00
1.800000000000010481e-01 1.162999162984771573e+00
1.850000000000009415e-01 1.160083304228020751e+00
1.900000000000010569e-01 1.156986723256988370e+00
1.950000000000011724e-01 1.153714667143059813e+00
2.000000000000010658e-01 1.150262365884838545e+00
2.050000000000009592e-01 1.146632204133776867e+00
2.100000000000010747e-01 1.142832288820056164e+00
2.150000000000011902e-01 1.138846407713128173e+00
2.200000000000010836e-01 1.134679803693426692e+00
2.250000000000009770e-01 1.130342970205230557e+00
2.300000000000010925e-01 1.125826368875561201e+00
2.350000000000012079e-01 1.121134291006011807e+00
2.400000000000011013e-01 1.116259108133373701e+00
2.450000000000009948e-01 1.111208926023675048e+00
2.500000000000011102e-01 1.105983267839757644e+00
2.550000000000012257e-01 1.100579748697338545e+00
2.600000000000011191e-01 1.094994555063305341e+00
2.650000000000010125e-01 1.089230071123449051e+00
2.700000000000011280e-01 1.083296786131096923e+00
2.750000000000012434e-01 1.077178965624181473e+00
2.800000000000011369e-01 1.070881853880120360e+00
2.850000000000010303e-01 1.064410697504637682e+00
2.900000000000011458e-01 1.057765017797930085e+00
2.950000000000012612e-01 1.050934325506670319e+00
3.000000000000011546e-01 1.043931971838457429e+00
3.050000000000010481e-01 1.036750804235918366e+00
3.100000000000011635e-01 1.029390822931883775e+00
3.150000000000012790e-01 1.021853457273675048e+00
3.200000000000011724e-01 1.014138232053948485e+00
3.250000000000010658e-01 1.006243239458409988e+00
3.300000000000011813e-01 9.981732473929801897e-01
3.350000000000012967e-01 9.899268255790153459e-01
3.400000000000011902e-01 9.815001586207577899e-01
3.450000000000010836e-01 9.728956327994743303e-01
3.500000000000011990e-01 9.641122923453727678e-01
3.550000000000013145e-01 9.551544290257075742e-01
3.600000000000012079e-01 9.460201368888297990e-01
3.650000000000011013e-01 9.367060766776481584e-01
3.700000000000012168e-01 9.272122486249932960e-01
3.750000000000013323e-01 9.175438984052667335e-01
3.800000000000012257e-01 9.076972110883722022e-01
3.850000000000011191e-01 8.976721866743097022e-01
3.900000000000012346e-01 8.874702556745538429e-01
3.950000000000013500e-01 8.770914173906126932e-01
4.000000000000012434e-01 8.665309053135493711e-01
4.050000000000011369e-01 8.557977772538939432e-01
4.100000000000012523e-01 8.448839283769408182e-01
4.150000000000013678e-01 8.337941263557800964e-01
4.200000000000012612e-01 8.225278948189148620e-01
4.250000000000011546e-01 8.110828488820621684e-01
4.300000000000012701e-01 7.994594667793640808e-01
4.350000000000013856e-01 7.876577471138367370e-01
4.400000000000012790e-01 7.756829353270510152e-01
4.450000000000011724e-01 7.635250190028378681e-01
4.500000000000012879e-01 7.511959174403378681e-01
4.550000000000014033e-01 7.386841865477541402e-01
4.600000000000012967e-01 7.259941183251718000e-01
4.650000000000011902e-01 7.131285761238465026e-01
4.700000000000013056e-01 7.000866023113408998e-01
4.750000000000014211e-01 6.868643845186958030e-01
4.800000000000013145e-01 6.734652606060186342e-01
4.850000000000012079e-01 6.598892301076481059e-01
4.900000000000013234e-01 6.461367696279117778e-01
4.950000000000014388e-01 6.322059713525155500e-01
5.000000000000013323e-01 6.180992213298955873e-01
5.050000000000012257e-01 6.038112724886665061e-01
5.100000000000013411e-01 5.893483241775462345e-01
5.150000000000014566e-01 5.747094234207102970e-01
5.200000000000013500e-01 5.598883704037794784e-01
5.250000000000012434e-01 5.448932727554270938e-01
5.300000000000013589e-01 5.297212685213813499e-01
5.350000000000014744e-01 5.143685420730540470e-01
5.400000000000013678e-01 4.988393865746835742e-01
5.450000000000012612e-01 4.831328471878001962e-01
5.500000000000013767e-01 4.672489250765571867e-01
5.550000000000014921e-01 4.511914333084056650e-01
5.600000000000013856e-01 4.349498837941715990e-01
5.650000000000012790e-01 4.185328570415655647e-01
5.700000000000013944e-01 4.019413078890571867e-01
5.750000000000015099e-01 3.851704677322337900e-01
5.800000000000014033e-01 3.682241528981755052e-01
5.850000000000012967e-01 3.510975933854857955e-01
5.900000000000014122e-01 3.337941261229495082e-01
5.950000000000015277e-01 3.163123229273984705e-01
6.000000000000014211e-01 2.986559964006225143e-01
6.050000000000013145e-01 2.808199029636959110e-01
6.100000000000014300e-01 2.628078559169004236e-01
6.150000000000015454e-01 2.446169960999319548e-01
6.200000000000014388e-01 2.262525666260550017e-01
6.250000000000013323e-01 2.077050316834280486e-01
6.300000000000014477e-01 1.889858362951705451e-01
6.350000000000015632e-01 1.700835359038243288e-01
6.400000000000014566e-01 1.510067114827612633e-01
6.450000000000013500e-01 1.317534584773162598e-01
6.500000000000014655e-01 1.123218672105500693e-01
6.550000000000015810e-01 9.271527833653783746e-02
6.600000000000014744e-01 7.292749110957777448e-02
6.650000000000013678e-01 5.296375073841011472e-02
6.700000000000014833e-01 3.282358061870729871e-02
6.750000000000015987e-01 1.250507363466715760e-02
6.800000000000014921e-01 -7.991294540705323746e-03
6.850000000000013856e-01 -2.866313762614333682e-02
6.900000000000015010e-01 -4.951570152887904697e-02
6.950000000000016165e-01 -7.054183555418455653e-02
7.000000000000015099e-01 -9.174678234966301971e-02
7.050000000000014033e-01 -1.131281600578298574e-01
7.100000000000015188e-01 -1.346902576519718175e-01
7.150000000000016342e-01 -1.564283067605068689e-01
7.200000000000015277e-01 -1.783380200399627691e-01
7.250000000000014211e-01 -2.004322669713368421e-01
7.300000000000015365e-01 -2.227029459795525079e-01
7.350000000000016520e-01 -2.451443308277597433e-01
7.400000000000015454e-01 -2.677678656077553954e-01
7.450000000000014388e-01 -2.905697398132254805e-01
7.500000000000015543e-01 -3.135466116259416069e-01
7.550000000000016698e-01 -3.367018226313014950e-01
7.600000000000015632e-01 -3.600329837540706124e-01
7.650000000000014566e-01 -3.835420065338333573e-01
7.700000000000015721e-01 -4.072279363649507489e-01
7.750000000000016875e-01 -4.310926789662410941e-01
7.800000000000015810e-01 -4.551324201061000552e-01
7.850000000000014744e-01 -4.793524080200662341e-01
7.900000000000015898e-01 -5.037421457714011952e-01
7.950000000000017053e-01 -5.283168995997479245e-01
8.000000000000015987e-01 -5.530680810811540171e-01
8.050000000000014921e-01 -5.779937847296318099e-01
8.100000000000016076e-01 -6.030940110108425900e-01
8.150000000000017231e-01 -6.283778182009777113e-01
8.200000000000016165e-01 -6.538366276549717471e-01
8.250000000000015099e-01 -6.794704326207360312e-01
8.300000000000016254e-01 -7.052844831964543149e-01
8.350000000000017408e-01 -7.312735327764025017e-01
8.400000000000016342e-01 -7.574385350348969981e-01
8.450000000000015277e-01 -7.837809207162430569e-01
8.500000000000016431e-01 -8.103021196334233567e-01
8.550000000000017586e-01 -8.369987941591611191e-01
8.600000000000016520e-01 -8.638742802909186169e-01
8.650000000000015454e-01 -8.909257211966982171e-01
8.700000000000016609e-01 -9.181507305952331111e-01
8.750000000000017764e-01 -9.455631369969418332e-01
8.800000000000016698e-01 -9.731429118441959902e-01
8.850000000000015632e-01 -1.000908178208636201e+00
8.900000000000016787e-01 -1.028837471433224238e+00
8.950000000000017941e-01 -1.056956072734909213e+00
9.000000000000016875e-01 -1.085244903039427555e+00
9.050000000000015810e-01 -1.113715406671406782e+00
9.100000000000016964e-01 -1.142358051078634418e+00
9.150000000000018119e-01 -1.171180460067706264e+00
9.200000000000017053e-01 -1.200183590339737094e+00
9.250000000000015987e-01 -1.229355995707454241e+00
9.300000000000017142e-01 -1.258709600126611150e+00
9.350000000000018296e-01 -1.288239634294303215e+00
9.400000000000017231e-01 -1.317948002765195525e+00
9.450000000000016165e-01 -1.347831849405782378e+00
9.500000000000017319e-01 -1.377894032677875913e+00
9.550000000000018474e-01 -1.408127400256933726e+00
9.600000000000017408e-01 -1.438541962463649071e+00
9.650000000000016342e-01 -1.469133427763598121e+00
9.700000000000017497e-01 -1.499902760308476246e+00
9.750000000000018652e-01 -1.530848515849800862e+00
9.800000000000017586e-01 -1.561970224535333074e+00
9.850000000000016520e-01 -1.593269318040700711e+00
9.900000000000017675e-01 -1.624744839431958354e+00
9.950000000000018829e-01 -1.656397744944559491e+00
1.000000000000001776e+00 -1.688226120477782644e+00
