-1.000000000000000000e+00 3.118215560913085938e+00
-9.949999999999999956e-01 3.079220771789550781e+00
-9.899999999999999911e-01 3.040400505065917969e+00
-9.849999999999999867e-01 3.001756668090820312e+00
-9.799999999999999822e-01 2.963294982910156250e+00
-9.749999999999999778e-01 2.925004959106445312e+00
-9.699999999999999734e-01 2.886893749237060547e+00
-9.649999999999999689e-01 2.848960876464843750e+00
-9.599999999999999645e-01 2.811206340789794922e+00
-9.549999999999999600e-01 2.773625850677490234e+00
-9.499999999999999556e-01 2.736219882965087891e+00
-9.449999999999999512e-01 2.698998451232910156e+00
-9.399999999999999467e-01 2.661951065063476562e+00
-9.349999999999999423e-01 2.625081062316894531e+00
-9.299999999999999378e-01 2.588388919830322266e+00
-9.249999999999999334e-01 2.551871776580810547e+00
-9.199999999999999289e-01 2.515531063079833984e+00
-9.149999999999999245e-01 2.479366779327392578e+00
-9.099999999999999201e-01 2.443387031555175781e+00
-9.049999999999999156e-01 2.407577991485595703e+00
-8.999999999999999112e-01 2.371945858001708984e+00
-8.949999999999999067e-01 2.336490154266357422e+00
-8.899999999999999023e-01 2.301219463348388672e+00
-8.849999999999998979e-01 2.266120433807373047e+00
-8.799999999999998934e-01 2.231200218200683594e+00
-8.749999999999998890e-01 2.196455001831054688e+00
-8.699999999999998845e-01 2.161887645721435547e+00
-8.649999999999998801e-01 2.127498626708984375e+00
-8.599999999999998757e-01 2.093288421630859375e+00
-8.549999999999998712e-01 2.059249877929687500e+00
-8.499999999999998668e-01 2.025393962860107422e+00
-8.449999999999998623e-01 1.991714954376220703e+00
-8.399999999999998579e-01 1.958206653594970703e+00
-8.349999999999998535e-01 1.924883365631103516e+00
-8.299999999999998490e-01 1.891737937927246094e+00
-8.249999999999998446e-01 1.858762264251708984e+00
-8.199999999999998401e-01 1.825969696044921875e+00
-8.149999999999998357e-01 1.793354511260986328e+00
-8.099999999999998312e-01 1.760917663574218750e+00
-8.049999999999998268e-01 1.728653430938720703e+00
-7.999999999999998224e-01 1.696569442749023438e+00
-7.949999999999998179e-01 1.664661407470703125e+00
-7.899999999999998135e-01 1.632930755615234375e+00
-7.849999999999998090e-01 1.601380825042724609e+00
-7.799999999999998046e-01 1.570006847381591797e+00
-7.749999999999998002e-01 1.538806438446044922e+00
-7.699999999999997957e-01 1.507785320281982422e+00
-7.649999999999997913e-01 1.476945877075195312e+00
-7.599999999999997868e-01 1.446280956268310547e+00
-7.549999999999997824e-01 1.415794849395751953e+00
-7.499999999999997780e-01 1.385479927062988281e+00
-7.449999999999997735e-01 1.355346679687500000e+00
-7.399999999999997691e-01 1.325393199920654297e+00
-7.349999999999997646e-01 1.295615673065185547e+00
-7.299999999999997602e-01 1.266015529632568359e+00
-7.249999999999997558e-01 1.236589431762695312e+00
-7.199999999999997513e-01 1.207341194152832031e+00
-7.149999999999997469e-01 1.178275108337402344e+00
-7.099999999999997424e-01 1.149384498596191406e+00
-7.049999999999997380e-01 1.120671749114990234e+00
-6.999999999999997335e-01 1.092133045196533203e+00
-6.949999999999997291e-01 1.063774585723876953e+00
-6.899999999999997247e-01 1.035595893859863281e+00
-6.849999999999997202e-01 1.007591247558593750e+00
-6.799999999999997158e-01 9.797639846801757812e-01
-6.749999999999997113e-01 9.521164894104003906e-01
-6.699999999999997069e-01 9.246454238891601562e-01
-6.649999999999997025e-01 8.973512649536132812e-01
-6.599999999999996980e-01 8.702321052551269531e-01
-6.549999999999996936e-01 8.432927131652832031e-01
-6.499999999999996891e-01 8.165321350097656250e-01
-6.449999999999996847e-01 7.899484634399414062e-01
-6.399999999999996803e-01 7.635459899902343750e-01
-6.349999999999996758e-01 7.373142242431640625e-01
-6.299999999999996714e-01 7.112646102905273438e-01
-6.249999999999996669e-01 6.853938102722167969e-01
-6.199999999999996625e-01 6.596961021423339844e-01
-6.149999999999996581e-01 6.341753005981445312e-01
-6.099999999999996536e-01 6.088347434997558594e-01
-6.049999999999996492e-01 5.836701393127441406e-01
-5.999999999999996447e-01 5.586824417114257812e-01
-5.949999999999996403e-01 5.338768959045410156e-01
-5.899999999999996358e-01 5.092473030090332031e-01
-5.849999999999996314e-01 4.847922325134277344e-01
-5.799999999999996270e-01 4.605169296264648438e-01
-5.749999999999996225e-01 4.364185333251953125e-01
-5.699999999999996181e-01 4.125003814697265625e-01
-5.649999999999996136e-01 3.887581825256347656e-01
-5.599999999999996092e-01 3.651885986328125000e-01
-5.549999999999996048e-01 3.418040275573730469e-01
-5.499999999999996003e-01 3.185896873474121094e-01
-5.449999999999995959e-01 2.955598831176757812e-01
-5.399999999999995914e-01 2.727074623107910156e-01
-5.349999999999995870e-01 2.500281333923339844e-01
-5.299999999999995826e-01 2.275309562683105469e-01
-5.249999999999995781e-01 2.052044868469238281e-01
-5.199999999999995737e-01 1.830611228942871094e-01
-5.149999999999995692e-01 1.610960960388183594e-01
-5.099999999999995648e-01 1.393060684204101562e-01
-5.049999999999995604e-01 1.176958084106445312e-01
-4.999999999999995559e-01 9.626293182373046875e-02
-4.949999999999995515e-01 7.500553131103515625e-02
-4.899999999999995470e-01 5.392551422119140625e-02
-4.849999999999995426e-01 3.302574157714843750e-02
-4.799999999999995381e-01 1.229763031005859375e-02
-4.749999999999995337e-01 -8.242130279541015625e-03
-4.699999999999995293e-01 -2.861118316650390625e-02
-4.649999999999995248e-01 -4.880237579345703125e-02
-4.599999999999995204e-01 -6.881475448608398438e-02
-4.549999999999995159e-01 -8.864974975585937500e-02
-4.499999999999995115e-01 -1.083064079284667969e-01
-4.449999999999995071e-01 -1.277885437011718750e-01
-4.399999999999995026e-01 -1.470875740051269531e-01
-4.349999999999994982e-01 -1.662125587463378906e-01
-4.299999999999994937e-01 -1.851625442504882812e-01
-4.249999999999994893e-01 -2.039284706115722656e-01
-4.199999999999994849e-01 -2.225193977355957031e-01
-4.149999999999994804e-01 -2.409334182739257812e-01
-4.099999999999994760e-01 -2.591686248779296875e-01
-4.049999999999994715e-01 -2.772259712219238281e-01
-3.999999999999994671e-01 -2.951083183288574219e-01
-3.949999999999994627e-01 -3.128132820129394531e-01
-3.899999999999994582e-01 -3.303337097167968750e-01
-3.849999999999994538e-01 -3.476867675781250000e-01
-3.799999999999994493e-01 -3.648543357849121094e-01
-3.749999999999994449e-01 -3.818454742431640625e-01
-3.699999999999994404e-01 -3.986592292785644531e-01
-3.649999999999994360e-01 -4.152975082397460938e-01
-3.599999999999994316e-01 -4.317574501037597656e-01
-3.549999999999994271e-01 -4.480381011962890625e-01
-3.499999999999994227e-01 -4.641394615173339844e-01
-3.449999999999994182e-01 -4.800672531127929688e-01
-3.399999999999994138e-01 -4.958128929138183594e-01
-3.349999999999994094e-01 -5.113863945007324219e-01
-3.299999999999994049e-01 -5.267763137817382812e-01
-3.249999999999994005e-01 -5.419902801513671875e-01
-3.199999999999993960e-01 -5.570297241210937500e-01
-3.149999999999993916e-01 -5.718874931335449219e-01
-3.099999999999993872e-01 -5.865678787231445312e-01
-3.049999999999993827e-01 -6.010718345642089844e-01
-2.999999999999993783e-01 -6.154017448425292969e-01
-2.949999999999993738e-01 -6.295433044433593750e-01
-2.899999999999993694e-01 -6.435189247131347656e-01
-2.849999999999993650e-01 -6.573109626770019531e-01
-2.799999999999993605e-01 -6.709294319152832031e-01
-2.749999999999993561e-01 -6.843628883361816406e-01
-2.699999999999993516e-01 -6.976246833801269531e-01
-2.649999999999993472e-01 -7.107038497924804688e-01
-2.599999999999993427e-01 -7.236094474792480469e-01
-2.549999999999993383e-01 -7.363338470458984375e-01
-2.499999999999993339e-01 -7.488842010498046875e-01
-2.449999999999993294e-01 -7.612538337707519531e-01
-2.399999999999993250e-01 -7.734494209289550781e-01
-2.349999999999993205e-01 -7.854647636413574219e-01
-2.299999999999993161e-01 -7.973012924194335938e-01
-2.249999999999993117e-01 -8.089604377746582031e-01
-2.199999999999993072e-01 -8.204402923583984375e-01
-2.149999999999993028e-01 -8.317441940307617188e-01
-2.099999999999992983e-01 -8.428697586059570312e-01
-2.049999999999992939e-01 -8.538212776184082031e-01
-1.999999999999992895e-01 -8.645935058593750000e-01
-1.949999999999992850e-01 -8.751821517944335938e-01
-1.899999999999992806e-01 -8.856024742126464844e-01
-1.849999999999992761e-01 -8.958339691162109375e-01
-1.799999999999992717e-01 -9.058976173400878906e-01
-1.749999999999992673e-01 -9.157767295837402344e-01
-1.699999999999992628e-01 -9.254832267761230469e-01
-1.649999999999992584e-01 -9.350118637084960938e-01
-1.599999999999992539e-01 -9.443583488464355469e-01
-1.549999999999992495e-01 -9.535298347473144531e-01
-1.499999999999992450e-01 -9.625248908996582031e-01
-1.449999999999992406e-01 -9.713373184204101562e-01
-1.399999999999992362e-01 -9.799757003784179688e-01
-1.349999999999992317e-01 -9.884376525878906250e-01
-1.299999999999992273e-01 -9.967160224914550781e-01
-1.249999999999992228e-01 -1.004824161529541016e+00
-1.199999999999992184e-01 -1.012747287750244141e+00
-1.149999999999992140e-01 -1.020498275756835938e+00
-1.099999999999992095e-01 -1.028068065643310547e+00
-1.049999999999992051e-01 -1.035462856292724609e+00
-9.999999999999920064e-02 -1.042676448822021484e+00
-9.499999999999919620e-02 -1.049714565277099609e+00
-8.999999999999919176e-02 -1.056571960449218750e+00
-8.499999999999918732e-02 -1.063252449035644531e+00
-7.999999999999918288e-02 -1.069759368896484375e+00
-7.499999999999917843e-02 -1.076087951660156250e+00
-6.999999999999917399e-02 -1.082236289978027344e+00
-6.499999999999916955e-02 -1.088205337524414062e+00
-5.999999999999916511e-02 -1.093999385833740234e+00
-5.499999999999916067e-02 -1.099616050720214844e+00
-4.999999999999915623e-02 -1.105049133300781250e+00
-4.499999999999915179e-02 -1.110310554504394531e+00
-3.999999999999914735e-02 -1.115391254425048828e+00
-3.499999999999914291e-02 -1.120295524597167969e+00
-2.999999999999913847e-02 -1.125023365020751953e+00
-2.499999999999913403e-02 -1.129571914672851562e+00
-1.999999999999912959e-02 -1.133941650390625000e+00
-1.499999999999912514e-02 -1.138134002685546875e+00
-9.999999999999120703e-03 -1.142148494720458984e+00
-4.999999999999116262e-03 -1.145985603332519531e+00
8.881784197001252323e-16 -1.149643898010253906e+00
5.000000000000781597e-03 -1.153131961822509766e+00
1.000000000000089706e-02 -1.156434535980224609e+00
1.500000000000101252e-02 -1.159560203552246094e+00
2.000000000000090594e-02 -1.162510395050048828e+00
2.500000000000079936e-02 -1.165280342102050781e+00
3.000000000000091482e-02 -1.167871952056884766e+00
3.500000000000103029e-02 -1.170288085937500000e+00
4.000000000000092371e-02 -1.172524452209472656e+00
4.500000000000081712e-02 -1.174586772918701172e+00
5.000000000000093259e-02 -1.176468372344970703e+00
5.500000000000104805e-02 -1.178167343139648438e+00
6.000000000000094147e-02 -1.179697990417480469e+00
6.500000000000083489e-02 -1.181046009063720703e+00
7.000000000000095035e-02 -1.182215690612792969e+00
7.500000000000106581e-02 -1.183210849761962891e+00
8.000000000000095923e-02 -1.184021949768066406e+00
8.500000000000085265e-02 -1.184661865234375000e+00
9.000000000000096811e-02 -1.185122489929199219e+00
9.500000000000108358e-02 -1.185402393341064453e+00
1.000000000000009770e-01 -1.185509204864501953e+00
1.050000000000008704e-01 -1.185431003570556641e+00
1.100000000000009859e-01 -1.185182571411132812e+00
1.150000000000011013e-01 -1.184751510620117188e+00
1.200000000000009948e-01 -1.184145450592041016e+00
1.250000000000008882e-01 -1.183365821838378906e+00
1.300000000000010036e-01 -1.182397842407226562e+00
1.350000000000011191e-01 -1.181260108947753906e+00
1.400000000000010125e-01 -1.179944038391113281e+00
1.450000000000009059e-01 -1.178447246551513672e+00
1.500000000000010214e-01 -1.176772594451904297e+00
1.550000000000011369e-01 -1.174918651580810547e+00
1.600000000000010303e-01 -1.172892093658447266e+00
1.650000000000009237e-01 -1.170684814453125000e+00
1.700000000000010392e-01 -1.168304920196533203e+00
1.750000000000011546e-01 -1.165737152099609375e+00
1.800000000000010481e-01 -1.162999153137207031e+00
1.850000000000009415e-01 -1.160083293914794922e+00
1.900000000000010569e-01 -1.156986713409423828e+00
1.950000000000011724e-01 -1.153714656829833984e+00
2.000000000000010658e-01 -1.150262355804443359e+00
2.050000000000009592e-01 -1.146632194519042969e+00
2.100000000000010747e-01 -1.142832279205322266e+00
2.150000000000011902e-01 -1.138846397399902344e+00
2.200000000000010836e-01 -1.134679794311523438e+00
2.250000000000009770e-01 -1.130342960357666016e+00
2.300000000000010925e-01 -1.125826358795166016e+00
2.350000000000012079e-01 -1.121134281158447266e+00
2.400000000000011013e-01 -1.116259098052978516e+00
2.450000000000009948e-01 -1.111208915710449219e+00
2.500000000000011102e-01 -1.105983257293701172e+00
2.550000000000012257e-01 -1.100579738616943359e+00
2.600000000000011191e-01 -1.094994544982910156e+00
2.650000000000010125e-01 -1.089230060577392578e+00
2.700000000000011280e-01 -1.083296775817871094e+00
2.750000000000012434e-01 -1.077178955078125000e+00
2.800000000000011369e-01 -1.070881843566894531e+00
2.850000000000010303e-01 -1.064410686492919922e+00
2.900000000000011458e-01 -1.057765007019042969e+00
2.950000000000012612e-01 -1.050934314727783203e+00
3.000000000000011546e-01 -1.043931961059570312e+00
3.050000000000010481e-01 -1.036750793457031250e+00
3.100000000000011635e-01 -1.029390811920166016e+00
3.150000000000012790e-01 -1.021853446960449219e+00
3.200000000000011724e-01 -1.014138221740722656e+00
3.250000000000010658e-01 -1.006243228912353516e+00
3.300000000000011813e-01 -9.981732368469238281e-01
3.350000000000012967e-01 -9.899268150329589844e-01
3.400000000000011902e-01 -9.815001487731933594e-01
3.450000000000010836e-01 -9.728956222534179688e-01
3.500000000000011990e-01 -9.641122817993164062e-01
3.550000000000013145e-01 -9.551544189453125000e-01
3.600000000000012079e-01 -9.460201263427734375e-01
3.650000000000011013e-01 -9.367060661315917969e-01
3.700000000000012168e-01 -9.272122383117675781e-01
3.750000000000013323e-01 -9.175438880920410156e-01
3.800000000000012257e-01 -9.076972007751464844e-01
3.850000000000011191e-01 -8.976721763610839844e-01
3.900000000000012346e-01 -8.874702453613281250e-01
3.950000000000013500e-01 -8.770914077758789062e-01
4.000000000000012434e-01 -8.665308952331542969e-01
4.050000000000011369e-01 -8.557977676391601562e-01
4.100000000000012523e-01 -8.448839187622070312e-01
4.150000000000013678e-01 -8.337941169738769531e-01
4.200000000000012612e-01 -8.225278854370117188e-01
4.250000000000011546e-01 -8.110828399658203125e-01
4.300000000000012701e-01 -7.994594573974609375e-01
4.350000000000013856e-01 -7.876577377319335938e-01
4.400000000000012790e-01 -7.756829261779785156e-01
4.450000000000011724e-01 -7.635250091552734375e-01
4.500000000000012879e-01 -7.511959075927734375e-01
4.550000000000014033e-01 -7.386841773986816406e-01
4.600000000000012967e-01 -7.259941101074218750e-01
4.650000000000011902e-01 -7.131285667419433594e-01
4.700000000000013056e-01 -7.000865936279296875e-01
4.750000000000014211e-01 -6.868643760681152344e-01
4.800000000000013145e-01 -6.734652519226074219e-01
4.850000000000012079e-01 -6.598892211914062500e-01
4.900000000000013234e-01 -6.461367607116699219e-01
4.950000000000014388e-01 -6.322059631347656250e-01
5.000000000000013323e-01 -6.180992126464843750e-01
5.050000000000012257e-01 -6.038112640380859375e-01
5.100000000000013411e-01 -5.893483161926269531e-01
5.150000000000014566e-01 -5.747094154357910156e-01
5.200000000000013500e-01 -5.598883628845214844e-01
5.250000000000012434e-01 -5.448932647705078125e-01
5.300000000000013589e-01 -5.297212600708007812e-01
5.350000000000014744e-01 -5.143685340881347656e-01
5.400000000000013678e-01 -4.988393783569335938e-01
5.450000000000012612e-01 -4.831328392028808594e-01
5.500000000000013767e-01 -4.672489166259765625e-01
5.550000000000014921e-01 -4.511914253234863281e-01
5.600000000000013856e-01 -4.349498748779296875e-01
5.650000000000012790e-01 -4.185328483581542969e-01
5.700000000000013944e-01 -4.019412994384765625e-01
5.750000000000015099e-01 -3.851704597473144531e-01
5.800000000000014033e-01 -3.682241439819335938e-01
5.850000000000012967e-01 -3.510975837707519531e-01
5.900000000000014122e-01 -3.337941169738769531e-01
5.950000000000015277e-01 -3.163123130798339844e-01
6.000000000000014211e-01 -2.986559867858886719e-01
6.050000000000013145e-01 -2.808198928833007812e-01
6.100000000000014300e-01 -2.628078460693359375e-01
6.150000000000015454e-01 -2.446169853210449219e-01
6.200000000000014388e-01 -2.262525558471679688e-01
6.250000000000013323e-01 -2.077050209045410156e-01
6.300000000000014477e-01 -1.889858245849609375e-01
6.350000000000015632e-01 -1.700835227966308594e-01
6.400000000000014566e-01 -1.510066986083984375e-01
6.450000000000013500e-01 -1.317534446716308594e-01
6.500000000000014655e-01 -1.123218536376953125e-01
6.550000000000015810e-01 -9.271526336669921875e-02
6.600000000000014744e-01 -7.292747497558593750e-02
6.650000000000013678e-01 -5.296373367309570312e-02
6.700000000000014833e-01 -3.282356262207031250e-02
6.750000000000015987e-01 -1.250505447387695312e-02
6.800000000000014921e-01 7.991313934326171875e-03
6.850000000000013856e-01 2.866315841674804688e-02
6.900000000000015010e-01 4.951572418212890625e-02
6.950000000000016165e-01 7.054185867309570312e-02
7.000000000000015099e-01 9.174680709838867188e-02
7.050000000000014033e-01 1.131281852722167969e-01
7.100000000000015188e-01 1.346902847290039062e-01
7.150000000000016342e-01 1.564283370971679688e-01
7.200000000000015277e-01 1.783380508422851562e-01
7.250000000000014211e-01 2.004323005676269531e-01
7.300000000000015365e-01 2.227029800415039062e-01
7.350000000000016520e-01 2.451443672180175781e-01
7.400000000000015454e-01 2.677679061889648438e-01
7.450000000000014388e-01 2.905697822570800781e-01
7.500000000000015543e-01 3.135466575622558594e-01
7.550000000000016698e-01 3.367018699645996094e-01
7.600000000000015632e-01 3.600330352783203125e-01
7.650000000000014566e-01 3.835420608520507812e-01
7.700000000000015721e-01 4.072279930114746094e-01
7.750000000000016875e-01 4.310927391052246094e-01
7.800000000000015810e-01 4.551324844360351562e-01
7.850000000000014744e-01 4.793524742126464844e-01
7.900000000000015898e-01 5.037422180175781250e-01
7.950000000000017053e-01 5.283169746398925781e-01
8.000000000000015987e-01 5.530681610107421875e-01
8.050000000000014921e-01 5.779938697814941406e-01
8.100000000000016076e-01 6.030941009521484375e-01
8.150000000000017231e-01 6.283779144287109375e-01
8.200000000000016165e-01 6.538367271423339844e-01
8.250000000000015099e-01 6.794705390930175781e-01
8.300000000000016254e-01 7.052845954895019531e-01
8.350000000000017408e-01 7.312736511230468750e-01
8.400000000000016342e-01 7.574386596679687500e-01
8.450000000000015277e-01 7.837810516357421875e-01
8.500000000000016431e-01 8.103022575378417969e-01
8.550000000000017586e-01 8.369989395141601562e-01
8.600000000000016520e-01 8.638744354248046875e-01
8.650000000000015454e-01 8.909258842468261719e-01
8.700000000000016609e-01 9.181509017944335938e-01
8.750000000000017764e-01 9.455633163452148438e-01
8.800000000000016698e-01 9.731431007385253906e-01
8.850000000000015632e-01 1.000908374786376953e+00
8.900000000000016787e-01 1.028837680816650391e+00
8.950000000000017941e-01 1.056956291198730469e+00
9.000000000000016875e-01 1.085245132446289062e+00
9.050000000000015810e-01 1.113715648651123047e+00
9.100000000000016964e-01 1.142358303070068359e+00
9.150000000000018119e-01 1.171180725097656250e+00
9.200000000000017053e-01 1.200183868408203125e+00
9.250000000000015987e-01 1.229356288909912109e+00
9.300000000000017142e-01 1.258709907531738281e+00
9.350000000000018296e-01 1.288239955902099609e+00
9.400000000000017231e-01 1.317948341369628906e+00
9.450000000000016165e-01 1.347832202911376953e+00
9.500000000000017319e-01 1.377894401550292969e+00
9.550000000000018474e-01 1.408127784729003906e+00
9.600000000000017408e-01 1.438542366027832031e+00
9.650000000000016342e-01 1.469133853912353516e+00
9.700000000000017497e-01 1.499903202056884766e+00
9.750000000000018652e-01 1.530848979949951172e+00
9.800000000000017586e-01 1.561970710754394531e+00
9.850000000000016520e-01 1.593269824981689453e+00
9.900000000000017675e-01 1.624745368957519531e+00
9.950000000000018829e-01 1.656398296356201172e+00
1.000000000000001776e+00 1.688226699829101562e+00
