-1.000000000000000000e+00 3.221284267776002519e+00
-9.949999999999999956e-01 3.182807607670915750e+00
-9.899999999999999911e-01 3.144506160307207310e+00
-9.849999999999999867e-01 3.106379925684873200e+00
-9.799999999999999822e-01 3.068428903803916974e+00
-9.749999999999999778e-01 3.030653094664335967e+00
-9.699999999999999734e-01 2.993052498266131511e+00
-9.649999999999999689e-01 2.955627114609303607e+00
-9.599999999999999645e-01 2.918376943693852255e+00
-9.549999999999999600e-01 2.881301985519776121e+00
-9.499999999999999556e-01 2.844402240087078315e+00
-9.449999999999999512e-01 2.807677707395755728e+00
-9.399999999999999467e-01 2.771128387445809249e+00
-9.349999999999999423e-01 2.734754280237239765e+00
-9.299999999999999378e-01 2.698555385770045500e+00
-9.249999999999999334e-01 2.662531704044229564e+00
-9.199999999999999289e-01 2.626683235059787958e+00
-9.149999999999999245e-01 2.591009978816723347e+00
-9.099999999999999201e-01 2.555511935315035732e+00
-9.049999999999999156e-01 2.520189104554723780e+00
-8.999999999999999112e-01 2.485041486535789712e+00
-8.949999999999999067e-01 2.450069081258229975e+00
-8.899999999999999023e-01 2.415271888722047233e+00
-8.849999999999998979e-01 2.380649908927241931e+00
-8.799999999999998934e-01 2.346203141873810516e+00
-8.749999999999998890e-01 2.311931587561756540e+00
-8.699999999999998845e-01 2.277835245991080892e+00
-8.649999999999998801e-01 2.243914117161779131e+00
-8.599999999999998757e-01 2.210168201073854366e+00
-8.549999999999998712e-01 2.176597497727306596e+00
-8.499999999999998668e-01 2.143202007122134489e+00
-8.449999999999998623e-01 2.109981729258339822e+00
-8.399999999999998579e-01 2.076936664135920374e+00
-8.349999999999998535e-01 2.044066811754877033e+00
-8.299999999999998490e-01 2.011372172115211576e+00
-8.249999999999998446e-01 1.978852745216921116e+00
-8.199999999999998401e-01 1.946508531060008318e+00
-8.149999999999998357e-01 1.914339529644470517e+00
-8.099999999999998312e-01 1.882345740970309045e+00
-8.049999999999998268e-01 1.850527165037525235e+00
-7.999999999999998224e-01 1.818883801846116643e+00
-7.949999999999998179e-01 1.787415651396085048e+00
-7.899999999999998135e-01 1.756122713687430448e+00
-7.849999999999998090e-01 1.725004988720150845e+00
-7.799999999999998046e-01 1.694062476494247571e+00
-7.749999999999998002e-01 1.663295177009720849e+00
-7.699999999999997957e-01 1.632703090266570456e+00
-7.649999999999997913e-01 1.602286216264797059e+00
-7.599999999999997868e-01 1.572044555004400435e+00
-7.549999999999997824e-01 1.541978106485378586e+00
-7.499999999999997780e-01 1.512086870707733954e+00
-7.449999999999997735e-01 1.482370847671464986e+00
-7.399999999999997691e-01 1.452830037376573680e+00
-7.349999999999997646e-01 1.423464439823058481e+00
-7.299999999999997602e-01 1.394274055010919167e+00
-7.249999999999997558e-01 1.365258882940155960e+00
-7.199999999999997513e-01 1.336418923610768861e+00
-7.149999999999997469e-01 1.307754177022758979e+00
-7.099999999999997424e-01 1.279264643176125871e+00
-7.049999999999997380e-01 1.250950322070867982e+00
-6.999999999999997335e-01 1.222811213706986200e+00
-6.949999999999997291e-01 1.194847318084481635e+00
-6.899999999999997247e-01 1.167058635203352734e+00
-6.849999999999997202e-01 1.139445165063600829e+00
-6.799999999999997158e-01 1.112006907665225031e+00
-6.749999999999997113e-01 1.084743863008226006e+00
-6.699999999999997069e-01 1.057656031092603088e+00
-6.649999999999997025e-01 1.030743411918356056e+00
-6.599999999999996980e-01 1.004006005485485575e+00
-6.549999999999996936e-01 9.774438117939918680e-01
-6.499999999999996891e-01 9.510568308438738239e-01
-6.449999999999996847e-01 9.248450626351326642e-01
-6.399999999999996803e-01 8.988085071677680560e-01
-6.349999999999996758e-01 8.729471644417795551e-01
-6.299999999999996714e-01 8.472610344571674945e-01
-6.249999999999996669e-01 8.217501172139310972e-01
-6.199999999999996625e-01 7.964144127120716954e-01
-6.149999999999996581e-01 7.712539209515887340e-01
-6.099999999999996536e-01 7.462686419324815468e-01
-6.049999999999996492e-01 7.214585756547512441e-01
-5.999999999999996447e-01 6.968237221183972707e-01
-5.949999999999996403e-01 6.723640813234196267e-01
-5.899999999999996358e-01 6.480796532698184231e-01
-5.849999999999996314e-01 6.239704379575931048e-01
-5.799999999999996270e-01 6.000364353867444489e-01
-5.749999999999996225e-01 5.762776455572723444e-01
-5.699999999999996181e-01 5.526940684691761252e-01
-5.649999999999996136e-01 5.292857041224565684e-01
-5.599999999999996092e-01 5.060525525171132299e-01
-5.549999999999996048e-01 4.829946136531466649e-01
-5.499999999999996003e-01 4.601118875305562073e-01
-5.449999999999995959e-01 4.374043741493416904e-01
-5.399999999999995914e-01 4.148720735095038914e-01
-5.349999999999995870e-01 3.925149856110425328e-01
-5.299999999999995826e-01 3.703331104539571150e-01
-5.249999999999995781e-01 3.483264480382484152e-01
-5.199999999999995737e-01 3.264949983639161002e-01
-5.149999999999995692e-01 3.048387614309600591e-01
-5.099999999999995648e-01 2.833577372393804028e-01
-5.049999999999995604e-01 2.620519257891766873e-01
-4.999999999999995559e-01 2.409213270803499396e-01
-4.949999999999995515e-01 2.199659411128993824e-01
-4.899999999999995470e-01 1.991857678868247661e-01
-4.849999999999995426e-01 1.785808074021268677e-01
-4.799999999999995381e-01 1.581510596588053819e-01
-4.749999999999995337e-01 1.378965246568603364e-01
-4.699999999999995293e-01 1.178172023962914955e-01
-4.649999999999995248e-01 9.791309287709860920e-02
-4.599999999999995204e-01 7.818419609928252412e-02
-4.549999999999995159e-01 5.863051206284289329e-02
-4.499999999999995115e-01 3.925204076777907836e-02
-4.449999999999995071e-01 2.004878221409207850e-02
-4.399999999999995026e-01 1.020736401781399119e-03
-4.349999999999994982e-01 -1.783209666915296088e-02
-4.299999999999994937e-01 -3.650971699871087550e-02
-4.249999999999994893e-01 -5.501212458689284934e-02
-4.199999999999994849e-01 -7.333931943369813300e-02
-4.149999999999994804e-01 -9.149130153912696239e-02
-4.099999999999994760e-01 -1.094680709031798510e-01
-4.049999999999994715e-01 -1.272696275258560494e-01
-3.999999999999994671e-01 -1.448959714071559324e-01
-3.949999999999994627e-01 -1.623471025470793749e-01
-3.899999999999994582e-01 -1.796230209456265992e-01
-3.849999999999994538e-01 -1.967237266027976605e-01
-3.799999999999994493e-01 -2.136492195185921428e-01
-3.749999999999994449e-01 -2.303994996930101569e-01
-3.699999999999994404e-01 -2.469745671260522579e-01
-3.649999999999994360e-01 -2.633744218177175300e-01
-3.599999999999994316e-01 -2.795990637680065838e-01
-3.549999999999994271e-01 -2.956484929769192527e-01
-3.499999999999994227e-01 -3.115227094444555367e-01
-3.449999999999994182e-01 -3.272217131706158244e-01
-3.399999999999994138e-01 -3.427455041553995052e-01
-3.349999999999994094e-01 -3.580940823988067456e-01
-3.299999999999994049e-01 -3.732674479008378787e-01
-3.249999999999994005e-01 -3.882656006614924604e-01
-3.199999999999993960e-01 -4.030885406807706572e-01
-3.149999999999993916e-01 -4.177362679586724692e-01
-3.099999999999993872e-01 -4.322087824951980073e-01
-3.049999999999993827e-01 -4.465060842903473270e-01
-2.999999999999993783e-01 -4.606281733441202064e-01
-2.949999999999993738e-01 -4.745750496565165899e-01
-2.899999999999993694e-01 -4.883467132275368661e-01
-2.849999999999993650e-01 -5.019431640571806463e-01
-2.799999999999993605e-01 -5.153644021454479862e-01
-2.749999999999993561e-01 -5.286104274923389967e-01
-2.699999999999993516e-01 -5.416812400978536779e-01
-2.649999999999993472e-01 -5.545768399619921407e-01
-2.599999999999993427e-01 -5.672972270847541632e-01
-2.549999999999993383e-01 -5.798424014661397452e-01
-2.499999999999993339e-01 -5.922123631061492199e-01
-2.449999999999993294e-01 -6.044071120047820322e-01
-2.399999999999993250e-01 -6.164266481620387372e-01
-2.349999999999993205e-01 -6.282709715779188908e-01
-2.299999999999993161e-01 -6.399400822524228261e-01
-2.249999999999993117e-01 -6.514339801855504319e-01
-2.199999999999993072e-01 -6.627526653773014864e-01
-2.149999999999993028e-01 -6.738961378276762115e-01
-2.099999999999992983e-01 -6.848643975366750514e-01
-2.049999999999992939e-01 -6.956574445042971178e-01
-1.999999999999992895e-01 -7.062752787305427438e-01
-1.949999999999992850e-01 -7.167179002154122625e-01
-1.899999999999992806e-01 -7.269853089589051187e-01
-1.849999999999992761e-01 -7.370775049610219787e-01
-1.799999999999992717e-01 -7.469944882217620652e-01
-1.749999999999992673e-01 -7.567362587411261554e-01
-1.699999999999992628e-01 -7.663028165191139163e-01
-1.649999999999992584e-01 -7.756941615557250147e-01
-1.599999999999992539e-01 -7.849102938509600058e-01
-1.549999999999992495e-01 -7.939512134048187786e-01
-1.499999999999992450e-01 -8.028169202173008889e-01
-1.449999999999992406e-01 -8.115074142884068920e-01
-1.399999999999992362e-01 -8.200226956181364546e-01
-1.349999999999992317e-01 -8.283627642064893548e-01
-1.299999999999992273e-01 -8.365276200534662587e-01
-1.249999999999992228e-01 -8.445172631590666112e-01
-1.199999999999992184e-01 -8.523316935232908564e-01
-1.149999999999992140e-01 -8.599709111461386613e-01
-1.099999999999992095e-01 -8.674349160276099147e-01
-1.049999999999992051e-01 -8.747237081677049497e-01
-9.999999999999920064e-02 -8.818372875664236554e-01
-9.499999999999919620e-02 -8.887756542237659207e-01
-8.999999999999919176e-02 -8.955388081397320788e-01
-8.499999999999918732e-02 -9.021267493143214633e-01
-7.999999999999918288e-02 -9.085394777475349626e-01
-7.499999999999917843e-02 -9.147769934393719105e-01
-6.999999999999917399e-02 -9.208392963898323069e-01
-6.499999999999916955e-02 -9.267263865989165961e-01
-5.999999999999916511e-02 -9.324382640666245559e-01
-5.499999999999916067e-02 -9.379749287929559642e-01
-4.999999999999915623e-02 -9.433363807779111543e-01
-4.499999999999915179e-02 -9.485226200214897929e-01
-3.999999999999914735e-02 -9.535336465236923242e-01
-3.499999999999914291e-02 -9.583694602845184152e-01
-2.999999999999913847e-02 -9.630300613039680657e-01
-2.499999999999913403e-02 -9.675154495820413869e-01
-1.999999999999912959e-02 -9.718256251187384898e-01
-1.499999999999912514e-02 -9.759605879140591522e-01
-9.999999999999120703e-03 -9.799203379680034853e-01
-4.999999999999116262e-03 -9.837048752805713780e-01
8.881784197001252323e-16 -9.873141998517630524e-01
5.000000000000781597e-03 -9.907483116815781754e-01
1.000000000000089706e-02 -9.940072107700171911e-01
1.500000000000101252e-02 -9.970908971170797663e-01
2.000000000000090594e-02 -9.999993707227660122e-01
2.500000000000079936e-02 -1.002732631587075707e+00
3.000000000000091482e-02 -1.005290679710009183e+00
3.500000000000103029e-02 -1.007673515091566330e+00
4.000000000000092371e-02 -1.009881137731747147e+00
4.500000000000081712e-02 -1.011913547630551413e+00
5.000000000000093259e-02 -1.013770744787979572e+00
5.500000000000104805e-02 -1.015452729204031401e+00
6.000000000000094147e-02 -1.016959500878706679e+00
6.500000000000083489e-02 -1.018291059812005628e+00
7.000000000000095035e-02 -1.019447406003928469e+00
7.500000000000106581e-02 -1.020428539454474537e+00
8.000000000000095923e-02 -1.021234460163644497e+00
8.500000000000085265e-02 -1.021865168131438129e+00
9.000000000000096811e-02 -1.022320663357855430e+00
9.500000000000108358e-02 -1.022600945842896181e+00
1.000000000000009770e-01 -1.022706015586560824e+00
1.050000000000008704e-01 -1.022635872588848915e+00
1.100000000000009859e-01 -1.022390516849760678e+00
1.150000000000011013e-01 -1.021969948369296111e+00
1.200000000000009948e-01 -1.021374167147455214e+00
1.250000000000008882e-01 -1.020603173184237988e+00
1.300000000000010036e-01 -1.019656966479644433e+00
1.350000000000011191e-01 -1.018535547033674327e+00
1.400000000000010125e-01 -1.017238914846328335e+00
1.450000000000009059e-01 -1.015767069917605570e+00
1.500000000000010214e-01 -1.014120012247506475e+00
1.550000000000011369e-01 -1.012297741836031051e+00
1.600000000000010303e-01 -1.010300258683179297e+00
1.650000000000009237e-01 -1.008127562788951437e+00
1.700000000000010392e-01 -1.005779654153347025e+00
1.750000000000011546e-01 -1.003256532776366061e+00
1.800000000000010481e-01 -1.000558198658008990e+00
1.850000000000009415e-01 -9.976846517982755902e-01
1.900000000000010569e-01 -9.946358921971656386e-01
1.950000000000011724e-01 -9.914119198546793577e-01
2.000000000000010658e-01 -9.880127347708168584e-01
2.050000000000009592e-01 -9.844383369455780297e-01
2.100000000000010747e-01 -9.806887263789626497e-01
2.150000000000011902e-01 -9.767639030709708292e-01
2.200000000000010836e-01 -9.726638670216032345e-01
2.250000000000009770e-01 -9.683886182308587554e-01
2.300000000000010925e-01 -9.639381566987380578e-01
2.350000000000012079e-01 -9.593124824252410310e-01
2.400000000000011013e-01 -9.545115954103676748e-01
2.450000000000009948e-01 -9.495354956541181002e-01
2.500000000000011102e-01 -9.443841831564918632e-01
2.550000000000012257e-01 -9.390576579174894079e-01
2.600000000000011191e-01 -9.335559199371104011e-01
2.650000000000010125e-01 -9.278789692153557311e-01
2.700000000000011280e-01 -9.220268057522238436e-01
2.750000000000012434e-01 -9.159994295477158488e-01
2.800000000000011369e-01 -9.097968406018318577e-01
2.850000000000010303e-01 -9.034190389145713151e-01
2.900000000000011458e-01 -8.968660244859343322e-01
2.950000000000012612e-01 -8.901377973159207979e-01
3.000000000000011546e-01 -8.832343574045316004e-01
3.050000000000010481e-01 -8.761557047517654073e-01
3.100000000000011635e-01 -8.689018393576229959e-01
3.150000000000012790e-01 -8.614727612221041442e-01
3.200000000000011724e-01 -8.538684703452092961e-01
3.250000000000010658e-01 -8.460889667269380077e-01
3.300000000000011813e-01 -8.381342503672901678e-01
3.350000000000012967e-01 -8.300043212662658876e-01
3.400000000000011902e-01 -8.216991794238653890e-01
3.450000000000010836e-01 -8.132188248400890052e-01
3.500000000000011990e-01 -8.045632575149354038e-01
3.550000000000013145e-01 -7.957324774484058061e-01
3.600000000000012079e-01 -7.867264846404999901e-01
3.650000000000011013e-01 -7.775452790912179557e-01
3.700000000000012168e-01 -7.681888608005592589e-01
3.750000000000013323e-01 -7.586572297685238997e-01
3.800000000000012257e-01 -7.489503859951132103e-01
3.850000000000011191e-01 -7.390683294803254144e-01
3.900000000000012346e-01 -7.290110602241612892e-01
3.950000000000013500e-01 -7.187785782266207235e-01
4.000000000000012434e-01 -7.083708834877042726e-01
4.050000000000011369e-01 -6.977879760074113813e-01
4.100000000000012523e-01 -6.870298557857419386e-01
4.150000000000013678e-01 -6.760965228226959445e-01
4.200000000000012612e-01 -6.649879771182736210e-01
4.250000000000011546e-01 -6.537042186724757453e-01
4.300000000000012701e-01 -6.422452474853004301e-01
4.350000000000013856e-01 -6.306110635567490075e-01
4.400000000000012790e-01 -6.188016668868218106e-01
4.450000000000011724e-01 -6.068170574755180624e-01
4.500000000000012879e-01 -5.946572353228376517e-01
4.550000000000014033e-01 -5.823222004287803566e-01
4.600000000000012967e-01 -5.698119527933481754e-01
4.650000000000011902e-01 -5.571264924165387766e-01
4.700000000000013056e-01 -5.442658192983528265e-01
4.750000000000014211e-01 -5.312299334387906580e-01
4.800000000000013145e-01 -5.180188348378526042e-01
4.850000000000012079e-01 -5.046325234955381100e-01
4.900000000000013234e-01 -4.910709994118468424e-01
4.950000000000014388e-01 -4.773342625867792455e-01
5.000000000000013323e-01 -4.634223130203352636e-01
5.050000000000012257e-01 -4.493351507125158961e-01
5.100000000000013411e-01 -4.350727756633187560e-01
5.150000000000014566e-01 -4.206351878727456750e-01
5.200000000000013500e-01 -4.060223873407967643e-01
5.250000000000012434e-01 -3.912343740674715797e-01
5.300000000000013589e-01 -3.762711480527693997e-01
5.350000000000014744e-01 -3.611327092966904462e-01
5.400000000000013678e-01 -3.458190577992366621e-01
5.450000000000012612e-01 -3.303301935604053829e-01
5.500000000000013767e-01 -3.146661165801978299e-01
5.550000000000014921e-01 -2.988268268586139476e-01
5.600000000000013856e-01 -2.828123243956542909e-01
5.650000000000012790e-01 -2.666226091913182494e-01
5.700000000000013944e-01 -2.502576812456053235e-01
5.750000000000015099e-01 -2.337175405585159016e-01
5.800000000000014033e-01 -2.170021871300502059e-01
5.850000000000012967e-01 -2.001116209602094020e-01
5.900000000000014122e-01 -1.830458420489904370e-01
5.950000000000015277e-01 -1.658048503963956422e-01
6.000000000000014211e-01 -1.483886460024251286e-01
6.050000000000013145e-01 -1.307972288670789518e-01
6.100000000000014300e-01 -1.130305989903538227e-01
6.150000000000015454e-01 -9.508875637225362720e-02
6.200000000000014388e-01 -7.697170101277835130e-02
6.250000000000013323e-01 -5.867943291192551786e-02
6.300000000000014477e-01 -4.021195206969623709e-02
6.350000000000015632e-01 -2.156925848609064084e-02
6.400000000000014566e-01 -2.751352161109969427e-03
6.450000000000013500e-01 1.624176690524826647e-02
6.500000000000014655e-01 3.541009871298294448e-02
6.550000000000015810e-01 5.475364326209406635e-02
6.600000000000014744e-01 7.427240055258138574e-02
6.650000000000013678e-01 9.396637058444377855e-02
6.700000000000014833e-01 1.138355533576838607e-01
6.750000000000015987e-01 1.338799488723003694e-01
6.800000000000014921e-01 1.540995571282930965e-01
6.850000000000013856e-01 1.744943781256622639e-01
6.900000000000015010e-01 1.950644118644078440e-01
6.950000000000016165e-01 2.158096583445296424e-01
7.000000000000015099e-01 2.367301175660264101e-01
7.050000000000014033e-01 2.578257895289010615e-01
7.100000000000015188e-01 2.790966742331519868e-01
7.150000000000016342e-01 3.005427716787792969e-01
7.200000000000015277e-01 3.221640818657830474e-01
7.250000000000014211e-01 3.439606047941615175e-01
7.300000000000015365e-01 3.659323404639179267e-01
7.350000000000016520e-01 3.880792888750504988e-01
7.400000000000015454e-01 4.104014500275595667e-01
7.450000000000014388e-01 4.328988239214435763e-01
7.500000000000015543e-01 4.555714105567052474e-01
7.550000000000016698e-01 4.784192099333450798e-01
7.600000000000015632e-01 5.014422220513579109e-01
7.650000000000014566e-01 5.246404469107471824e-01
7.700000000000015721e-01 5.480138845115161139e-01
7.750000000000016875e-01 5.715625348536598205e-01
7.800000000000015810e-01 5.952863979371778580e-01
7.850000000000014744e-01 6.191854737620741123e-01
7.900000000000015898e-01 6.432597623283469179e-01
7.950000000000017053e-01 6.675092636359958309e-01
8.000000000000015987e-01 6.919339776850194079e-01
8.050000000000014921e-01 7.165339044754217568e-01
8.100000000000016076e-01 7.413090440071997689e-01
8.150000000000017231e-01 7.662593962803542214e-01
8.200000000000016165e-01 7.913849612948851142e-01
8.250000000000015099e-01 8.166857390507904491e-01
8.300000000000016254e-01 8.421617295480740006e-01
8.350000000000017408e-01 8.678129327867336595e-01
8.400000000000016342e-01 8.936393487667700919e-01
8.450000000000015277e-01 9.196409774881824095e-01
8.500000000000016431e-01 9.458178189509715006e-01
8.550000000000017586e-01 9.721698731551366990e-01
8.600000000000016520e-01 9.986971401006764504e-01
8.650000000000015454e-01 1.025399619787594530e+00
8.700000000000016609e-01 1.052277312215888827e+00
8.750000000000017764e-01 1.079330217385559676e+00
8.800000000000016698e-01 1.106558335296606632e+00
8.850000000000015632e-01 1.133961665949028363e+00
8.900000000000016787e-01 1.161540209342827978e+00
8.950000000000017941e-01 1.189293965478004145e+00
9.000000000000016875e-01 1.217222934354556640e+00
9.050000000000015810e-01 1.245327115972483467e+00
9.100000000000016964e-01 1.273606510331788622e+00
9.150000000000018119e-01 1.302061117432472326e+00
9.200000000000017053e-01 1.330690937274528363e+00
9.250000000000015987e-01 1.359495969857960507e+00
9.300000000000017142e-01 1.388476215182772977e+00
9.350000000000018296e-01 1.417631673248960000e+00
9.400000000000017231e-01 1.446962344056521355e+00
9.450000000000016165e-01 1.476468227605460815e+00
9.500000000000017319e-01 1.506149323895777048e+00
9.550000000000018474e-01 1.536005632927469389e+00
9.600000000000017408e-01 1.566037154700536060e+00
9.650000000000016342e-01 1.596243889214981282e+00
9.700000000000017497e-01 1.626625836470802611e+00
9.750000000000018652e-01 1.657182996468000935e+00
9.800000000000017586e-01 1.687915369206574701e+00
9.850000000000016520e-01 1.718822954686523241e+00
9.900000000000017675e-01 1.749905752907849887e+00
9.950000000000018829e-01 1.781163763870553307e+00
1.000000000000001776e+00 1.812596987574633056e+00
