-1.000000000000000000e+00 3.220518211071487613e+00
-9.949999999999999956e-01 3.182072732533436366e+00
-9.899999999999999911e-01 3.143797007790874787e+00
-9.849999999999999867e-01 3.105695807310860701e+00
-9.799999999999999822e-01 3.067774850345324822e+00
-9.749999999999999778e-01 3.030020786850821324e+00
-9.699999999999999734e-01 2.992445061850469656e+00
-9.649999999999999689e-01 2.955046718410324402e+00
-9.599999999999999645e-01 2.917821946024071522e+00
-9.549999999999999600e-01 2.880766927433308311e+00
-9.499999999999999556e-01 2.843887383752610631e+00
-9.449999999999999512e-01 2.807184270286109395e+00
-9.399999999999999467e-01 2.770661401265408941e+00
-9.349999999999999423e-01 2.734308287437182017e+00
-9.299999999999999378e-01 2.698129696474518724e+00
-9.249999999999999334e-01 2.662125627213265844e+00
-9.199999999999999289e-01 2.626295127841752119e+00
-9.149999999999999245e-01 2.590639149938818164e+00
-9.099999999999999201e-01 2.555165323131825872e+00
-9.049999999999999156e-01 2.519859344168674298e+00
-8.999999999999999112e-01 2.484727887838255711e+00
-8.949999999999999067e-01 2.449767140374627061e+00
-8.899999999999999023e-01 2.414992357540052481e+00
-8.849999999999998979e-01 2.380388283805098482e+00
-8.799999999999998934e-01 2.345954916841458626e+00
-8.749999999999998890e-01 2.311700842046287008e+00
-8.699999999999998845e-01 2.277613659557994552e+00
-8.649999999999998801e-01 2.243710536212768503e+00
-8.599999999999998757e-01 2.209979074477326222e+00
-8.549999999999998712e-01 2.176422136073108859e+00
-8.499999999999998668e-01 2.143038764764662929e+00
-8.449999999999998623e-01 2.109831824368905373e+00
-8.399999999999998579e-01 2.076794637768637486e+00
-8.349999999999998535e-01 2.043941510311436005e+00
-8.299999999999998490e-01 2.011258137348216124e+00
-8.249999999999998446e-01 1.978745471156310387e+00
-8.199999999999998401e-01 1.946414958388652749e+00
-8.149999999999998357e-01 1.914258966623913594e+00
-8.099999999999998312e-01 1.882274636934619494e+00
-8.049999999999998268e-01 1.850464829645227738e+00
-7.999999999999998224e-01 1.818831452337201782e+00
-7.949999999999998179e-01 1.787373551336225219e+00
-7.899999999999998135e-01 1.756087310780879207e+00
-7.849999999999998090e-01 1.724977500439729639e+00
-7.799999999999998046e-01 1.694046981335725732e+00
-7.749999999999998002e-01 1.663286215794380851e+00
-7.699999999999997957e-01 1.632702834141548820e+00
-7.649999999999997913e-01 1.602292067307155676e+00
-7.599999999999997868e-01 1.572059637569930501e+00
-7.549999999999997824e-01 1.541998869209658451e+00
-7.499999999999997780e-01 1.512114530132260271e+00
-7.449999999999997735e-01 1.482405668293234058e+00
-7.399999999999997691e-01 1.452869421272646733e+00
-7.349999999999997646e-01 1.423508649627786227e+00
-7.299999999999997602e-01 1.394323354289975114e+00
-7.249999999999997558e-01 1.365313535724874683e+00
-7.199999999999997513e-01 1.336474423931088396e+00
-7.149999999999997469e-01 1.307817464630227633e+00
-7.099999999999997424e-01 1.279332166240658708e+00
-7.049999999999997380e-01 1.251020436809506364e+00
-6.999999999999997335e-01 1.222890859405618258e+00
-6.949999999999997291e-01 1.194926267192807146e+00
-6.899999999999997247e-01 1.167141919891458102e+00
-6.849999999999997202e-01 1.139531140617203064e+00
-6.799999999999997158e-01 1.112098699371438570e+00
-6.749999999999997113e-01 1.084833150432553239e+00
-6.699999999999997069e-01 1.057751661102395602e+00
-6.649999999999997025e-01 1.030841832916360445e+00
-6.599999999999996980e-01 1.004103666107278414e+00
-6.549999999999996936e-01 9.775428824882171908e-01
-6.499999999999996891e-01 9.511594825248382845e-01
-6.449999999999996847e-01 9.249486976127289095e-01
-6.399999999999996803e-01 8.989143426819853344e-01
-6.349999999999996758e-01 8.730526028025112906e-01
-6.299999999999996714e-01 8.473692000202052155e-01
-6.249999999999996669e-01 8.218631801950894156e-01
-6.199999999999996625e-01 7.965250075153224030e-01
-6.149999999999996581e-01 7.713623102112822094e-01
-6.099999999999996536e-01 7.463779507029019156e-01
-6.049999999999996492e-01 7.215662062457911530e-01
-5.999999999999996447e-01 6.969299376300684967e-01
-5.949999999999996403e-01 6.724739134601466217e-01
-5.899999999999996358e-01 6.481866901098899403e-01
-5.849999999999996314e-01 6.240778031583092966e-01
-5.799999999999996270e-01 6.001482069782130280e-01
-5.749999999999996225e-01 5.763845501291714468e-01
-5.699999999999996181e-01 5.528020920987389841e-01
-5.649999999999996136e-01 5.293932023282311716e-01
-5.599999999999996092e-01 5.061559737018458405e-01
-5.549999999999996048e-01 4.830999434284083405e-01
-5.499999999999996003e-01 4.602127137418053904e-01
-5.449999999999995959e-01 4.375066819424889841e-01
-5.399999999999995914e-01 4.149742191015891590e-01
-5.349999999999995870e-01 3.926153242877833405e-01
-5.299999999999995826e-01 3.704290452237389841e-01
-5.249999999999995781e-01 3.484201491168849030e-01
-5.199999999999995737e-01 3.265895910385213652e-01
-5.149999999999995692e-01 3.049297397314719715e-01
-5.099999999999995648e-01 2.834510865445397654e-01
-5.049999999999995604e-01 2.621393268286399403e-01
-4.999999999999995559e-01 2.410059037442467966e-01
-4.949999999999995515e-01 2.200489104083888092e-01
-4.899999999999995470e-01 1.992645330551229277e-01
-4.849999999999995426e-01 1.786613526578210154e-01
-4.799999999999995381e-01 1.582269730801842966e-01
-4.749999999999995337e-01 1.379737920883260527e-01
-4.699999999999995293e-01 1.178894102863185106e-01
-4.649999999999995248e-01 9.798145916416868551e-02
-4.599999999999995204e-01 7.825184444069489820e-02
-4.549999999999995159e-01 5.869579890846832876e-02
-4.499999999999995115e-01 3.931809070624037866e-02
-4.449999999999995071e-01 2.011013629950210088e-02
-4.399999999999995026e-01 1.079565315615381698e-03
-4.349999999999994982e-01 -1.777743670985475546e-02
-4.299999999999994937e-01 -3.646087070823088999e-02
-4.249999999999994893e-01 -5.496215221368149634e-02
-4.199999999999994849e-01 -7.329367992364242690e-02
-4.149999999999994804e-01 -9.144305607200041430e-02
-4.099999999999994760e-01 -1.094245850750096144e-01
-4.049999999999994715e-01 -1.272315921437777719e-01
-3.999999999999994671e-01 -1.448612155568637094e-01
-3.949999999999994627e-01 -1.623163165700473032e-01
-3.899999999999994582e-01 -1.795892655559666595e-01
-3.849999999999994538e-01 -1.966991366994418344e-01
-3.799999999999994493e-01 -2.136230411183871469e-01
-3.749999999999994449e-01 -2.303771915090121469e-01
-3.699999999999994404e-01 -2.469530048024691782e-01
-3.649999999999994360e-01 -2.633590643004365406e-01
-3.599999999999994316e-01 -2.795829717711396656e-01
-3.549999999999994271e-01 -2.956409399107881031e-01
-3.499999999999994227e-01 -3.115167567216642341e-01
-3.449999999999994182e-01 -3.272180504341460905e-01
-3.399999999999994138e-01 -3.427448219795562467e-01
-3.349999999999994094e-01 -3.580942101021148405e-01
-3.299999999999994049e-01 -3.732700297319181404e-01
-3.249999999999994005e-01 -3.882703730546720466e-01
-3.199999999999993960e-01 -4.030990545348115406e-01
-3.149999999999993916e-01 -4.177455849190093717e-01
-3.099999999999993872e-01 -4.322204541590847215e-01
-3.049999999999993827e-01 -4.465217539750822029e-01
-2.999999999999993783e-01 -4.606494852983243904e-01
-2.949999999999993738e-01 -4.745931572456695280e-01
-2.899999999999993694e-01 -4.883680293046720466e-01
-2.849999999999993650e-01 -5.019683789637722215e-01
-2.799999999999993605e-01 -5.153903912928737840e-01
-2.749999999999993561e-01 -5.286436030351407966e-01
-2.699999999999993516e-01 -5.417184781459011278e-01
-2.649999999999993472e-01 -5.546102475550808153e-01
-2.599999999999993427e-01 -5.673341702845730028e-01
-2.549999999999993383e-01 -5.798788022425808153e-01
-2.499999999999993339e-01 -5.922527264979519090e-01
-2.449999999999993294e-01 -6.044502210047878465e-01
-2.399999999999993250e-01 -6.164731931117214403e-01
-2.349999999999993205e-01 -6.283197357029505214e-01
-2.299999999999993161e-01 -6.399917554286159715e-01
-2.249999999999993117e-01 -6.514854385227747402e-01
-2.199999999999993072e-01 -6.628045989842005214e-01
-2.149999999999993028e-01 -6.739492370457239589e-01
-2.099999999999992983e-01 -6.849183990330286464e-01
-2.049999999999992939e-01 -6.957139920619167528e-01
-1.999999999999992895e-01 -7.063360165980495653e-01
-1.949999999999992850e-01 -7.167758898054100714e-01
-1.899999999999992806e-01 -7.270488693089075527e-01
-1.849999999999992761e-01 -7.371368364606835089e-01
-1.799999999999992717e-01 -7.470569564671106777e-01
-1.749999999999992673e-01 -7.567977861677147589e-01
-1.699999999999992628e-01 -7.663698152814842901e-01
-1.649999999999992584e-01 -7.757616001822836838e-01
-1.599999999999992539e-01 -7.849760009617395839e-01
-1.549999999999992495e-01 -7.940216018528528652e-01
-1.499999999999992450e-01 -8.028869582981653652e-01
-1.449999999999992406e-01 -8.115787462507225714e-01
-1.399999999999992362e-01 -8.200931505475975714e-01
-1.349999999999992317e-01 -8.284349395603723964e-01
-1.299999999999992273e-01 -8.365974380344934902e-01
-1.249999999999992228e-01 -8.445901824802942714e-01
-1.199999999999992184e-01 -8.524045900617577276e-01
-1.149999999999992140e-01 -8.600473360334374151e-01
-1.099999999999992095e-01 -8.675107910008020839e-01
-1.049999999999992051e-01 -8.747997235682644090e-01
-9.999999999999920064e-02 -8.819122268528528652e-01
-9.499999999999919620e-02 -8.888492540632225714e-01
-8.999999999999919176e-02 -8.956146198966391525e-01
-8.499999999999918732e-02 -9.022016477015651903e-01
-7.999999999999918288e-02 -9.086122469221092901e-01
-7.499999999999917843e-02 -9.148511843000389776e-01
-6.999999999999917399e-02 -9.209136912309415779e-01
-6.499999999999916955e-02 -9.267978622288294277e-01
-5.999999999999916511e-02 -9.325122784999050340e-01
-5.499999999999916067e-02 -9.380493118137903652e-01
-4.999999999999915623e-02 -9.434041931004114589e-01
-4.499999999999915179e-02 -9.485931350559778652e-01
-3.999999999999914735e-02 -9.536018327985741339e-01
-3.499999999999914291e-02 -9.584369611170925340e-01
-2.999999999999913847e-02 -9.630985214085169277e-01
-2.499999999999913403e-02 -9.675846051600612840e-01
-1.999999999999912959e-02 -9.718933057215847215e-01
-1.499999999999912514e-02 -9.760246228602565965e-01
-9.999999999999120703e-03 -9.799852322962917528e-01
-4.999999999999116262e-03 -9.837665507280118904e-01
8.881784197001252323e-16 -9.873762084812708339e-01
5.000000000000781597e-03 -9.908113433689661464e-01
1.000000000000089706e-02 -9.940662335780300340e-01
1.500000000000101252e-02 -9.971466016200222215e-01
2.000000000000090594e-02 -1.000056261959377579e+00
2.500000000000079936e-02 -1.002786631294418029e+00
3.000000000000091482e-02 -1.005342478695217423e+00
3.500000000000103029e-02 -1.007726664486233048e+00
4.000000000000092371e-02 -1.009926791134182267e+00
4.500000000000081712e-02 -1.011962885334048323e+00
5.000000000000093259e-02 -1.013818735553774886e+00
5.500000000000104805e-02 -1.015494341327700667e+00
6.000000000000094147e-02 -1.017003054096255354e+00
6.500000000000083489e-02 -1.018328661396060042e+00
7.000000000000095035e-02 -1.019484514201883130e+00
7.500000000000106581e-02 -1.020464891864810042e+00
8.000000000000095923e-02 -1.021264070476297192e+00
8.500000000000085265e-02 -1.021894449199441723e+00
9.000000000000096811e-02 -1.022348398639712386e+00
9.500000000000108358e-02 -1.022625917865786604e+00
1.000000000000009770e-01 -1.022727960551980786e+00
1.050000000000008704e-01 -1.022652620513815336e+00
1.100000000000009859e-01 -1.022407525748837642e+00
1.150000000000011013e-01 -1.021986001700986080e+00
1.200000000000009948e-01 -1.021386141021627836e+00
1.250000000000008882e-01 -1.020616525615457348e+00
1.300000000000010036e-01 -1.019663804507706217e+00
1.350000000000011191e-01 -1.018542283744443111e+00
1.400000000000010125e-01 -1.017243379325497799e+00
1.450000000000009059e-01 -1.015768998599503092e+00
1.500000000000010214e-01 -1.014119142032120280e+00
1.550000000000011369e-01 -1.012289041251767330e+00
1.600000000000010303e-01 -1.010289185977432780e+00
1.650000000000009237e-01 -1.008117669791806392e+00
1.700000000000010392e-01 -1.005764001113254480e+00
1.750000000000011546e-01 -1.003235810500461511e+00
1.800000000000010481e-01 -1.000536912185031824e+00
1.850000000000009415e-01 -9.976587226324565849e-01
1.900000000000010569e-01 -9.946069655184485159e-01
1.950000000000011724e-01 -9.913835458633341036e-01
2.000000000000010658e-01 -9.879779753451086721e-01
2.050000000000009592e-01 -9.843978817284889660e-01
2.100000000000010747e-01 -9.806508953393288097e-01
2.150000000000011902e-01 -9.767236642715372286e-01
2.200000000000010836e-01 -9.726180963394083223e-01
2.250000000000009770e-01 -9.683360981930829725e-01
2.300000000000010925e-01 -9.638862540655620537e-01
2.350000000000012079e-01 -9.592590260495282850e-01
2.400000000000011013e-01 -9.544496462390609226e-01
2.450000000000009948e-01 -9.494743275632001600e-01
2.500000000000011102e-01 -9.443206713245101414e-01
2.550000000000012257e-01 -9.389924929187484226e-01
2.600000000000011191e-01 -9.334859776486493788e-01
2.650000000000010125e-01 -9.278058929544724664e-01
2.700000000000011280e-01 -9.219541475818343601e-01
2.750000000000012434e-01 -9.159221577633954725e-01
2.800000000000011369e-01 -9.097146909394152603e-01
2.850000000000010303e-01 -9.033346099954880914e-01
2.900000000000011458e-01 -8.967790529773421726e-01
2.950000000000012612e-01 -8.900451583963669977e-01
3.000000000000011546e-01 -8.831405558799244604e-01
3.050000000000010481e-01 -8.760604782205857477e-01
3.100000000000011635e-01 -8.688049237885363540e-01
3.150000000000012790e-01 -8.613748476550765476e-01
3.200000000000011724e-01 -8.537654795859791479e-01
3.250000000000010658e-01 -8.459834976297654352e-01
3.300000000000011813e-01 -8.380279464823044977e-01
3.350000000000012967e-01 -8.298950112135000667e-01
3.400000000000011902e-01 -8.215856473603136978e-01
3.450000000000010836e-01 -8.131055755716599664e-01
3.500000000000011990e-01 -8.044471662201769790e-01
3.550000000000013145e-01 -7.956142347016222915e-01
3.600000000000012079e-01 -7.866115484562553606e-01
3.650000000000011013e-01 -7.774219432090260229e-01
3.700000000000012168e-01 -7.680625837006457290e-01
3.750000000000013323e-01 -7.585296550010182104e-01
3.800000000000012257e-01 -7.488241117157824478e-01
3.850000000000011191e-01 -7.389411847748644790e-01
3.900000000000012346e-01 -7.288808739454336605e-01
3.950000000000013500e-01 -7.186498561118580541e-01
4.000000000000012434e-01 -7.082376394596733293e-01
4.050000000000011369e-01 -6.976566236176379165e-01
4.100000000000012523e-01 -6.868934545841850481e-01
4.150000000000013678e-01 -6.759605331522263727e-01
4.200000000000012612e-01 -6.648549950391836605e-01
4.250000000000011546e-01 -6.535692136444933853e-01
4.300000000000012701e-01 -6.421079552442617855e-01
4.350000000000013856e-01 -6.304759898398853979e-01
4.400000000000012790e-01 -6.186647329655327043e-01
4.450000000000011724e-01 -6.066808615055717668e-01
4.500000000000012879e-01 -5.945234217856861791e-01
4.550000000000014033e-01 -5.821905057587511978e-01
4.600000000000012967e-01 -5.696802060761340103e-01
4.650000000000011902e-01 -5.569915690635182104e-01
4.700000000000013056e-01 -5.441360397440232477e-01
4.750000000000014211e-01 -5.310993116059191665e-01
4.800000000000013145e-01 -5.178871078592576227e-01
4.850000000000012079e-01 -5.045022885956652603e-01
4.900000000000013234e-01 -4.909439008393176040e-01
4.950000000000014388e-01 -4.772090833344347915e-01
5.000000000000013323e-01 -4.633006971039660415e-01
5.050000000000012257e-01 -4.492149272178150854e-01
5.100000000000013411e-01 -4.349546353974230728e-01
5.150000000000014566e-01 -4.205226822000779352e-01
5.200000000000013500e-01 -4.059104843241013727e-01
5.250000000000012434e-01 -3.911247174897082290e-01
5.300000000000013589e-01 -3.761663356040455541e-01
5.350000000000014744e-01 -3.610296168540455541e-01
5.400000000000013678e-01 -3.457240979828722915e-01
5.450000000000012612e-01 -3.302316584800221166e-01
5.500000000000013767e-01 -3.145751872275807104e-01
5.550000000000014921e-01 -2.987461009238697729e-01
5.600000000000013856e-01 -2.827291398485042295e-01
5.650000000000012790e-01 -2.665462408390678606e-01
5.700000000000013944e-01 -2.501897728712149105e-01
5.750000000000015099e-01 -2.336530599918998918e-01
5.800000000000014033e-01 -2.169427776885070047e-01
5.850000000000012967e-01 -2.000589278236813984e-01
5.900000000000014122e-01 -1.830005553261228046e-01
5.950000000000015277e-01 -1.657628918242491922e-01
6.000000000000014211e-01 -1.483573818755187235e-01
6.050000000000013145e-01 -1.307706733410097799e-01
6.100000000000014300e-01 -1.130142107781805100e-01
6.150000000000015454e-01 -9.507941111818328517e-02
6.200000000000014388e-01 -7.697008905828371661e-02
6.250000000000013323e-01 -5.868338380836323614e-02
6.300000000000014477e-01 -4.022883187875524874e-02
6.350000000000015632e-01 -2.159498871200159556e-02
6.400000000000014566e-01 -2.784715563882146378e-03
6.450000000000013500e-01 1.619531114689632886e-02
6.500000000000014655e-01 3.535462816349788789e-02
6.550000000000015810e-01 5.468656116269155626e-02
6.600000000000014744e-01 7.419587758473679406e-02
6.650000000000013678e-01 9.387876249953731878e-02
6.700000000000014833e-01 1.137342629312686620e-01
6.750000000000015987e-01 1.337671460873596230e-01
6.800000000000014921e-01 1.539716910860650101e-01
6.850000000000013856e-01 1.743564807634018221e-01
6.900000000000015010e-01 1.949138850263468781e-01
6.950000000000016165e-01 2.156467662948332586e-01
7.000000000000015099e-01 2.365522623817585268e-01
7.050000000000014033e-01 2.576313267286084452e-01
7.100000000000015188e-01 2.788896820797733822e-01
7.150000000000016342e-01 3.003197011361978808e-01
7.200000000000015277e-01 3.219223319842628994e-01
7.250000000000014211e-01 3.437033006279878178e-01
7.300000000000015365e-01 3.656616536258868733e-01
7.350000000000016520e-01 3.877859464205019036e-01
7.400000000000015454e-01 4.100942997551672020e-01
7.450000000000014388e-01 4.325752660456262388e-01
7.500000000000015543e-01 4.552240799470953503e-01
7.550000000000016698e-01 4.780521836887262621e-01
7.600000000000015632e-01 5.010586266230009356e-01
7.650000000000014566e-01 5.242348228871039906e-01
7.700000000000015721e-01 5.475864938284419337e-01
7.750000000000016875e-01 5.711165025654397764e-01
7.800000000000015810e-01 5.948162676590643683e-01
7.850000000000014744e-01 6.186924611042402544e-01
7.900000000000015898e-01 6.427431771821491280e-01
7.950000000000017053e-01 6.669731854285262385e-01
8.000000000000015987e-01 6.913729465390704432e-01
8.050000000000014921e-01 7.159481853536479035e-01
8.100000000000016076e-01 7.406941295425556460e-01
8.150000000000017231e-01 7.656203205055706063e-01
8.200000000000016165e-01 7.907210327043346920e-01
8.250000000000015099e-01 8.159914986985884466e-01
8.300000000000016254e-01 8.414450724898986378e-01
8.350000000000017408e-01 8.670664938922189036e-01
8.400000000000016342e-01 8.928643431804291763e-01
8.450000000000015277e-01 9.188357609613947430e-01
8.500000000000016431e-01 9.449807502619139710e-01
8.550000000000017586e-01 9.713040759611092367e-01
8.600000000000016520e-01 9.977990644342414894e-01
8.650000000000015454e-01 1.024470481724586435e+00
8.700000000000016609e-01 1.051314512203555651e+00
8.750000000000017764e-01 1.078335928200852223e+00
8.800000000000016698e-01 1.105529961577724762e+00
8.850000000000015632e-01 1.132899469166170903e+00
8.900000000000016787e-01 1.160443501017164536e+00
8.950000000000017941e-01 1.188161100429590888e+00
9.000000000000016875e-01 1.216054178244542427e+00
9.050000000000015810e-01 1.244121777528073736e+00
9.100000000000016964e-01 1.272361039585542031e+00
9.150000000000018119e-01 1.300774821016114302e+00
9.200000000000017053e-01 1.329366945364620634e+00
9.250000000000015987e-01 1.358131683600243278e+00
9.300000000000017142e-01 1.387074758467372604e+00
9.350000000000018296e-01 1.416182816430103131e+00
9.400000000000017231e-01 1.445473033637847848e+00
9.450000000000016165e-01 1.474935862404402442e+00
9.500000000000017319e-01 1.504573214036520667e+00
9.550000000000018474e-01 1.534386041277196355e+00
9.600000000000017408e-01 1.564368628366958447e+00
9.650000000000016342e-01 1.594526689668294139e+00
9.700000000000017497e-01 1.624863085971322008e+00
9.750000000000018652e-01 1.655374010262187667e+00
9.800000000000017586e-01 1.686058499087687679e+00
9.850000000000016520e-01 1.716914652316939183e+00
9.900000000000017675e-01 1.747947237157370992e+00
9.950000000000018829e-01 1.779155295743715115e+00
1.000000000000001776e+00 1.810535973339449711e+00
