-1.000000000000000000e+00 -3.220518013293746762e+00
-9.949999999999999956e-01 -3.182072546397227697e+00
-9.899999999999999911e-01 -3.143796833761859588e+00
-9.849999999999999867e-01 -3.105695641663748674e+00
-9.799999999999999822e-01 -3.067774694942761116e+00
-9.749999999999999778e-01 -3.030020640761483364e+00
-9.699999999999999734e-01 -2.992444922280389719e+00
-9.649999999999999689e-01 -2.955046589084792785e+00
-9.599999999999999645e-01 -2.917821822286475353e+00
-9.549999999999999600e-01 -2.880766809749308877e+00
-9.499999999999999556e-01 -2.843887274450514369e+00
-9.449999999999999512e-01 -2.807184168434593730e+00
-9.399999999999999467e-01 -2.770661306864473872e+00
-9.349999999999999423e-01 -2.734308198158521108e+00
-9.299999999999999378e-01 -2.698129611386809401e+00
-9.249999999999999334e-01 -2.662125547713491969e+00
-9.199999999999999289e-01 -2.626295051601607256e+00
-9.149999999999999245e-01 -2.590639078820947461e+00
-9.099999999999999201e-01 -2.555165258533213191e+00
-9.049999999999999156e-01 -2.519859283761013202e+00
-8.999999999999999112e-01 -2.484727831155884914e+00
-8.949999999999999067e-01 -2.449767085089240126e+00
-8.899999999999999023e-01 -2.414992307376939706e+00
-8.849999999999998979e-01 -2.380388235970292143e+00
-8.799999999999998934e-01 -2.345954873197603874e+00
-8.749999999999998890e-01 -2.311700799799416117e+00
-8.699999999999998845e-01 -2.277613620105091385e+00
-8.649999999999998801e-01 -2.243710499553833060e+00
-8.599999999999998757e-01 -2.209979040146697216e+00
-8.549999999999998712e-01 -2.176422102208141141e+00
-8.499999999999998668e-01 -2.143038734624985509e+00
-8.449999999999998623e-01 -2.109831795626211814e+00
-8.399999999999998579e-01 -2.076794610888589077e+00
-8.349999999999998535e-01 -2.043941485294032745e+00
-8.299999999999998490e-01 -2.011258113262135439e+00
-8.249999999999998446e-01 -1.978745449864197425e+00
-8.199999999999998401e-01 -1.946414936630878501e+00
-8.149999999999998357e-01 -1.914258947194445781e+00
-8.099999999999998312e-01 -1.882274618436474256e+00
-8.049999999999998268e-01 -1.850464812078405075e+00
-7.999999999999998224e-01 -1.818831435236040406e+00
-7.949999999999998179e-01 -1.787373534235063843e+00
-7.899999999999998135e-01 -1.756087295542362980e+00
-7.849999999999998090e-01 -1.724977486132535986e+00
-7.799999999999998046e-01 -1.694046967028532080e+00
-7.749999999999998002e-01 -1.663286202418509774e+00
-7.699999999999997957e-01 -1.632702820765677743e+00
-7.649999999999997913e-01 -1.602292054396945886e+00
-7.599999999999997868e-01 -1.572059625125381999e+00
-7.549999999999997824e-01 -1.541998857230771236e+00
-7.499999999999997780e-01 -1.512114519550356917e+00
-7.449999999999997735e-01 -1.482405656780008130e+00
-7.399999999999997691e-01 -1.452869409293759517e+00
-7.349999999999997646e-01 -1.423508638580221586e+00
-7.299999999999997602e-01 -1.394323343708071761e+00
-7.249999999999997558e-01 -1.365313524211648755e+00
-7.199999999999997513e-01 -1.336474413349185042e+00
-7.149999999999997469e-01 -1.307817453582662992e+00
-7.099999999999997424e-01 -1.279332155658755354e+00
-7.049999999999997380e-01 -1.251020426227603011e+00
-6.999999999999997335e-01 -1.222890848358053617e+00
-6.949999999999997291e-01 -1.194926256610903792e+00
-6.899999999999997247e-01 -1.167141908843893461e+00
-6.849999999999997202e-01 -1.139531130500960998e+00
-6.799999999999997158e-01 -1.112098688323873930e+00
-6.749999999999997113e-01 -1.084833139850649886e+00
-6.699999999999997069e-01 -1.057751650054830961e+00
-6.649999999999997025e-01 -1.030841821868795805e+00
-6.599999999999996980e-01 -1.004103655059713773e+00
-6.549999999999996936e-01 -9.775428719063140592e-01
-6.499999999999996891e-01 -9.511594719429351530e-01
-6.449999999999996847e-01 -9.249486870308257780e-01
-6.399999999999996803e-01 -8.989143316344209156e-01
-6.349999999999996758e-01 -8.730525912892855844e-01
-6.299999999999996714e-01 -8.473691880413182220e-01
-6.249999999999996669e-01 -8.218631686818637094e-01
-6.199999999999996625e-01 -7.965249955364354095e-01
-6.149999999999996581e-01 -7.713622991637177906e-01
-6.099999999999996536e-01 -7.463779391896762094e-01
-6.049999999999996492e-01 -7.215661942669041595e-01
-5.999999999999996447e-01 -6.969299256511815033e-01
-5.949999999999996403e-01 -6.724739014812596283e-01
-5.899999999999996358e-01 -6.481866771996803722e-01
-5.849999999999996314e-01 -6.240777907137610159e-01
-5.799999999999996270e-01 -6.001481949993260345e-01
-5.749999999999996225e-01 -5.763845386159457407e-01
-5.699999999999996181e-01 -5.528020796541907034e-01
-5.649999999999996136e-01 -5.293931898836828909e-01
-5.599999999999996092e-01 -5.061559617229588470e-01
-5.549999999999996048e-01 -4.830999314495213470e-01
-5.499999999999996003e-01 -4.602127012972571096e-01
-5.449999999999995959e-01 -4.375066694979407034e-01
-5.399999999999995914e-01 -4.149742061913795910e-01
-5.349999999999995870e-01 -3.926153123088963470e-01
-5.299999999999995826e-01 -3.704290327791907034e-01
-5.249999999999995781e-01 -3.484201371379979095e-01
-5.199999999999995737e-01 -3.265895776626505098e-01
-5.149999999999995692e-01 -3.049297268212624035e-01
-5.099999999999995648e-01 -2.834510740999914846e-01
-5.049999999999995604e-01 -2.621393139184303722e-01
-4.999999999999995559e-01 -2.410058912996985159e-01
-4.949999999999995515e-01 -2.200488984295018158e-01
-4.899999999999995470e-01 -1.992645196792520723e-01
-4.849999999999995426e-01 -1.786613402132727346e-01
-4.799999999999995381e-01 -1.582269606356360159e-01
-4.749999999999995337e-01 -1.379737787124551973e-01
-4.699999999999995293e-01 -1.178893983074314894e-01
-4.649999999999995248e-01 -9.798144671962037699e-02
-4.599999999999995204e-01 -7.825183292746916430e-02
-4.549999999999995159e-01 -5.869578739524260874e-02
-4.499999999999995115e-01 -3.931807872735337134e-02
-4.449999999999995071e-01 -2.011012432061508662e-02
-4.399999999999995026e-01 -1.079553336728368302e-03
-4.349999999999994982e-01 1.777744915440305704e-02
-4.299999999999994937e-01 3.646088222145661001e-02
-4.249999999999994893e-01 5.496216419256850366e-02
-4.199999999999994849e-01 7.329369190252944810e-02
-4.149999999999994804e-01 9.144306758522614820e-02
-4.099999999999994760e-01 1.094245970538966356e-01
-4.049999999999994715e-01 1.272316036570034781e-01
-3.999999999999994671e-01 1.448612270700894156e-01
-3.949999999999994627e-01 1.623163280832730093e-01
-3.899999999999994582e-01 1.795892775348536530e-01
-3.849999999999994538e-01 1.966991482126675406e-01
-3.799999999999994493e-01 2.136230526316128531e-01
-3.749999999999994449e-01 2.303772030222378531e-01
-3.699999999999994404e-01 2.469530163156948843e-01
-3.649999999999994360e-01 2.633590753480009594e-01
-3.599999999999994316e-01 2.795829828187040844e-01
-3.549999999999994271e-01 2.956409509583525219e-01
-3.499999999999994227e-01 3.115167668379060784e-01
-3.449999999999994182e-01 3.272180610160492220e-01
-3.399999999999994138e-01 3.427448325614593783e-01
-3.349999999999994094e-01 3.580942206840179720e-01
-3.299999999999994049e-01 3.732700398481599846e-01
-3.249999999999994005e-01 3.882703831709138909e-01
-3.199999999999993960e-01 4.030990655823759594e-01
-3.149999999999993916e-01 4.177455955009125033e-01
-3.099999999999993872e-01 4.322204638096652785e-01
-3.049999999999993827e-01 4.465217640913240471e-01
-2.999999999999993783e-01 4.606494954145662346e-01
-2.949999999999993738e-01 4.745931678275726595e-01
-2.899999999999993694e-01 4.883680394209138909e-01
-2.849999999999993650e-01 5.019683886143527785e-01
-2.799999999999993605e-01 5.153904009434543410e-01
-2.749999999999993561e-01 5.286436131513826409e-01
-2.699999999999993516e-01 5.417184877964816847e-01
-2.649999999999993472e-01 5.546102572056613722e-01
-2.599999999999993427e-01 5.673341799351535597e-01
-2.549999999999993383e-01 5.798788118931613722e-01
-2.499999999999993339e-01 5.922527361485324660e-01
-2.449999999999993294e-01 6.044502306553684035e-01
-2.399999999999993250e-01 6.164732027623019972e-01
-2.349999999999993205e-01 6.283197448878697911e-01
-2.299999999999993161e-01 6.399917650791965285e-01
-2.249999999999993117e-01 6.514854477076940098e-01
-2.199999999999993072e-01 6.628046081691197911e-01
-2.149999999999993028e-01 6.739492462306432286e-01
-2.099999999999992983e-01 6.849184082179479161e-01
-2.049999999999992939e-01 6.957140017124973097e-01
-1.999999999999992895e-01 7.063360262486301222e-01
-1.949999999999992850e-01 7.167758985246680536e-01
-1.899999999999992806e-01 7.270488784938268223e-01
-1.849999999999992761e-01 7.371368451799414911e-01
-1.799999999999992717e-01 7.470569656520299473e-01
-1.749999999999992673e-01 7.567977948869727411e-01
-1.699999999999992628e-01 7.663698240007422724e-01
-1.649999999999992584e-01 7.757616084358803787e-01
-1.599999999999992539e-01 7.849760101466588536e-01
-1.549999999999992495e-01 7.940216110377721348e-01
-1.499999999999992450e-01 8.028869674830846348e-01
-1.449999999999992406e-01 8.115787549699805536e-01
-1.399999999999992362e-01 8.200931592668555536e-01
-1.349999999999992317e-01 8.284349487452916661e-01
-1.299999999999992273e-01 8.365974472194127598e-01
-1.249999999999992228e-01 8.445901916652135411e-01
-1.199999999999992184e-01 8.524045987810157099e-01
-1.149999999999992140e-01 8.600473447526953974e-01
-1.099999999999992095e-01 8.675108001857213536e-01
-1.049999999999992051e-01 8.747997332188449660e-01
-9.999999999999920064e-02 8.819122360377721348e-01
-9.499999999999919620e-02 8.888492627824805536e-01
-8.999999999999919176e-02 8.956146281502358475e-01
-8.499999999999918732e-02 9.022016573521457472e-01
-7.999999999999918288e-02 9.086122556413672724e-01
-7.499999999999917843e-02 9.148511930192969599e-01
-6.999999999999917399e-02 9.209137013471834221e-01
-6.499999999999916955e-02 9.267978714137486973e-01
-5.999999999999916511e-02 9.325122881504855910e-01
-5.499999999999916067e-02 9.380493209987096348e-01
-4.999999999999915623e-02 9.434042022853307286e-01
-4.499999999999915179e-02 9.485931442408971348e-01
-3.999999999999914735e-02 9.536018415178321161e-01
-3.499999999999914291e-02 9.584369707676730910e-01
-2.999999999999913847e-02 9.630985305934361973e-01
-2.499999999999913403e-02 9.675846148106418410e-01
-1.999999999999912959e-02 9.718933153721652785e-01
-1.499999999999912514e-02 9.760246325108371535e-01
-9.999999999999120703e-03 9.799852419468723097e-01
-4.999999999999116262e-03 9.837665608442537346e-01
8.881784197001252323e-16 9.873762176661901036e-01
5.000000000000781597e-03 9.908113525538854161e-01
1.000000000000089706e-02 9.940662432286105910e-01
1.500000000000101252e-02 9.971466112706027785e-01
2.000000000000090594e-02 1.000056271609958358e+00
2.500000000000079936e-02 1.002786641410660096e+00
3.000000000000091482e-02 1.005342488345798202e+00
3.500000000000103029e-02 1.007726674136813827e+00
4.000000000000092371e-02 1.009926800784763046e+00
4.500000000000081712e-02 1.011962895915951677e+00
5.000000000000093259e-02 1.013818746135678239e+00
5.500000000000104805e-02 1.015494351909604021e+00
6.000000000000094147e-02 1.017003064678158708e+00
6.500000000000083489e-02 1.018328671977963396e+00
7.000000000000095035e-02 1.019484525715109058e+00
7.500000000000106581e-02 1.020464902446713396e+00
8.000000000000095923e-02 1.021264081989523120e+00
8.500000000000085265e-02 1.021894460712667652e+00
9.000000000000096811e-02 1.022348409221615739e+00
9.500000000000108358e-02 1.022625928447689958e+00
1.000000000000009770e-01 1.022727972065206714e+00
1.050000000000008704e-01 1.022652631561379977e+00
1.100000000000009859e-01 1.022407537727724858e+00
1.150000000000011013e-01 1.021986013679873295e+00
1.200000000000009948e-01 1.021386152069192477e+00
1.250000000000008882e-01 1.020616537128683277e+00
1.300000000000010036e-01 1.019663816952254720e+00
1.350000000000011191e-01 1.018542295723330326e+00
1.400000000000010125e-01 1.017243391304385014e+00
1.450000000000009059e-01 1.015769011044051595e+00
1.500000000000010214e-01 1.014119154476668783e+00
1.550000000000011369e-01 1.012289053230654545e+00
1.600000000000010303e-01 1.010289198421981283e+00
1.650000000000009237e-01 1.008117681770693608e+00
1.700000000000010392e-01 1.005764014023464270e+00
1.750000000000011546e-01 1.003235823410671301e+00
1.800000000000010481e-01 1.000536925095241614e+00
1.850000000000009415e-01 9.976587364739887276e-01
1.900000000000010569e-01 9.946069779629967966e-01
1.950000000000011724e-01 9.913835592392049589e-01
2.000000000000010658e-01 9.879779877896569529e-01
2.050000000000009592e-01 9.843978946386985340e-01
2.100000000000010747e-01 9.806509082495383778e-01
2.150000000000011902e-01 9.767236776474080839e-01
2.200000000000010836e-01 9.726181097152791777e-01
2.250000000000009770e-01 9.683361125002764025e-01
2.300000000000010925e-01 9.638862679070941963e-01
2.350000000000012079e-01 9.592590403567217150e-01
2.400000000000011013e-01 9.544496610119156399e-01
2.450000000000009948e-01 9.494743418703935900e-01
2.500000000000011102e-01 9.443206860973648586e-01
2.550000000000012257e-01 9.389925076916031399e-01
2.600000000000011191e-01 9.334859919558428087e-01
2.650000000000010125e-01 9.278059081929884711e-01
2.700000000000011280e-01 9.219541623546890774e-01
2.750000000000012434e-01 9.159221720705889025e-01
2.800000000000011369e-01 9.097147066435925522e-01
2.850000000000010303e-01 9.033346252340040961e-01
2.900000000000011458e-01 8.967790677501968899e-01
2.950000000000012612e-01 8.900451736348830023e-01
3.000000000000011546e-01 8.831405720497630396e-01
3.050000000000010481e-01 8.760604934591017523e-01
3.100000000000011635e-01 8.688049394927136460e-01
3.150000000000012790e-01 8.613748624279312649e-01
3.200000000000011724e-01 8.537654957558177271e-01
3.250000000000010658e-01 8.459835128682814398e-01
3.300000000000011813e-01 8.380279617208205023e-01
3.350000000000012967e-01 8.298950278489999333e-01
3.400000000000011902e-01 8.215856630644909897e-01
3.450000000000010836e-01 8.131055908101759711e-01
3.500000000000011990e-01 8.044471819243542710e-01
3.550000000000013145e-01 7.956142504057995835e-01
3.600000000000012079e-01 7.866115655574165144e-01
3.650000000000011013e-01 7.774219593788646021e-01
3.700000000000012168e-01 7.680625994048230210e-01
3.750000000000013323e-01 7.585296711708567896e-01
3.800000000000012257e-01 7.488241274199597397e-01
3.850000000000011191e-01 7.389412004790417710e-01
3.900000000000012346e-01 7.288808905809335270e-01
3.950000000000013500e-01 7.186498722816966334e-01
4.000000000000012434e-01 7.082376565608344832e-01
4.050000000000011369e-01 6.976566393218152085e-01
4.100000000000012523e-01 6.868934716853462019e-01
4.150000000000013678e-01 6.759605483907423773e-01
4.200000000000012612e-01 6.648550116746835270e-01
4.250000000000011546e-01 6.535692293486706772e-01
4.300000000000012701e-01 6.421079718797616520e-01
4.350000000000013856e-01 6.304760060097239771e-01
4.400000000000012790e-01 6.186647500666938582e-01
4.450000000000011724e-01 6.066808786067329207e-01
4.500000000000012879e-01 5.945234379555247584e-01
4.550000000000014033e-01 5.821905214629284897e-01
4.600000000000012967e-01 5.696802217803113022e-01
4.650000000000011902e-01 5.569915852333567896e-01
4.700000000000013056e-01 5.441360549825392523e-01
4.750000000000014211e-01 5.310993273100964585e-01
4.800000000000013145e-01 5.178871230977736273e-01
4.850000000000012079e-01 5.045023042998425522e-01
4.900000000000013234e-01 4.909439165434948960e-01
4.950000000000014388e-01 4.772090990386120835e-01
5.000000000000013323e-01 4.633007128081433335e-01
5.050000000000012257e-01 4.492149433876536646e-01
5.100000000000013411e-01 4.349546511016003647e-01
5.150000000000014566e-01 4.205226974385939398e-01
5.200000000000013500e-01 4.059104995626173773e-01
5.250000000000012434e-01 3.911247331938855210e-01
5.300000000000013589e-01 3.761663517738841334e-01
5.350000000000014744e-01 3.610296330238841334e-01
5.400000000000013678e-01 3.457241136870495835e-01
5.450000000000012612e-01 3.302316746498606959e-01
5.500000000000013767e-01 3.145752033974192896e-01
5.550000000000014921e-01 2.987461170937083521e-01
5.600000000000013856e-01 2.827291578809879580e-01
5.650000000000012790e-01 2.665462579402290144e-01
5.700000000000013944e-01 2.501897895067147770e-01
5.750000000000015099e-01 2.336530770930610457e-01
5.800000000000014033e-01 2.169427966523133078e-01
5.850000000000012967e-01 2.000589463218264141e-01
5.900000000000014122e-01 1.830005738242678204e-01
5.950000000000015277e-01 1.657629107880554953e-01
6.000000000000014211e-01 1.483574008393250265e-01
6.050000000000013145e-01 1.307706932361386576e-01
6.100000000000014300e-01 1.130142316046319900e-01
6.150000000000015454e-01 9.507943287595733983e-02
6.200000000000014388e-01 7.697011174738034589e-02
6.250000000000013323e-01 5.868340696312113886e-02
6.300000000000014477e-01 4.022885549917443876e-02
6.350000000000015632e-01 2.159501372940465444e-02
6.400000000000014566e-01 2.784742443930353622e-03
6.450000000000013500e-01 -1.619528333552554614e-02
6.500000000000014655e-01 -3.535460035212711211e-02
6.550000000000015810e-01 -5.468653148867563124e-02
6.600000000000014744e-01 -7.419584604807570594e-02
6.650000000000013678e-01 -9.387872956589236872e-02
6.700000000000014833e-01 -1.137342276693172755e-01
6.750000000000015987e-01 -1.337671098940856895e-01
6.800000000000014921e-01 -1.539716530301459274e-01
6.850000000000013856e-01 -1.743564403791763029e-01
6.900000000000015010e-01 -1.949138432451374969e-01
6.950000000000016165e-01 -2.156467212539948664e-01
7.000000000000015099e-01 -2.365522145469524107e-01
7.050000000000014033e-01 -2.576312770311571798e-01
7.100000000000015188e-01 -2.788896300540156803e-01
7.150000000000016342e-01 -3.003196421255208692e-01
7.200000000000015277e-01 -3.219222725079246006e-01
7.250000000000014211e-01 -3.437032392890043697e-01
7.300000000000015365e-01 -3.656615885616131267e-01
7.350000000000016520e-01 -3.877858766996152839e-01
7.400000000000015454e-01 -4.100942225836999855e-01
7.450000000000014388e-01 -4.325751856145300112e-01
7.500000000000015543e-01 -4.552239943937249622e-01
7.550000000000016698e-01 -4.780520948757268629e-01
7.600000000000015632e-01 -5.010585303594209394e-01
7.650000000000014566e-01 -5.242347205699272594e-01
7.700000000000015721e-01 -5.475863882516361913e-01
7.750000000000016875e-01 -5.711163923320211611e-01
7.800000000000015810e-01 -5.948161481124200067e-01
7.850000000000014744e-01 -6.186923350383378706e-01
7.900000000000015898e-01 -6.427430441313274345e-01
7.950000000000017053e-01 -6.669730425988175115e-01
8.000000000000015987e-01 -6.913727962587811193e-01
8.050000000000014921e-01 -7.159480243631489715e-01
8.100000000000016076e-01 -7.406939624984599790e-01
8.150000000000017231e-01 -7.656201427512653312e-01
8.200000000000016165e-01 -7.907208465681262455e-01
8.250000000000015099e-01 -8.159913046461381159e-01
8.300000000000016254e-01 -8.414448658645935497e-01
8.350000000000017408e-01 -8.670662728314139089e-01
8.400000000000016342e-01 -8.928641114094145737e-01
8.450000000000015277e-01 -9.188355189458318195e-01
8.500000000000016431e-01 -9.449804924138672790e-01
8.550000000000017586e-01 -9.713038036775626383e-01
8.600000000000016520e-01 -9.977987749212272606e-01
8.650000000000015454e-01 -1.024470176844749503e+00
8.700000000000016609e-01 -1.051314195682186536e+00
8.750000000000017764e-01 -1.078335595846999340e+00
8.800000000000016698e-01 -1.105529608734775238e+00
8.850000000000015632e-01 -1.132899099559415035e+00
8.900000000000016787e-01 -1.160443110921312027e+00
8.950000000000017941e-01 -1.188160692172948174e+00
9.000000000000016875e-01 -1.216053747170496635e+00
9.050000000000015810e-01 -1.244121325499270014e+00
9.100000000000016964e-01 -1.272360563808012657e+00
9.150000000000018119e-01 -1.300774327543456010e+00
9.200000000000017053e-01 -1.329366422555301241e+00
9.250000000000015987e-01 -1.358131133782569222e+00
9.300000000000017142e-01 -1.387074182572666459e+00
9.350000000000018296e-01 -1.416182219580639057e+00
9.400000000000017231e-01 -1.445472400932464652e+00
9.450000000000016165e-01 -1.474935200828019433e+00
9.500000000000017319e-01 -1.504572522657815270e+00
9.550000000000018474e-01 -1.534385321027491145e+00
9.600000000000017408e-01 -1.564367867604721241e+00
9.650000000000016342e-01 -1.594525892118815236e+00
9.700000000000017497e-01 -1.624862255825552992e+00
9.750000000000018652e-01 -1.655373136344257645e+00
9.800000000000017586e-01 -1.686057589779499821e+00
9.850000000000016520e-01 -1.716913701564896755e+00
9.900000000000017675e-01 -1.747946241236183695e+00
9.950000000000018829e-01 -1.779154259309995822e+00
1.000000000000001776e+00 -1.810534888476956539e+00
