-1.000000000000000000e+00 3.220518112182617188e+00
-9.949999999999999956e-01 3.182072639465332031e+00
-9.899999999999999911e-01 3.143796920776367188e+00
-9.849999999999999867e-01 3.105695724487304688e+00
-9.799999999999999822e-01 3.067774772644042969e+00
-9.749999999999999778e-01 3.030020713806152344e+00
-9.699999999999999734e-01 2.992444992065429688e+00
-9.649999999999999689e-01 2.955046653747558594e+00
-9.599999999999999645e-01 2.917821884155273438e+00
-9.549999999999999600e-01 2.880766868591308594e+00
-9.499999999999999556e-01 2.843887329101562500e+00
-9.449999999999999512e-01 2.807184219360351562e+00
-9.399999999999999467e-01 2.770661354064941406e+00
-9.349999999999999423e-01 2.734308242797851562e+00
-9.299999999999999378e-01 2.698129653930664062e+00
-9.249999999999999334e-01 2.662125587463378906e+00
-9.199999999999999289e-01 2.626295089721679688e+00
-9.149999999999999245e-01 2.590639114379882812e+00
-9.099999999999999201e-01 2.555165290832519531e+00
-9.049999999999999156e-01 2.519859313964843750e+00
-8.999999999999999112e-01 2.484727859497070312e+00
-8.949999999999999067e-01 2.449767112731933594e+00
-8.899999999999999023e-01 2.414992332458496094e+00
-8.849999999999998979e-01 2.380388259887695312e+00
-8.799999999999998934e-01 2.345954895019531250e+00
-8.749999999999998890e-01 2.311700820922851562e+00
-8.699999999999998845e-01 2.277613639831542969e+00
-8.649999999999998801e-01 2.243710517883300781e+00
-8.599999999999998757e-01 2.209979057312011719e+00
-8.549999999999998712e-01 2.176422119140625000e+00
-8.499999999999998668e-01 2.143038749694824219e+00
-8.449999999999998623e-01 2.109831809997558594e+00
-8.399999999999998579e-01 2.076794624328613281e+00
-8.349999999999998535e-01 2.043941497802734375e+00
-8.299999999999998490e-01 2.011258125305175781e+00
-8.249999999999998446e-01 1.978745460510253906e+00
-8.199999999999998401e-01 1.946414947509765625e+00
-8.149999999999998357e-01 1.914258956909179688e+00
-8.099999999999998312e-01 1.882274627685546875e+00
-8.049999999999998268e-01 1.850464820861816406e+00
-7.999999999999998224e-01 1.818831443786621094e+00
-7.949999999999998179e-01 1.787373542785644531e+00
-7.899999999999998135e-01 1.756087303161621094e+00
-7.849999999999998090e-01 1.724977493286132812e+00
-7.799999999999998046e-01 1.694046974182128906e+00
-7.749999999999998002e-01 1.663286209106445312e+00
-7.699999999999997957e-01 1.632702827453613281e+00
-7.649999999999997913e-01 1.602292060852050781e+00
-7.599999999999997868e-01 1.572059631347656250e+00
-7.549999999999997824e-01 1.541998863220214844e+00
-7.499999999999997780e-01 1.512114524841308594e+00
-7.449999999999997735e-01 1.482405662536621094e+00
-7.399999999999997691e-01 1.452869415283203125e+00
-7.349999999999997646e-01 1.423508644104003906e+00
-7.299999999999997602e-01 1.394323348999023438e+00
-7.249999999999997558e-01 1.365313529968261719e+00
-7.199999999999997513e-01 1.336474418640136719e+00
-7.149999999999997469e-01 1.307817459106445312e+00
-7.099999999999997424e-01 1.279332160949707031e+00
-7.049999999999997380e-01 1.251020431518554688e+00
-6.999999999999997335e-01 1.222890853881835938e+00
-6.949999999999997291e-01 1.194926261901855469e+00
-6.899999999999997247e-01 1.167141914367675781e+00
-6.849999999999997202e-01 1.139531135559082031e+00
-6.799999999999997158e-01 1.112098693847656250e+00
-6.749999999999997113e-01 1.084833145141601562e+00
-6.699999999999997069e-01 1.057751655578613281e+00
-6.649999999999997025e-01 1.030841827392578125e+00
-6.599999999999996980e-01 1.004103660583496094e+00
-6.549999999999996936e-01 9.775428771972656250e-01
-6.499999999999996891e-01 9.511594772338867188e-01
-6.449999999999996847e-01 9.249486923217773438e-01
-6.399999999999996803e-01 8.989143371582031250e-01
-6.349999999999996758e-01 8.730525970458984375e-01
-6.299999999999996714e-01 8.473691940307617188e-01
-6.249999999999996669e-01 8.218631744384765625e-01
-6.199999999999996625e-01 7.965250015258789062e-01
-6.149999999999996581e-01 7.713623046875000000e-01
-6.099999999999996536e-01 7.463779449462890625e-01
-6.049999999999996492e-01 7.215662002563476562e-01
-5.999999999999996447e-01 6.969299316406250000e-01
-5.949999999999996403e-01 6.724739074707031250e-01
-5.899999999999996358e-01 6.481866836547851562e-01
-5.849999999999996314e-01 6.240777969360351562e-01
-5.799999999999996270e-01 6.001482009887695312e-01
-5.749999999999996225e-01 5.763845443725585938e-01
-5.699999999999996181e-01 5.528020858764648438e-01
-5.649999999999996136e-01 5.293931961059570312e-01
-5.599999999999996092e-01 5.061559677124023438e-01
-5.549999999999996048e-01 4.830999374389648438e-01
-5.499999999999996003e-01 4.602127075195312500e-01
-5.449999999999995959e-01 4.375066757202148438e-01
-5.399999999999995914e-01 4.149742126464843750e-01
-5.349999999999995870e-01 3.926153182983398438e-01
-5.299999999999995826e-01 3.704290390014648438e-01
-5.249999999999995781e-01 3.484201431274414062e-01
-5.199999999999995737e-01 3.265895843505859375e-01
-5.149999999999995692e-01 3.049297332763671875e-01
-5.099999999999995648e-01 2.834510803222656250e-01
-5.049999999999995604e-01 2.621393203735351562e-01
-4.999999999999995559e-01 2.410058975219726562e-01
-4.949999999999995515e-01 2.200489044189453125e-01
-4.899999999999995470e-01 1.992645263671875000e-01
-4.849999999999995426e-01 1.786613464355468750e-01
-4.799999999999995381e-01 1.582269668579101562e-01
-4.749999999999995337e-01 1.379737854003906250e-01
-4.699999999999995293e-01 1.178894042968750000e-01
-4.649999999999995248e-01 9.798145294189453125e-02
-4.599999999999995204e-01 7.825183868408203125e-02
-4.549999999999995159e-01 5.869579315185546875e-02
-4.499999999999995115e-01 3.931808471679687500e-02
-4.449999999999995071e-01 2.011013031005859375e-02
-4.399999999999995026e-01 1.079559326171875000e-03
-4.349999999999994982e-01 -1.777744293212890625e-02
-4.299999999999994937e-01 -3.646087646484375000e-02
-4.249999999999994893e-01 -5.496215820312500000e-02
-4.199999999999994849e-01 -7.329368591308593750e-02
-4.149999999999994804e-01 -9.144306182861328125e-02
-4.099999999999994760e-01 -1.094245910644531250e-01
-4.049999999999994715e-01 -1.272315979003906250e-01
-3.999999999999994671e-01 -1.448612213134765625e-01
-3.949999999999994627e-01 -1.623163223266601562e-01
-3.899999999999994582e-01 -1.795892715454101562e-01
-3.849999999999994538e-01 -1.966991424560546875e-01
-3.799999999999994493e-01 -2.136230468750000000e-01
-3.749999999999994449e-01 -2.303771972656250000e-01
-3.699999999999994404e-01 -2.469530105590820312e-01
-3.649999999999994360e-01 -2.633590698242187500e-01
-3.599999999999994316e-01 -2.795829772949218750e-01
-3.549999999999994271e-01 -2.956409454345703125e-01
-3.499999999999994227e-01 -3.115167617797851562e-01
-3.449999999999994182e-01 -3.272180557250976562e-01
-3.399999999999994138e-01 -3.427448272705078125e-01
-3.349999999999994094e-01 -3.580942153930664062e-01
-3.299999999999994049e-01 -3.732700347900390625e-01
-3.249999999999994005e-01 -3.882703781127929688e-01
-3.199999999999993960e-01 -4.030990600585937500e-01
-3.149999999999993916e-01 -4.177455902099609375e-01
-3.099999999999993872e-01 -4.322204589843750000e-01
-3.049999999999993827e-01 -4.465217590332031250e-01
-2.999999999999993783e-01 -4.606494903564453125e-01
-2.949999999999993738e-01 -4.745931625366210938e-01
-2.899999999999993694e-01 -4.883680343627929688e-01
-2.849999999999993650e-01 -5.019683837890625000e-01
-2.799999999999993605e-01 -5.153903961181640625e-01
-2.749999999999993561e-01 -5.286436080932617188e-01
-2.699999999999993516e-01 -5.417184829711914062e-01
-2.649999999999993472e-01 -5.546102523803710938e-01
-2.599999999999993427e-01 -5.673341751098632812e-01
-2.549999999999993383e-01 -5.798788070678710938e-01
-2.499999999999993339e-01 -5.922527313232421875e-01
-2.449999999999993294e-01 -6.044502258300781250e-01
-2.399999999999993250e-01 -6.164731979370117188e-01
-2.349999999999993205e-01 -6.283197402954101562e-01
-2.299999999999993161e-01 -6.399917602539062500e-01
-2.249999999999993117e-01 -6.514854431152343750e-01
-2.199999999999993072e-01 -6.628046035766601562e-01
-2.149999999999993028e-01 -6.739492416381835938e-01
-2.099999999999992983e-01 -6.849184036254882812e-01
-2.049999999999992939e-01 -6.957139968872070312e-01
-1.999999999999992895e-01 -7.063360214233398438e-01
-1.949999999999992850e-01 -7.167758941650390625e-01
-1.899999999999992806e-01 -7.270488739013671875e-01
-1.849999999999992761e-01 -7.371368408203125000e-01
-1.799999999999992717e-01 -7.470569610595703125e-01
-1.749999999999992673e-01 -7.567977905273437500e-01
-1.699999999999992628e-01 -7.663698196411132812e-01
-1.649999999999992584e-01 -7.757616043090820312e-01
-1.599999999999992539e-01 -7.849760055541992188e-01
-1.549999999999992495e-01 -7.940216064453125000e-01
-1.499999999999992450e-01 -8.028869628906250000e-01
-1.449999999999992406e-01 -8.115787506103515625e-01
-1.399999999999992362e-01 -8.200931549072265625e-01
-1.349999999999992317e-01 -8.284349441528320312e-01
-1.299999999999992273e-01 -8.365974426269531250e-01
-1.249999999999992228e-01 -8.445901870727539062e-01
-1.199999999999992184e-01 -8.524045944213867188e-01
-1.149999999999992140e-01 -8.600473403930664062e-01
-1.099999999999992095e-01 -8.675107955932617188e-01
-1.049999999999992051e-01 -8.747997283935546875e-01
-9.999999999999920064e-02 -8.819122314453125000e-01
-9.499999999999919620e-02 -8.888492584228515625e-01
-8.999999999999919176e-02 -8.956146240234375000e-01
-8.499999999999918732e-02 -9.022016525268554688e-01
-7.999999999999918288e-02 -9.086122512817382812e-01
-7.499999999999917843e-02 -9.148511886596679688e-01
-6.999999999999917399e-02 -9.209136962890625000e-01
-6.499999999999916955e-02 -9.267978668212890625e-01
-5.999999999999916511e-02 -9.325122833251953125e-01
-5.499999999999916067e-02 -9.380493164062500000e-01
-4.999999999999915623e-02 -9.434041976928710938e-01
-4.499999999999915179e-02 -9.485931396484375000e-01
-3.999999999999914735e-02 -9.536018371582031250e-01
-3.499999999999914291e-02 -9.584369659423828125e-01
-2.999999999999913847e-02 -9.630985260009765625e-01
-2.499999999999913403e-02 -9.675846099853515625e-01
-1.999999999999912959e-02 -9.718933105468750000e-01
-1.499999999999912514e-02 -9.760246276855468750e-01
-9.999999999999120703e-03 -9.799852371215820312e-01
-4.999999999999116262e-03 -9.837665557861328125e-01
8.881784197001252323e-16 -9.873762130737304688e-01
5.000000000000781597e-03 -9.908113479614257812e-01
1.000000000000089706e-02 -9.940662384033203125e-01
1.500000000000101252e-02 -9.971466064453125000e-01
2.000000000000090594e-02 -1.000056266784667969e+00
2.500000000000079936e-02 -1.002786636352539062e+00
3.000000000000091482e-02 -1.005342483520507812e+00
3.500000000000103029e-02 -1.007726669311523438e+00
4.000000000000092371e-02 -1.009926795959472656e+00
4.500000000000081712e-02 -1.011962890625000000e+00
5.000000000000093259e-02 -1.013818740844726562e+00
5.500000000000104805e-02 -1.015494346618652344e+00
6.000000000000094147e-02 -1.017003059387207031e+00
6.500000000000083489e-02 -1.018328666687011719e+00
7.000000000000095035e-02 -1.019484519958496094e+00
7.500000000000106581e-02 -1.020464897155761719e+00
8.000000000000095923e-02 -1.021264076232910156e+00
8.500000000000085265e-02 -1.021894454956054688e+00
9.000000000000096811e-02 -1.022348403930664062e+00
9.500000000000108358e-02 -1.022625923156738281e+00
1.000000000000009770e-01 -1.022727966308593750e+00
1.050000000000008704e-01 -1.022652626037597656e+00
1.100000000000009859e-01 -1.022407531738281250e+00
1.150000000000011013e-01 -1.021986007690429688e+00
1.200000000000009948e-01 -1.021386146545410156e+00
1.250000000000008882e-01 -1.020616531372070312e+00
1.300000000000010036e-01 -1.019663810729980469e+00
1.350000000000011191e-01 -1.018542289733886719e+00
1.400000000000010125e-01 -1.017243385314941406e+00
1.450000000000009059e-01 -1.015769004821777344e+00
1.500000000000010214e-01 -1.014119148254394531e+00
1.550000000000011369e-01 -1.012289047241210938e+00
1.600000000000010303e-01 -1.010289192199707031e+00
1.650000000000009237e-01 -1.008117675781250000e+00
1.700000000000010392e-01 -1.005764007568359375e+00
1.750000000000011546e-01 -1.003235816955566406e+00
1.800000000000010481e-01 -1.000536918640136719e+00
1.850000000000009415e-01 -9.976587295532226562e-01
1.900000000000010569e-01 -9.946069717407226562e-01
1.950000000000011724e-01 -9.913835525512695312e-01
2.000000000000010658e-01 -9.879779815673828125e-01
2.050000000000009592e-01 -9.843978881835937500e-01
2.100000000000010747e-01 -9.806509017944335938e-01
2.150000000000011902e-01 -9.767236709594726562e-01
2.200000000000010836e-01 -9.726181030273437500e-01
2.250000000000009770e-01 -9.683361053466796875e-01
2.300000000000010925e-01 -9.638862609863281250e-01
2.350000000000012079e-01 -9.592590332031250000e-01
2.400000000000011013e-01 -9.544496536254882812e-01
2.450000000000009948e-01 -9.494743347167968750e-01
2.500000000000011102e-01 -9.443206787109375000e-01
2.550000000000012257e-01 -9.389925003051757812e-01
2.600000000000011191e-01 -9.334859848022460938e-01
2.650000000000010125e-01 -9.278059005737304688e-01
2.700000000000011280e-01 -9.219541549682617188e-01
2.750000000000012434e-01 -9.159221649169921875e-01
2.800000000000011369e-01 -9.097146987915039062e-01
2.850000000000010303e-01 -9.033346176147460938e-01
2.900000000000011458e-01 -8.967790603637695312e-01
2.950000000000012612e-01 -8.900451660156250000e-01
3.000000000000011546e-01 -8.831405639648437500e-01
3.050000000000010481e-01 -8.760604858398437500e-01
3.100000000000011635e-01 -8.688049316406250000e-01
3.150000000000012790e-01 -8.613748550415039062e-01
3.200000000000011724e-01 -8.537654876708984375e-01
3.250000000000010658e-01 -8.459835052490234375e-01
3.300000000000011813e-01 -8.380279541015625000e-01
3.350000000000012967e-01 -8.298950195312500000e-01
3.400000000000011902e-01 -8.215856552124023438e-01
3.450000000000010836e-01 -8.131055831909179688e-01
3.500000000000011990e-01 -8.044471740722656250e-01
3.550000000000013145e-01 -7.956142425537109375e-01
3.600000000000012079e-01 -7.866115570068359375e-01
3.650000000000011013e-01 -7.774219512939453125e-01
3.700000000000012168e-01 -7.680625915527343750e-01
3.750000000000013323e-01 -7.585296630859375000e-01
3.800000000000012257e-01 -7.488241195678710938e-01
3.850000000000011191e-01 -7.389411926269531250e-01
3.900000000000012346e-01 -7.288808822631835938e-01
3.950000000000013500e-01 -7.186498641967773438e-01
4.000000000000012434e-01 -7.082376480102539062e-01
4.050000000000011369e-01 -6.976566314697265625e-01
4.100000000000012523e-01 -6.868934631347656250e-01
4.150000000000013678e-01 -6.759605407714843750e-01
4.200000000000012612e-01 -6.648550033569335938e-01
4.250000000000011546e-01 -6.535692214965820312e-01
4.300000000000012701e-01 -6.421079635620117188e-01
4.350000000000013856e-01 -6.304759979248046875e-01
4.400000000000012790e-01 -6.186647415161132812e-01
4.450000000000011724e-01 -6.066808700561523438e-01
4.500000000000012879e-01 -5.945234298706054688e-01
4.550000000000014033e-01 -5.821905136108398438e-01
4.600000000000012967e-01 -5.696802139282226562e-01
4.650000000000011902e-01 -5.569915771484375000e-01
4.700000000000013056e-01 -5.441360473632812500e-01
4.750000000000014211e-01 -5.310993194580078125e-01
4.800000000000013145e-01 -5.178871154785156250e-01
4.850000000000012079e-01 -5.045022964477539062e-01
4.900000000000013234e-01 -4.909439086914062500e-01
4.950000000000014388e-01 -4.772090911865234375e-01
5.000000000000013323e-01 -4.633007049560546875e-01
5.050000000000012257e-01 -4.492149353027343750e-01
5.100000000000013411e-01 -4.349546432495117188e-01
5.150000000000014566e-01 -4.205226898193359375e-01
5.200000000000013500e-01 -4.059104919433593750e-01
5.250000000000012434e-01 -3.911247253417968750e-01
5.300000000000013589e-01 -3.761663436889648438e-01
5.350000000000014744e-01 -3.610296249389648438e-01
5.400000000000013678e-01 -3.457241058349609375e-01
5.450000000000012612e-01 -3.302316665649414062e-01
5.500000000000013767e-01 -3.145751953125000000e-01
5.550000000000014921e-01 -2.987461090087890625e-01
5.600000000000013856e-01 -2.827291488647460938e-01
5.650000000000012790e-01 -2.665462493896484375e-01
5.700000000000013944e-01 -2.501897811889648438e-01
5.750000000000015099e-01 -2.336530685424804688e-01
5.800000000000014033e-01 -2.169427871704101562e-01
5.850000000000012967e-01 -2.000589370727539062e-01
5.900000000000014122e-01 -1.830005645751953125e-01
5.950000000000015277e-01 -1.657629013061523438e-01
6.000000000000014211e-01 -1.483573913574218750e-01
6.050000000000013145e-01 -1.307706832885742188e-01
6.100000000000014300e-01 -1.130142211914062500e-01
6.150000000000015454e-01 -9.507942199707031250e-02
6.200000000000014388e-01 -7.697010040283203125e-02
6.250000000000013323e-01 -5.868339538574218750e-02
6.300000000000014477e-01 -4.022884368896484375e-02
6.350000000000015632e-01 -2.159500122070312500e-02
6.400000000000014566e-01 -2.784729003906250000e-03
6.450000000000013500e-01 1.619529724121093750e-02
6.500000000000014655e-01 3.535461425781250000e-02
6.550000000000015810e-01 5.468654632568359375e-02
6.600000000000014744e-01 7.419586181640625000e-02
6.650000000000013678e-01 9.387874603271484375e-02
6.700000000000014833e-01 1.137342453002929688e-01
6.750000000000015987e-01 1.337671279907226562e-01
6.800000000000014921e-01 1.539716720581054688e-01
6.850000000000013856e-01 1.743564605712890625e-01
6.900000000000015010e-01 1.949138641357421875e-01
6.950000000000016165e-01 2.156467437744140625e-01
7.000000000000015099e-01 2.365522384643554688e-01
7.050000000000014033e-01 2.576313018798828125e-01
7.100000000000015188e-01 2.788896560668945312e-01
7.150000000000016342e-01 3.003196716308593750e-01
7.200000000000015277e-01 3.219223022460937500e-01
7.250000000000014211e-01 3.437032699584960938e-01
7.300000000000015365e-01 3.656616210937500000e-01
7.350000000000016520e-01 3.877859115600585938e-01
7.400000000000015454e-01 4.100942611694335938e-01
7.450000000000014388e-01 4.325752258300781250e-01
7.500000000000015543e-01 4.552240371704101562e-01
7.550000000000016698e-01 4.780521392822265625e-01
7.600000000000015632e-01 5.010585784912109375e-01
7.650000000000014566e-01 5.242347717285156250e-01
7.700000000000015721e-01 5.475864410400390625e-01
7.750000000000016875e-01 5.711164474487304688e-01
7.800000000000015810e-01 5.948162078857421875e-01
7.850000000000014744e-01 6.186923980712890625e-01
7.900000000000015898e-01 6.427431106567382812e-01
7.950000000000017053e-01 6.669731140136718750e-01
8.000000000000015987e-01 6.913728713989257812e-01
8.050000000000014921e-01 7.159481048583984375e-01
8.100000000000016076e-01 7.406940460205078125e-01
8.150000000000017231e-01 7.656202316284179688e-01
8.200000000000016165e-01 7.907209396362304688e-01
8.250000000000015099e-01 8.159914016723632812e-01
8.300000000000016254e-01 8.414449691772460938e-01
8.350000000000017408e-01 8.670663833618164062e-01
8.400000000000016342e-01 8.928642272949218750e-01
8.450000000000015277e-01 9.188356399536132812e-01
8.500000000000016431e-01 9.449806213378906250e-01
8.550000000000017586e-01 9.713039398193359375e-01
8.600000000000016520e-01 9.977989196777343750e-01
8.650000000000015454e-01 1.024470329284667969e+00
8.700000000000016609e-01 1.051314353942871094e+00
8.750000000000017764e-01 1.078335762023925781e+00
8.800000000000016698e-01 1.105529785156250000e+00
8.850000000000015632e-01 1.132899284362792969e+00
8.900000000000016787e-01 1.160443305969238281e+00
8.950000000000017941e-01 1.188160896301269531e+00
9.000000000000016875e-01 1.216053962707519531e+00
9.050000000000015810e-01 1.244121551513671875e+00
9.100000000000016964e-01 1.272360801696777344e+00
9.150000000000018119e-01 1.300774574279785156e+00
9.200000000000017053e-01 1.329366683959960938e+00
9.250000000000015987e-01 1.358131408691406250e+00
9.300000000000017142e-01 1.387074470520019531e+00
9.350000000000018296e-01 1.416182518005371094e+00
9.400000000000017231e-01 1.445472717285156250e+00
9.450000000000016165e-01 1.474935531616210938e+00
9.500000000000017319e-01 1.504572868347167969e+00
9.550000000000018474e-01 1.534385681152343750e+00
9.600000000000017408e-01 1.564368247985839844e+00
9.650000000000016342e-01 1.594526290893554688e+00
9.700000000000017497e-01 1.624862670898437500e+00
9.750000000000018652e-01 1.655373573303222656e+00
9.800000000000017586e-01 1.686058044433593750e+00
9.850000000000016520e-01 1.716914176940917969e+00
9.900000000000017675e-01 1.747946739196777344e+00
9.950000000000018829e-01 1.779154777526855469e+00
1.000000000000001776e+00 1.810535430908203125e+00
