-1.000000000000000000e+00 3.348017200139551175e+00
-9.949999999999999956e-01 3.309389411332668285e+00
-9.899999999999999911e-01 3.270937523468115948e+00
-9.849999999999999867e-01 3.232661536545891057e+00
-9.799999999999999822e-01 3.194561450565997163e+00
-9.749999999999999778e-01 3.156637265528430270e+00
-9.699999999999999734e-01 3.118888981433193042e+00
-9.649999999999999689e-01 3.081316598280286367e+00
-9.599999999999999645e-01 3.043920116069707582e+00
-9.549999999999999600e-01 3.006699534801457130e+00
-9.499999999999999556e-01 2.969654854475537675e+00
-9.449999999999999512e-01 2.932786075091946110e+00
-9.399999999999999467e-01 2.896093196650683321e+00
-9.349999999999999423e-01 2.859576219151750642e+00
-9.299999999999999378e-01 2.823235142595146296e+00
-9.249999999999999334e-01 2.787069966980871616e+00
-9.199999999999999289e-01 2.751080692308925268e+00
-9.149999999999999245e-01 2.715267318579308142e+00
-9.099999999999999201e-01 2.679629845792021126e+00
-9.049999999999999156e-01 2.644168273947061998e+00
-8.999999999999999112e-01 2.608882603044433424e+00
-8.949999999999999067e-01 2.573772833084132294e+00
-8.899999999999999023e-01 2.538838964066160830e+00
-8.849999999999998979e-01 2.504080995990519032e+00
-8.799999999999998934e-01 2.469498928857205122e+00
-8.749999999999998890e-01 2.435092762666220434e+00
-8.699999999999998845e-01 2.400862497417566299e+00
-8.649999999999998801e-01 2.366808133111240053e+00
-8.599999999999998757e-01 2.332929669747242585e+00
-8.549999999999998712e-01 2.299227107325575226e+00
-8.499999999999998668e-01 2.265700445846236200e+00
-8.449999999999998623e-01 2.232349685309227283e+00
-8.399999999999998579e-01 2.199174825714546699e+00
-8.349999999999998535e-01 2.166175867062194449e+00
-8.299999999999998490e-01 2.133352809352173196e+00
-8.249999999999998446e-01 2.100705652584479388e+00
-8.199999999999998401e-01 2.068234396759116134e+00
-8.149999999999998357e-01 2.035939041876080768e+00
-8.099999999999998312e-01 2.003819587935374180e+00
-8.049999999999998268e-01 1.971876034936997923e+00
-7.999999999999998224e-01 1.940108382880949778e+00
-7.949999999999998179e-01 1.908516631767231519e+00
-7.899999999999998135e-01 1.877100781595842705e+00
-7.849999999999998090e-01 1.845860832366781779e+00
-7.799999999999998046e-01 1.814796784080049852e+00
-7.749999999999998002e-01 1.783908636735647368e+00
-7.699999999999997957e-01 1.753196390333573662e+00
-7.649999999999997913e-01 1.722660044873830065e+00
-7.599999999999997868e-01 1.692299600356415690e+00
-7.549999999999997824e-01 1.662115056781328981e+00
-7.499999999999997780e-01 1.632106414148572160e+00
-7.449999999999997735e-01 1.602273672458143672e+00
-7.399999999999997691e-01 1.572616831710045515e+00
-7.349999999999997646e-01 1.543135891904276358e+00
-7.299999999999997602e-01 1.513830853040835756e+00
-7.249999999999997558e-01 1.484701715119723930e+00
-7.199999999999997513e-01 1.455748478140941105e+00
-7.149999999999997469e-01 1.426971142104488166e+00
-7.099999999999997424e-01 1.398369707010364893e+00
-7.049999999999997380e-01 1.369944172858569287e+00
-6.999999999999997335e-01 1.341694539649102680e+00
-6.949999999999997291e-01 1.313620807381965960e+00
-6.899999999999997247e-01 1.285722976057157574e+00
-6.849999999999997202e-01 1.258001045674679075e+00
-6.799999999999997158e-01 1.230455016234529353e+00
-6.749999999999997113e-01 1.203084887736709296e+00
-6.699999999999997069e-01 1.175890660181217573e+00
-6.649999999999997025e-01 1.148872333568055071e+00
-6.599999999999996980e-01 1.122029907897221568e+00
-6.549999999999996936e-01 1.095363383168717508e+00
-6.499999999999996891e-01 1.068872759382542004e+00
-6.449999999999996847e-01 1.042558036538696165e+00
-6.399999999999996803e-01 1.016419214637179325e+00
-6.349999999999996758e-01 9.904562936779915949e-01
-6.299999999999996714e-01 9.646692736611329755e-01
-6.249999999999996669e-01 9.390581545866028002e-01
-6.199999999999996625e-01 9.136229364544022902e-01
-6.149999999999996581e-01 8.883636192645308904e-01
-6.099999999999996536e-01 8.632802030169880458e-01
-6.049999999999996492e-01 8.383726877117747556e-01
-5.999999999999996447e-01 8.136410733488906866e-01
-5.949999999999996403e-01 7.890853599283356168e-01
-5.899999999999996358e-01 7.647055474501096572e-01
-5.849999999999996314e-01 7.405016359142123639e-01
-5.799999999999996270e-01 7.164736253206445138e-01
-5.749999999999996225e-01 6.926215156694058850e-01
-5.699999999999996181e-01 6.689453069604959223e-01
-5.649999999999996136e-01 6.454449991939152920e-01
-5.599999999999996092e-01 6.221205923696637718e-01
-5.549999999999996048e-01 5.989720864877414730e-01
-5.499999999999996003e-01 5.759994815481482844e-01
-5.449999999999995959e-01 5.532027775508836509e-01
-5.399999999999995914e-01 5.305819744959484607e-01
-5.349999999999995870e-01 5.081370723833424918e-01
-5.299999999999995826e-01 4.858680712130651891e-01
-5.249999999999995781e-01 4.637749709851173296e-01
-5.199999999999995737e-01 4.418577716994986360e-01
-5.149999999999995692e-01 4.201164733562088305e-01
-5.099999999999995648e-01 3.985510759552482463e-01
-5.049999999999995604e-01 3.771615794966163282e-01
-4.999999999999995559e-01 3.559479839803140755e-01
-4.949999999999995515e-01 3.349102894063407665e-01
-4.899999999999995470e-01 3.140484957746961792e-01
-4.849999999999995426e-01 2.933626030853809796e-01
-4.799999999999995381e-01 2.728526113383949459e-01
-4.749999999999995337e-01 2.525185205337380778e-01
-4.699999999999995293e-01 2.323603306714101813e-01
-4.649999999999995248e-01 2.123780417514109231e-01
-4.599999999999995204e-01 1.925716537737412470e-01
-4.549999999999995159e-01 1.729411667384007367e-01
-4.499999999999995115e-01 1.534865806453887815e-01
-4.449999999999995071e-01 1.342078954947063807e-01
-4.399999999999995026e-01 1.151051112863530207e-01
-4.349999999999994982e-01 9.617822802032872931e-02
-4.299999999999994937e-01 7.742724569663361756e-02
-4.249999999999994893e-01 5.885216431526717196e-02
-4.199999999999994849e-01 4.045298387623016273e-02
-4.149999999999994804e-01 2.222970437952232967e-02
-4.099999999999994760e-01 4.182325825143176634e-03
-4.049999999999994715e-01 -1.368915178690655043e-02
-3.999999999999994671e-01 -3.138472845662722277e-02
-3.949999999999994627e-01 -4.890440418401871547e-02
-3.899999999999994582e-01 -6.624817896908127834e-02
-3.849999999999994538e-01 -8.341605281181492526e-02
-3.799999999999994493e-01 -1.004080257122192538e-01
-3.749999999999994449e-01 -1.172240976702944165e-01
-3.699999999999994404e-01 -1.338642686860408992e-01
-3.649999999999994360e-01 -1.503285387594578137e-01
-3.599999999999994316e-01 -1.666169078905458123e-01
-3.549999999999994271e-01 -1.827293760793046451e-01
-3.499999999999994227e-01 -1.986659433257343954e-01
-3.449999999999994182e-01 -2.144266096298353685e-01
-3.399999999999994138e-01 -2.300113749916070094e-01
-3.349999999999994094e-01 -2.454202394110495122e-01
-3.299999999999994049e-01 -2.606532028881631824e-01
-3.249999999999994005e-01 -2.757102654229475758e-01
-3.199999999999993960e-01 -2.905914270154027479e-01
-3.149999999999993916e-01 -3.052966876655289208e-01
-3.099999999999993872e-01 -3.198260473733259834e-01
-3.049999999999993827e-01 -3.341795061387941579e-01
-2.999999999999993783e-01 -3.483570639619331111e-01
-2.949999999999993738e-01 -3.623587208427428985e-01
-2.899999999999993694e-01 -3.761844767812237977e-01
-2.849999999999993650e-01 -3.898343317773754757e-01
-2.799999999999993605e-01 -4.033082858311979879e-01
-2.749999999999993561e-01 -4.166063389426914454e-01
-2.699999999999993516e-01 -4.297284911118557926e-01
-2.649999999999993472e-01 -4.426747423386912517e-01
-2.599999999999993427e-01 -4.554450926231975449e-01
-2.549999999999993383e-01 -4.680395419653745614e-01
-2.499999999999993339e-01 -4.804580903652228563e-01
-2.449999999999993294e-01 -4.927007378227417633e-01
-2.399999999999993250e-01 -5.047674843379316156e-01
-2.349999999999993205e-01 -5.166583299107923022e-01
-2.299999999999993161e-01 -5.283732745413239895e-01
-2.249999999999993117e-01 -5.399123182295267886e-01
-2.199999999999993072e-01 -5.512754609754002555e-01
-2.149999999999993028e-01 -5.624627027789446121e-01
-2.099999999999992983e-01 -5.734740436401601915e-01
-2.049999999999992939e-01 -5.843094835590464386e-01
-1.999999999999992895e-01 -5.949690225356034645e-01
-1.949999999999992850e-01 -6.054526605698317132e-01
-1.899999999999992806e-01 -6.157603976617305186e-01
-1.849999999999992761e-01 -6.258922338113005468e-01
-1.799999999999992717e-01 -6.358481690185411317e-01
-1.749999999999992673e-01 -6.456282032834530504e-01
-1.699999999999992628e-01 -6.552323366060357479e-01
-1.649999999999992584e-01 -6.646605689862892241e-01
-1.599999999999992539e-01 -6.739129004242137011e-01
-1.549999999999992495e-01 -6.829893309198092899e-01
-1.499999999999992450e-01 -6.918898604730754354e-01
-1.449999999999992406e-01 -7.006144890840126926e-01
-1.399999999999992362e-01 -7.091632167526208397e-01
-1.349999999999992317e-01 -7.175360434788997654e-01
-1.299999999999992273e-01 -7.257329692628498030e-01
-1.249999999999992228e-01 -7.337539941044705083e-01
-1.199999999999992184e-01 -7.415991180037623254e-01
-1.149999999999992140e-01 -7.492683409607251432e-01
-1.099999999999992095e-01 -7.567616629753585178e-01
-1.049999999999992051e-01 -7.640790840476631152e-01
-9.999999999999920064e-02 -7.712206041776384913e-01
-9.499999999999919620e-02 -7.781862233652847571e-01
-8.999999999999919176e-02 -7.849759416106021348e-01
-8.499999999999918732e-02 -7.915897589135900692e-01
-7.999999999999918288e-02 -7.980276752742493374e-01
-7.499999999999917843e-02 -8.042896906925792733e-01
-6.999999999999917399e-02 -8.103758051685800989e-01
-6.499999999999916955e-02 -8.162860187022519254e-01
-5.999999999999916511e-02 -8.220203312935947526e-01
-5.499999999999916067e-02 -8.275787429426082475e-01
-4.999999999999915623e-02 -8.329612536492928543e-01
-4.499999999999915179e-02 -8.381678634136481287e-01
-3.999999999999914735e-02 -8.431985722356745150e-01
-3.499999999999914291e-02 -8.480533801153717910e-01
-2.999999999999913847e-02 -8.527322870527399568e-01
-2.499999999999913403e-02 -8.572352930477790123e-01
-1.999999999999912959e-02 -8.615623981004889576e-01
-1.499999999999912514e-02 -8.657136022108699036e-01
-9.999999999999120703e-03 -8.696889053789217394e-01
-4.999999999999116262e-03 -8.734883076046444650e-01
8.881784197001252323e-16 -8.771118088880380803e-01
5.000000000000781597e-03 -8.805594092291025854e-01
1.000000000000089706e-02 -8.838311086278382023e-01
1.500000000000101252e-02 -8.869269070842444869e-01
2.000000000000090594e-02 -8.898468045983218833e-01
2.500000000000079936e-02 -8.925908011700698363e-01
3.000000000000091482e-02 -8.951588967994891233e-01
3.500000000000103029e-02 -8.975510914865791889e-01
4.000000000000092371e-02 -8.997673852313400333e-01
4.500000000000081712e-02 -9.018077780337717675e-01
5.000000000000093259e-02 -9.036722698938746134e-01
5.500000000000104805e-02 -9.053608608116483492e-01
6.000000000000094147e-02 -9.068735507870927526e-01
6.500000000000083489e-02 -9.082103398202083788e-01
7.000000000000095035e-02 -9.093712279109947838e-01
7.500000000000106581e-02 -9.103562150594520785e-01
8.000000000000095923e-02 -9.111653012655802630e-01
8.500000000000085265e-02 -9.117984865293793373e-01
9.000000000000096811e-02 -9.122557708508494123e-01
9.500000000000108358e-02 -9.125371542299903771e-01
1.000000000000009770e-01 -9.126426366668023427e-01
1.050000000000008704e-01 -9.125722181612849759e-01
1.100000000000009859e-01 -9.123258987134387210e-01
1.150000000000011013e-01 -9.119036783232633558e-01
1.200000000000009948e-01 -9.113055569907588804e-01
1.250000000000008882e-01 -9.105315347159252948e-01
1.300000000000010036e-01 -9.095816114987627099e-01
1.350000000000011191e-01 -9.084557873392707927e-01
1.400000000000010125e-01 -9.071540622374500984e-01
1.450000000000009059e-01 -9.056764361933000718e-01
1.500000000000010214e-01 -9.040229092068210459e-01
1.550000000000011369e-01 -9.021934812780129098e-01
1.600000000000010303e-01 -9.001881524068757745e-01
1.650000000000009237e-01 -8.980069225934095289e-01
1.700000000000010392e-01 -8.956497918376141731e-01
1.750000000000011546e-01 -8.931167601394897071e-01
1.800000000000010481e-01 -8.904078274990361308e-01
1.850000000000009415e-01 -8.875229939162536663e-01
1.900000000000010569e-01 -8.844622593911417585e-01
1.950000000000011724e-01 -8.812256239237008515e-01
2.000000000000010658e-01 -8.778130875139310563e-01
2.050000000000009592e-01 -8.742246501618321508e-01
2.100000000000010747e-01 -8.704603118674039131e-01
2.150000000000011902e-01 -8.665200726306465651e-01
2.200000000000010836e-01 -8.624039324515606619e-01
2.250000000000009770e-01 -8.581118913301452045e-01
2.300000000000010925e-01 -8.536439492664007478e-01
2.350000000000012079e-01 -8.490001062603271809e-01
2.400000000000011013e-01 -8.441803623119246147e-01
2.450000000000009948e-01 -8.391847174211930493e-01
2.500000000000011102e-01 -8.340131715881322627e-01
2.550000000000012257e-01 -8.286657248127422548e-01
2.600000000000011191e-01 -8.231423770950231367e-01
2.650000000000010125e-01 -8.174431284349755744e-01
2.700000000000011280e-01 -8.115679788325981248e-01
2.750000000000012434e-01 -8.055169282878916759e-01
2.800000000000011369e-01 -7.992899768008566719e-01
2.850000000000010303e-01 -7.928871243714922246e-01
2.900000000000011458e-01 -7.863083709997986670e-01
2.950000000000012612e-01 -7.795537166857758882e-01
3.000000000000011546e-01 -7.726231614294245542e-01
3.050000000000010481e-01 -7.655167052307436659e-01
3.100000000000011635e-01 -7.582343480897337784e-01
3.150000000000012790e-01 -7.507760900063946696e-01
3.200000000000011724e-01 -7.431419309807267837e-01
3.250000000000010658e-01 -7.353318710127298985e-01
3.300000000000011813e-01 -7.273459101024035700e-01
3.350000000000012967e-01 -7.191840482497481313e-01
3.400000000000011902e-01 -7.108462854547636933e-01
3.450000000000010836e-01 -7.023326217174507002e-01
3.500000000000011990e-01 -6.936430570378077087e-01
3.550000000000013145e-01 -6.847775914158359400e-01
3.600000000000012079e-01 -6.757362248515352832e-01
3.650000000000011013e-01 -6.665189573449057381e-01
3.700000000000012168e-01 -6.571257888959467497e-01
3.750000000000013323e-01 -6.475567195046582070e-01
3.800000000000012257e-01 -6.378117491710417752e-01
3.850000000000011191e-01 -6.278908778950954561e-01
3.900000000000012346e-01 -6.177941056768200268e-01
3.950000000000013500e-01 -6.075214325162154871e-01
4.000000000000012434e-01 -5.970728584132822814e-01
4.050000000000011369e-01 -5.864483833680200764e-01
4.100000000000012523e-01 -5.756480073804283171e-01
4.150000000000013678e-01 -5.646717304505074475e-01
4.200000000000012612e-01 -5.535195525782574677e-01
4.250000000000011546e-01 -5.421914737636792658e-01
4.300000000000012701e-01 -5.306874940067707325e-01
4.350000000000013856e-01 -5.190076133075335330e-01
4.400000000000012790e-01 -5.071518316659675563e-01
4.450000000000011724e-01 -4.951201490820725803e-01
4.500000000000012879e-01 -4.829125655558481611e-01
4.550000000000014033e-01 -4.705290810872940765e-01
4.600000000000012967e-01 -4.579696956764122695e-01
4.650000000000011902e-01 -4.452344093232005751e-01
4.700000000000013056e-01 -4.323232220276596594e-01
4.750000000000014211e-01 -4.192361337897896889e-01
4.800000000000013145e-01 -4.059731446095911633e-01
4.850000000000012079e-01 -3.925342544870635275e-01
4.900000000000013234e-01 -3.789194634222062819e-01
4.950000000000014388e-01 -3.651287714150199815e-01
5.000000000000013323e-01 -3.511621784655045708e-01
5.050000000000012257e-01 -3.370196845736610491e-01
5.100000000000013411e-01 -3.227012897394870294e-01
5.150000000000014566e-01 -3.082069939629843436e-01
5.200000000000013500e-01 -2.935367972441531026e-01
5.250000000000012434e-01 -2.786906995829928069e-01
5.300000000000013589e-01 -2.636687009795027903e-01
5.350000000000014744e-01 -2.484708014336832749e-01
5.400000000000013678e-01 -2.330970009455362035e-01
5.450000000000012612e-01 -2.175472995150589395e-01
5.500000000000013767e-01 -2.018216971422526207e-01
5.550000000000014921e-01 -1.859201938271172472e-01
5.600000000000013856e-01 -1.698427895696533463e-01
5.650000000000012790e-01 -1.535894843698603629e-01
5.700000000000013944e-01 -1.371602782277377142e-01
5.750000000000015099e-01 -1.205551711432858719e-01
5.800000000000014033e-01 -1.037741631165049888e-01
5.850000000000012967e-01 -8.681725414739629998e-02
5.900000000000014122e-01 -6.968444423595668291e-02
5.950000000000015277e-01 -5.237573338218851071e-02
6.000000000000014211e-01 -3.489112158609191522e-02
6.050000000000013145e-01 -1.723060884766688949e-02
6.100000000000014300e-01 6.058048330898148414e-04
6.150000000000015454e-01 1.861811945617432296e-02
6.200000000000014388e-01 3.680633502158663084e-02
6.250000000000013323e-01 5.517045152932924940e-02
6.300000000000014477e-01 7.371046897940103371e-02
6.350000000000015632e-01 9.242638737180187969e-02
6.400000000000014566e-01 1.113182067065305314e-01
6.450000000000013500e-01 1.303859269835894730e-01
6.500000000000014655e-01 1.496295482029776081e-01
6.550000000000015810e-01 1.690490703646949366e-01
6.600000000000014744e-01 1.886444934687411534e-01
6.650000000000013678e-01 2.084158175151152037e-01
6.700000000000014833e-01 2.283630425038196687e-01
6.750000000000015987e-01 2.484861684348533273e-01
6.800000000000014921e-01 2.687851953082158740e-01
6.850000000000013856e-01 2.892601231239076420e-01
6.900000000000015010e-01 3.099109518819285758e-01
6.950000000000016165e-01 3.307376815822784533e-01
7.000000000000015099e-01 3.517403122249559977e-01
7.050000000000014033e-01 3.729188438099642067e-01
7.100000000000015188e-01 3.942732763373013039e-01
7.150000000000016342e-01 4.158036098069676778e-01
7.200000000000015277e-01 4.375098442189631620e-01
7.250000000000014211e-01 4.593919795732860911e-01
7.300000000000015365e-01 4.814500158699396848e-01
7.350000000000016520e-01 5.036839531089222222e-01
7.400000000000015454e-01 5.260937912902339253e-01
7.450000000000014388e-01 5.486795304138732954e-01
7.500000000000015543e-01 5.714411704798431080e-01
7.550000000000016698e-01 5.943787114881439182e-01
7.600000000000015632e-01 6.174921534387702859e-01
7.650000000000014566e-01 6.407814963317258750e-01
7.700000000000015721e-01 6.642467401670139049e-01
7.750000000000016875e-01 6.878878849446293797e-01
7.800000000000015810e-01 7.117049306645720774e-01
7.850000000000014744e-01 7.356978773268456617e-01
7.900000000000015898e-01 7.598667249314483563e-01
7.950000000000017053e-01 7.842114734783800500e-01
8.000000000000015987e-01 8.087321229676391887e-01
8.050000000000014921e-01 8.334286733992296581e-01
8.100000000000016076e-01 8.583011247731486826e-01
8.150000000000017231e-01 8.833494770893968173e-01
8.200000000000016165e-01 9.085737303479740623e-01
8.250000000000015099e-01 9.339738845488785302e-01
8.300000000000016254e-01 9.595499396921139956e-01
8.350000000000017408e-01 9.853018957776783493e-01
8.400000000000016342e-01 1.011229752805572035e+00
8.450000000000015277e-01 1.037333510775794609e+00
8.500000000000016431e-01 1.063613169688346405e+00
8.550000000000017586e-01 1.090068729543227199e+00
8.600000000000016520e-01 1.116700190340435217e+00
8.650000000000015454e-01 1.143507552079974454e+00
8.700000000000016609e-01 1.170490814761842469e+00
8.750000000000017764e-01 1.197649978386039926e+00
8.800000000000016698e-01 1.224985042952565939e+00
8.850000000000015632e-01 1.252496008461419619e+00
8.900000000000016787e-01 1.280182874912604074e+00
8.950000000000017941e-01 1.308045642306117751e+00
9.000000000000016875e-01 1.336084310641960426e+00
9.050000000000015810e-01 1.364298879920129881e+00
9.100000000000016964e-01 1.392689350140630777e+00
9.150000000000018119e-01 1.421255721303462893e+00
9.200000000000017053e-01 1.449997993408620012e+00
9.250000000000015987e-01 1.478916166456106129e+00
9.300000000000017142e-01 1.508010240445925021e+00
9.350000000000018296e-01 1.537280215378071579e+00
9.400000000000017231e-01 1.566726091252544917e+00
9.450000000000016165e-01 1.596347868069349030e+00
9.500000000000017319e-01 1.626145545828482808e+00
9.550000000000018474e-01 1.656119124529945363e+00
9.600000000000017408e-01 1.686268604173734920e+00
9.650000000000016342e-01 1.716593984759855918e+00
9.700000000000017497e-01 1.747095266288305915e+00
9.750000000000018652e-01 1.777772448759085355e+00
9.800000000000017586e-01 1.808625532172193129e+00
9.850000000000016520e-01 1.839654516527628125e+00
9.900000000000017675e-01 1.870859401825394341e+00
9.950000000000018829e-01 1.902240188065490001e+00
1.000000000000001776e+00 1.933796875247914437e+00
